0.9916398313530411 -0.041626332647354894 0.12213800925364775 0.10580880942208946 0.03312152475428942 0.9969365167582489 0.07085581240717592 0.0075249376227202545 -0.1247132965930522 -0.0662180416720244 0.9899805879965656 0.9634053339806443
0.9983497465904868 -0.055857663342651284 0.01333060120961517 0.0780732334079188 0.05533664855761001 0.997793463237759 0.03668869098796924 -0.0730994041350675 -0.015350529689682263 -0.03589047049251139 0.9992377271530947 1.8294282514134335
0.9934005005633634 -0.03728972990545414 0.10846622296382082 0.23770253366403607 0.03366186652713664 0.9988171418267922 0.03508840171433773 -0.15450066263347786 -0.10964634880124144 -0.03120565671014198 0.9934805912466813 2.6954836533785507
0.9626622248592446 0.06438331274636667 0.2629376919896663 0.4304056168416703 -0.0628137558408967 0.9979216625356815 -0.014380108455151464 -0.19160394284674614 -0.2633170314071678 -0.0026729160390870765 0.9647055491137049 3.573527932406269
0.9335735653347217 0.012534235552775313 0.35816656885773623 0.8113870621732403 -0.0026251373062090334 0.9996005712352323 -0.02813905898072863 -0.2328906793701486 -0.35837617254124443 0.025329643141959155 0.9332334799679013 4.409154927852558
0.9428130472099422 -0.04786230610511849 0.3298677881591398 1.1006878615636568 0.025054601864366966 0.9970133646708998 0.07305215666241066 -0.14361566178327023 -0.3323790047591403 -0.060609813792139235 0.9411962854088489 5.259974907343318
0.9135876744624057 -0.016453986519634974 0.4063087833138548 1.4357467891172724 -0.008457200421054792 0.998196097184883 0.05943927427135706 -0.2775888130321607 -0.4065538140795722 -0.057739216915854936 0.9118004052901636 6.068662990207572
0.8904425811677232 -0.07964168947170094 0.4480727741577877 1.836080312887316 0.11363655063678185 0.9922907891790717 -0.04945426240223511 -0.19401734901004813 -0.44067982150559976 0.09495361652845342 0.8926280891983908 6.884479787927654
0.830978729406233 -0.09057335309563161 0.5488814252490392 2.202557087120591 0.09953130731436013 0.9949429207367725 0.013494567057701239 -0.24024700933273122 -0.547327881743344 0.043417183758230914 0.8357912047998938 7.6578528375714505
0.824496901125111 -0.05960711133525663 0.5627182708188488 2.6903767587687017 0.09730000204483386 0.9945591285169488 -0.03721356588238595 -0.25042211805960446 -0.5574383440326609 0.08543495058078264 0.8258106089300343 8.403230780468101
0.7660405874640852 -0.051995539144318516 0.6406857905922144 3.2002463342861116 0.08202130196427082 0.9964821662873411 -0.0171987876135003 -0.30804139153822013 -0.6375376404555909 0.06572484596338331 0.7676104491377234 9.152865448239524
0.7476645944580558 -0.06651998752273894 0.6607365174211621 3.699079990613511 0.14026036607670264 0.9883425684555832 -0.05921146077112338 -0.3563254451634579 -0.6490952160572978 0.1369454453937036 0.7482787886058646 9.874916042843594
0.6988244207086435 -0.015235553045702772 0.7151309718818089 4.292665958646877 -0.04881643559256531 0.9964262996676884 0.06893174121255952 -0.3994252954079346 -0.7136254499180096 -0.08308132036623403 0.6955832167580898 10.570203677786099
0.6807163845139577 0.010932044292019123 0.7324654901507941 4.8917775156688865 -0.05327007767111725 0.9979801257143582 0.03461166716682392 -0.4350118609761589 -0.730607552596678 -0.0625792157516081 0.6799237058998724 11.236126729790522
0.6252757727417751 0.012114694075024884 0.7803098373144123 5.5563445093964825 -0.06183109241630952 0.9975053193622341 0.03405956333621257 -0.48529323646588646 -0.7779505144870859 -0.06954402201639356 0.6244649117533121 11.866687541676834
0.5567056223006621 -0.04220709717480968 0.82963691519056 6.243349552440871 0.011432522779011661 0.999003105337133 0.043151975037910587 -0.5089348524133593 -0.8306310910869048 -0.014538102255914367 0.5566331234328269 12.503493012369402
0.6302409104859681 -0.04993036498707392 0.774792458276457 6.990228653253688 0.12869770911992975 0.9908428394251444 -0.040833408224142304 -0.5550255147454238 -0.7656586556907541 0.1254488867278865 0.6308955537841199 13.09111750347902
0.5679561065858112 -0.07691486721119023 0.8194571155306248 7.719958305671824 0.16902230648120725 0.9853035301099577 -0.024666038689431652 -0.5387575592998676 -0.8055167229566408 0.15251574424465478 0.5726094277906222 13.658608024448588
0.5605178420358254 -0.008388640814556994 0.8280998608047135 8.503992081013989 -0.04062381574776066 0.9984663610678967 0.03761158611285474 -0.592886265613698 -0.8271452819836972 -0.05472253529999497 0.5593173755771056 14.220016964895015
0.503588016201948 -0.05615036062928352 0.8621173046279652 9.339870453217626 0.13974780994113722 0.990038619193541 -0.017148822758500975 -0.7127916180717296 -0.8525664279275186 0.12911493442686672 0.5064184235184056 14.750357106553906
0.44623746292723926 -0.04777074023827451 0.8936386758961075 10.10352611576583 0.1578926251509893 0.9871119289543363 -0.026076016547364748 -0.7141413055219068 -0.8808756383551862 0.15273503713761435 0.44802892560963625 15.248651887064135
0.3671261429691821 -0.03831399813702292 0.9293817475587348 11.00691604650145 0.12243483811333576 0.9924485883416674 -0.007450497620480255 -0.7639474830170363 -0.9220780527597463 0.11652396508313097 0.36904475362767303 15.720234252634725
0.3927226808158317 -0.039447440439927456 0.9188105329258937 11.843661308658193 0.1575022717656247 0.9872037267004674 -0.024936647276168428 -0.7154584487276135 -0.9060694046273006 0.1545079182465905 0.3939103161856059 16.163236909171186
0.37041877045540067 -0.037576884388568946 0.9281044727044242 12.702133179089863 0.04206225148410551 0.9988349725558869 0.02365300402419503 -0.799037333217963 -0.9279119188918142 0.0302766445147008 0.37156775368087536 16.59577775947177
0.337583557818112 -0.04004821895102557 0.9404432368036447 13.618816376120332 0.17016590226052083 0.985229768591417 -0.01912769691222401 -0.7963389116392773 -0.9257865496996543 0.16648855171267826 0.3394121779545252 16.980852336464796
0.29184813960274014 -0.0006732985442087866 0.9564644322082707 14.547749519744833 -0.03331422620817868 0.9993858276172949 0.010868757511542397 -0.8256326870963752 -0.9558842205015056 -0.03503589513246178 0.2916464350005091 17.36947458155272
0.2967033645750071 0.00011022114607576204 0.9549696860639971 15.497512817787472 0.04649354309451792 0.9988124653429389 -0.014560546901781143 -0.8308604911892955 -0.9538371359257437 0.04872008311468752 0.296345864877987 17.71411337157258
0.26438557856132816 -0.006697832364821155 0.9643938017689685 16.477399826462044 0.07221853685165092 0.9973057668179426 -0.012872078568840513 -0.8584821775585257 -0.9617091887454445 0.0730502944241088 0.2641569434391991 18.050581080861917
0.25341925211585303 -0.034933587659677016 0.9667255696992118 17.457828522148525 0.19208119759099443 0.981266017487342 -0.014893503836940417 -0.8685669853416064 -0.9480945713469142 0.189464087294877 0.25538176013184755 18.38842589573064
0.22898477762968378 -0.02003396868795394 0.9732238240571869 18.465654373595566 0.0252893577501011 0.9995731706377271 0.014626172630892753 -0.8841250492469617 -0.9731013465046271 0.021263032921079294 0.22939366351730164 18.678712884543934
0.23258575682903881 -0.04189118855971194 0.9716733572511536 19.460007751645474 0.10191472323904122 0.9946213916306844 0.01848559149055287 -0.877301671970437 -0.9672213455479683 0.09472830894385086 0.23560404595417372 18.84194904462149
0.10698547260079336 0.008206542082689557 0.9942267751724654 20.393231722656548 0.14760634959785313 0.9887538892734473 -0.024044804013202782 -0.871284580931857 -0.9832427669517 0.14932659346108804 0.10457093282280937 18.967542366320547
0.12245595193661855 -0.017582676101611273 0.992318249598793 21.36373638882735 0.10504614213643977 0.9944564629613957 0.004657455481983669 -0.9458302063334896 -0.9868990377635708 0.10366884192973015 0.12362407024219435 19.148041769810224
0.10046469276232586 -0.007846931966775857 0.9949097397841125 22.36580583464929 0.10661487630544185 0.994296113076245 -0.002923741926340593 -0.9506987577976412 -0.9892117946443412 0.10636588228976653 0.10072822191522074 19.24665494287403
-0.003916005165872864 -0.07001639635997936 0.9975382139520835 23.42277704701319 0.06583084391975678 0.995363861376841 0.07012220795727148 -0.9074531574279913 -0.9978230392171205 0.06594335923252188 0.0007113716327539274 19.238893238272965
0.021497311572892593 -0.04373901316449138 0.998811735750509 24.428045936769216 0.015328174430417476 0.9989395634014643 0.04341470182930888 -0.9403886865957155 -0.9996513213025798 0.014376646490786078 0.022144934469216143 19.346802496670055
-0.08317521635684436 -0.02378439740359824 0.9962511254571058 25.517022784462043 -0.012051066828175005 0.9996660651863986 0.022859800918890057 -0.9434753195509302 -0.9964619934486181 -0.010104531186009342 -0.08343407176254491 19.276315497628882
-0.04563297632797313 0.007642150170337741 0.9989291006686284 26.594890341853006 0.13645699696088767 0.9906451025027172 -0.001345162741964665 -0.9115274324535642 -0.9895943492020564 0.13624944726664276 -0.04624891799656777 19.232307101565617
-0.11254894735230848 0.03162824829540359 0.9931427427666487 27.662655862988714 0.025508238755923264 0.9992558726380099 -0.0289321853482514 -0.9814234513070366 -0.9933186372700286 0.022077018162292635 -0.11327197530738087 19.2097290158066
-0.1753218892975636 0.045899204869452696 0.9834407034874522 28.77841338828277 0.11942061507526167 0.9925281198948098 -0.02503374738478833 -0.9292097334688996 -0.9772414291388996 0.11305409856446866 -0.17949320388610004 19.13417739285999
-0.21584070211818662 -0.079504621812579 0.9731864803674458 29.896219146349615 0.060124924593195385 0.9937060793771443 0.09451593435274451 -0.9079633301270569 -0.9745756220967675 0.07891312538139017 -0.2097019926614914 19.056290666959015
-0.2339962919496388 -0.05670612942152295 0.9705824382247284 31.02118715514228 0.03020092391953919 0.9973919365216674 0.06555356398373637 -0.891526901158143 -0.9717682328247067 0.044651758165515414 -0.23167341762583676 18.985241313737763
-0.2815934244935744 -0.048379715767687154 0.9583134484784347 32.16595940658142 0.05925150782147709 0.9959454511654288 0.06769015968940656 -0.8600486674267165 -0.9577025986204881 0.07584259661508096 -0.2775850921847329 18.866398434796793
-0.2658307705341437 -0.022857557532026007 0.963748749753432 33.338939765247694 0.06209119936739418 0.997237105126255 0.0407784221804924 -0.8976721969716753 -0.9620179561546912 0.07068045148434204 -0.26367702987344266 18.71187611560442
-0.23196404591004818 0.03290914801019172 0.9721675722490924 34.530261588507344 0.06303291220695356 0.9978355460918462 -0.018738076990529904 -0.8516249082146711 -0.9706798614551133 0.056931970652358305 -0.23353630885171034 18.58032258410927
-0.24735487569827858 -0.00796488069626028 0.9688922774458436 35.72385384320564 0.10171513643546236 0.9942275825550227 0.03414067517955566 -0.8159330992076336 -0.963571201488334 0.1069958431755077 -0.2451168690124189 18.415766136372966
-0.31259760654719854 0.02961663017963132 0.9494238835989833 36.939598610267154 0.127653359423453 0.991756831741303 0.011092660517873805 -0.8247294256455289 -0.9412689466356189 0.12466465460905383 -0.31380144081829586 18.25188763187892
-0.3512281126740294 -0.021479908552530957 0.9360435596415502 38.157032040656986 0.11039101280361072 0.9918138057881115 0.06418130206922007 -0.8784272166497942 -0.9297593857964994 0.12587304201478094 -0.3459816643786514 18.09337808043435
-0.30047805146727674 0.014666581926876452 0.9536760199939079 39.41252969401726 0.06476349011137111 0.9978878394245656 0.005058742153138059 -0.831707535481915 -0.9515873574981879 0.06328340535198483 -0.3007932212095755 17.90271672529853
-0.306778363326906 0.03204691151826387 0.9512413733679878 40.662286045652195 0.10410982729834893 0.9945658246988189 6.925367432044402e-05 -0.7290024654557499 -0.9460697917473242 0.09905479173942372 -0.3084476416599653 17.75246115990126
-0.3546090377365045 -0.02070791101929258 0.9347853935140501 41.96141412103252 0.0896033367638037 0.9944008797392809 0.05601939851106777 -0.7255403512562615 -0.9307113139496169 0.10362484665690982 -0.35076800240396766 17.417960261304223
-0.3641814318648051 -0.024823427202910076 0.9309972079964643 43.209051135844604 0.037654734322050756 0.9984349006176696 0.041351067782166906 -0.7358577710522239 -0.930566430803354 0.05011572312715717 -0.36267669131929203 17.378134854832663
-0.3125107824484614 0.0030881094090544426 0.9499092554471391 44.50654863954081 0.10810048304919218 0.9936140355204057 0.03233379928790363 -0.8468134864482489 -0.9437431688172867 0.1127902797369226 -0.31084889315635894 17.19970830083698
-0.3360040471760878 -0.0023623619223148077 0.9418576424693104 45.854116373267004 0.10118834827881915 0.9941185126290533 0.03859198901078453 -0.7152593298168393 -0.9364091380019437 0.10827205388535414 -0.33378876386550854 16.86450608958019
-0.3044945573451741 -0.04593333561316995 0.9514059661243586 47.165446943765396 0.09154970339125933 0.9928010377594804 0.07723206476377915 -0.7331400435098663 -0.9481042065284825 0.11061764795369865 -0.2980972992047206 16.67631158143897
-0.33116697541934437 -0.005026975521095313 0.9435588392141337 48.50171617262329 0.0796855257307091 0.9962645218343129 0.03327551830210758 -0.7332830065428262 -0.9402013213122952 0.08620770857432279 -0.32952929559288013 16.443458372243224
-0.3409419930435837 -0.07813749301811426 0.9368314729526988 49.818782329029865 0.0269721307906012 0.9953164617343176 0.09283149118859658 -0.7434861194293685 -0.9396972564508342 0.05691847400306309 -0.3372376073407268 16.184542561547936
-0.3464701987178004 0.013812538845442075 0.9379593457722467 51.203544576096434 0.10616413111040453 0.9940448574932333 0.024577207974783587 -0.7006106803016361 -0.9320340422562641 0.10809287909856544 -0.34587327712992255 15.948916651948245
-0.31694792976718167 -0.07659819358868464 0.9453448289939804 52.638588850732276 0.0241462659777716 0.995758681877756 0.08877863425064741 -0.6932534633217956 -0.9481354524440786 0.050964732268808925 -0.31375405997754263 15.694260001222897
-0.3170924077848303 -0.034438639111000036 0.9477692251871292 54.00113474587073 0.06717301416597472 0.9960151471559516 0.05866560660873747 -0.6852959046054689 -0.9460127174320655 0.0822669087835157 -0.31351546125345114 15.430049108680784
-0.182903540785948 -0.06844317235037907 0.9807456088396778 55.440389858214225 0.119050017378912 0.9886908644212349 0.09119979222842445 -0.5743507330102781 -0.9758962027016964 0.13343849567566876 -0.17268683489375797 15.13031967635572
-0.08492235280824738 -0.030216276669844982 0.9959293614255249 56.8583723229851 0.13314379224830677 0.9902317883228389 0.0413964987786122 -0.6553851244476916 -0.9874517305315573 0.13611725123942425 -0.08006964035548066 15.04621302660743
-0.09719957382831279 -0.032197215601251716 0.9947440396840042 58.300410881903495 0.1552724861238189 0.9867476808726877 0.04711054527105926 -0.7089674794411533 -0.9830781743318423 0.15903545526748872 -0.09091204893540988 14.786327251565028
-0.20492993875980386 -0.0572348676055714 0.9771018434440735 59.77528125642148 0.07582457604288238 0.9943603689691 0.0741486643304396 -0.7457560056560156 -0.9758352139397141 0.08928356554044269 -0.19943433425821597 14.493379647243916
-0.266293699313034 0.013696554331888794 0.9637946837565271 61.25076364611791 0.03700702728694621 0.999307061461337 -0.003976301714728444 -0.7168115309446216 -0.9631812730010691 0.034608269791598784 -0.26661597199618736 14.221145045421125
-0.21293547997509318 -0.12192980084053312 0.9694285571234713 62.780178726643186 0.0784199313221052 0.9868493278857544 0.14134586146508266 -0.609799389045925 -0.973914168838539 0.10612001660369427 -0.20057344623097367 13.987137131933913
-0.20368225280650396 -0.022116635527710125 0.9787872683358386 64.3222209922444 0.1384012444707784 0.9890544799736272 0.051149440891111266 -0.707666420649663 -0.9692051644247891 0.14588356067952937 -0.19839180803949424 13.742919507424114
-0.23525690074383876 0.03959013456539694 0.9711266314076801 65.88248621166619 0.1899196593374891 0.981781366242515 0.005983813712696175 -0.6379917282541052 -0.9531971139507709 0.18584372626611437 -0.23848971651802228 13.452083577877005
-0.26583798293120076 -0.0866712715448247 0.9601137327689906 67.48895544111537 0.10700784787149055 0.9871424092682384 0.1187397088106796 -0.605714734760765 -0.9580602860788214 0.13430517682083348 -0.2531453757015753 13.207458176451606
-0.23674998665595473 -0.05676820136128607 0.9699107884049649 69.10048389463861 0.11953697009470868 0.9890049001768622 0.08706408178558703 -0.6145017593620277 -0.9641889734564121 0.13655256667132484 -0.22736093226837273 12.935085831418641
-0.2516038011087527 0.025446954217059604 0.9674957892003628 70.73017801837288 0.16282281062584103 0.986519053258727 0.016395853983312877 -0.61561326169821 -0.9540357882581828 0.16165559656738626 -0.2523552185757806 12.692172866417497
-0.2320764154764138 0.032121719279721274 0.9721670920484115 72.39507556683014 0.1595724944834884 0.9871709927896086 0.005475776614417584 -0.6259605204930637 -0.9595192432933507 0.15640188086208007 -0.23422477865067867 12.45937542391852
-0.23821582339523897 -0.0992137172075653 0.9661314517878592 74.10428977538936 0.11954743953451868 0.9842082936835115 0.13054646098522546 -0.6088225124896465 -0.9638265670703422 0.14659672072714955 -0.2225931795964226 12.180988898880173
-0.23065650768039603 -0.06653528422699692 0.9707578244594515 75.837063969363 0.058149317748379344 0.9949337386423381 0.08200882078784588 -0.5986465402382282 -0.9712961682362748 0.0753647246406784 -0.22561889409082012 11.911203419157106
-0.28142131248334934 -0.06316834487395227 0.9575029647044261 77.56947966118216 0.07638324292705569 0.9931899897071174 0.08797260184829196 -0.5627931616768724 -0.9565394242591138 0.09789449722560416 -0.2746797603981575 11.616477134047352
-0.27670459621190147 -0.04579852403369837 0.9598631068872655 79.31463785844132 0.11329237359306073 0.9903427775931869 0.07991217106985296 -0.5422592951187972 -0.9542533371605396 0.13085718515396566 -0.26884370763131926 11.317349583332764
-0.1777934585459045 0.03711937728660742 0.9833675611183599 81.11551463615393 0.10569417006714737 0.9942280364815969 -0.018419772479628463 -0.5129130650242215 -0.9783753047610124 0.10066125983579273 -0.18069047380387043 11.012698015821131
-0.18738247348564513 -0.008056504231294151 0.9822540525249583 82.91120611323568 0.16224404970300468 0.9859781125916994 0.03903798094823325 -0.4934628013840342 -0.9687954846494653 0.16667986020464975 -0.18344783085761976 10.694492211996206
-0.1450243718511535 -0.055392463007471915 0.9878763733093706 84.73918008483705 0.05841151194268591 0.9962109118257527 0.06443483966230722 -0.49981017071120115 -0.9877023975557316 0.06704792695405105 -0.14123923985643516 10.373177624062167
-0.1477872893748344 0.04869239396632561 0.9878198672839081 86.57944858004072 0.1407773099163486 0.9896530813783575 -0.027721141056495743 -0.5797447337897728 -0.9789487586537492 0.13496574743519943 -0.1531128618730039 10.038556507157612
-0.13925278845122008 0.02422350811569956 0.9899606077490455 88.44469849266764 0.13841205538589804 0.9903632387890307 -0.004763644569867795 -0.5639480713210014 -0.9805359596817179 0.1363590862094821 -0.14126360076313968 9.829753302119597
-0.1847449672093327 0.05230657904191416 0.9813936219537426 90.3026261631733 0.16106633598776038 0.9866922906976178 -0.022268655545437627 -0.567623606286116 -0.9694982960680661 0.15395540850330633 -0.19071119430986902 9.421721302056497
-0.13504698021713465 0.01613381980808936 0.990707896064407 92.21433772372436 0.15932198409000423 0.9872105246628838 0.00564087855689464 -0.4709215466314141 -0.9779462273973782 0.15860328450696246 -0.13589020562291812 9.127373509769194
-0.11307033733814044 -0.051982203832255255 0.9922263207709782 94.15888578708785 0.20293641852538583 0.9763706338761982 0.07427738195922157 -0.5310065595289443 -0.9726417189015877 0.20975737188851892 -0.09984941217646957 8.905546615300558
-0.14132147235434595 0.0021154641731366323 0.9899615591499819 96.09873882503007 0.11216612524220315 0.9935923664244468 0.01388898346366282 -0.4880390631606666 -0.9835888392196475 0.11300291781531843 -0.14065315300117087 8.571065246878423
-0.1087366739222708 -0.047810684556901274 0.9929202367351837 98.03957199135198 0.07749156883777641 0.995395505714686 0.05641611553891542 -0.45280189252046743 -0.9910456031510759 0.08307739970274411 -0.1045310081026216 8.267890237263305
-0.09331961206474194 0.02523404273377326 0.9953164398436947 100.04503591790149 0.02093179077030186 0.9995075157233132 -0.023377773165868723 -0.4417474769227019 -0.9954161432460127 0.018652109838137223 -0.09380178082115373 7.911275424517732
-0.08165576337432667 0.031534042602264625 0.9961616649905002 102.00646277781814 0.07747456698497307 0.9966757748833747 -0.025199709552911426 -0.42237034661908424 -0.9936448151602738 0.07511944938024626 -0.08382734131125671 7.578076306005955
-0.08488270074135719 0.02189621793413415 0.9961503928056069 103.95700129884506 0.12579735250028637 0.9919939868874919 -0.011085585839846646 -0.38995255562781306 -0.9884179016169303 0.12437206245603497 -0.08695754921233902 7.212529163082838
-0.05644501253769864 -0.04476494496336607 0.997401715756383 105.97017367275981 0.11048840326990263 0.9925782003818434 0.050801210615928946 -0.37350876957347007 -0.9922732804355328 0.11306874909317309 -0.051080019906139376 6.8587233138624075
-0.19714888801709254 -0.0010439716525029643 0.9803730581547888 107.95917393297486 0.12007930510633799 0.9924443171316744 0.02520425498065361 -0.28225840432878935 -0.9729918674236352 0.12269144498488888 -0.19553393157016766 6.511124535795502
-0.14482000143343812 -0.0009159275301972164 0.9894576470675935 109.93887544842836 0.11995511673658109 0.992607389927972 0.01847582257974797 -0.33830130489672705 -0.9821597796215078 0.12136611493546934 -0.14363953696528436 6.167199795341183
-0.1482075651113304 0.025454704112843365 0.9886286880124705 111.92745359366116 0.08646036066361469 0.9961745073510351 -0.012687534384066454 -0.45407230467008247 -0.9851695362684778 0.08359674691598747 -0.14984142235682626 5.783446631015061
-0.1965722902289579 -0.027172976534517286 0.9801127849076131 113.91755481493777 0.07040807162255648 0.9966440980031496 0.0417523886357182 -0.4171994389517139 -0.9779580408709261 0.07721515818653468 -0.19399941438681806 5.402532793529437
-0.28266063375932143 0.01260531528199379 0.9591372056324269 115.93636383958275 0.07343481302023039 0.9972635045533115 0.008535063774656565 -0.3787977345841828 -0.9564048266055573 0.07284653195893262 -0.28281278890363115 4.963061215506323
-0.24973802904091408 -0.07658294633959115 0.9652803096819426 117.97628875226744 0.08204851829239602 0.9916088751646058 0.09989942908602484 -0.3546386519667731 -0.9648309975133262 0.10414844803352853 -0.2413589239078326 4.587880078637164
-0.2320859551341219 -0.02365901706287893 0.9724075624037798 120.00781124499731 0.11529426240109851 0.9919875167444343 0.05165284378912482 -0.38949674524557043 -0.965838103197603 0.1241008511283026 -0.22749861604235638 4.12486460550984
-0.20868092965685384 0.02858898833083445 0.9775658783032123 122.06991147880845 0.1341467328504275 0.9909614281109479 -0.00034446011859065373 -0.3409581728173906 -0.9687398122042806 0.13106532350234137 -0.2106298657976629 3.6624491237991665
-0.307337828633881 -0.014186165541546527 0.9514947813187412 124.13079076637442 0.10292340537671499 0.9935276808840144 0.0480576376219129 -0.31591313650291236 -0.9460180419380159 0.11270095307672365 -0.30388853654532716 3.2243401410142023
-0.29579042298440533 0.025025835955082575 0.9549250443277818 126.19121431303851 0.13771529140068023 0.9903310023429547 0.016703918813578536 -0.3310893499523696 -0.9452737336168027 0.13644857645048042 -0.2963768507476371 2.7542345687713805
-0.31799834414877964 0.038051825326067615 0.9473274084427986 128.3138503740641 0.14682758187442244 0.9891159430543343 0.009556620090332563 -0.314342586489332 -0.9366528840001654 0.14213271759426804 -0.32012427059462495 2.3001554138580325
-0.35186274033870074 -0.017826233524336717 0.9358819073145052 130.41735278111912 0.09342432203436302 0.9941575994718916 0.054060892108920046 -0.33458848693380805 -0.9313776977474238 0.10645608712164718 -0.3481415930246721 1.830702186657125
-0.34331458252215064 -0.06505768703640533 0.9369646214580755 132.5217404415176 0.10123187652442575 0.9892234216754272 0.10577875861915606 -0.3189360234387597 -0.9337489557504609 0.13116601621808205 -0.33302889809249525 1.338685850484664
-0.3789284354110557 -0.002009253437705134 0.925423854683092 134.63502110353264 0.07286925214581064 0.9968279603199653 0.0320016594406294 -0.306205594975315 -0.922552557783687 0.07956122652525112 -0.37758002132114227 0.8263825973864529
-0.39686744120308304 0.03477577479312981 0.9172169790618876 136.79672528671423 0.0882694838880091 0.9960965479595747 0.000426553712338046 -0.2812056413318547 -0.9136217191190993 0.08113149731420417 -0.3983878984579187 0.31667275965095776
-0.39863277866940616 0.002626996376136945 0.9171069260120699 138.9189112694902 0.10479034961352647 0.9935771224090623 0.04270247117098491 -0.26608824867636527 -0.9111041685774248 0.11312649974576253 -0.3963476658142591 -0.24229667519264808
-0.3768522611901014 0.053388800167706245 0.924733538015963 141.0812792823138 0.10745037391240216 0.994117353892527 -0.013605896762495925 -0.25235849890940043 -0.9200199471890651 0.09423549228963977 -0.3803719914865695 -0.7964174057414173
-0.37458816603462214 -0.007297864592301938 0.9271626362824222 143.2416233560303 0.1311166814848407 0.9895031302475595 0.060761728559929715 -0.26584066285559743 -0.9178736499522315 0.14432704876875269 -0.36969926813204573 -1.342081704871175
-0.39644664555063386 0.007288985979915846 0.9180288857078491 145.4220557961234 0.06810206107918433 0.9974468936183799 0.021490004158163222 -0.2103491773731646 -0.9155283050740635 0.0710392436909745 -0.39593084194632633 -1.917824066626812
-0.4013233212398375 0.046263796153437405 0.9147673803068513 147.5979043288708 0.10363254950262193 0.994603902244754 -0.004836208639067343 -0.23663478193148701 -0.910054834813515 0.09285873361696258 -0.4039521461310732 -2.49534998010124
-0.43881849897051894 0.03249610686207362 0.8979879927254204 149.77809554344418 0.1341665143577963 0.9905130840954312 0.02971856745778472 -0.1918984686955032 -0.8885030090278292 0.13352091276925124 -0.43901532085117384 -3.1167266503537245
-0.4689016627225484 0.05767533128541911 0.8813653578035086 151.98742244925705 0.13244065450461615 0.9911751279767727 0.005599580834663261 -0.21369261916732873 -0.8732643553975488 0.11935419546124271 -0.47240218538677714 -3.6946979899435046
-0.4691292923278681 0.025060273861869525 0.8827739216995947 154.19642527417062 0.12899767586662092 0.9908205775113129 0.04042523212135157 -0.22475914898335542 -0.8736573910706531 0.13284038165610842 -0.46805563683111395 -4.273897178612316
-0.45277538089569297 0.041561521910929884 0.8906554897546906 156.40914073725116 0.1437670569480154 0.9892452531329015 0.026923578540645608 -0.20853536348998153 -0.879957622331981 0.14023718780148467 -0.45388103859676454 -4.947265462580038
-0.45724799034113467 0.025936545077120645 0.8889610104146393 158.62061572468352 0.13672080035097794 0.9897421795137799 0.04144704372578434 -0.1959270291403637 -0.8787671063690529 0.1404909742908047 -0.4561036527445072 -5.600436897808688
-0.4935607119865244 0.005947119245154809 0.8696910729879888 160.82523452886898 0.08801541712290889 0.9951843285677909 0.04314458381606693 -0.2178293435893784 -0.8652462306877459 0.09784063535661328 -0.49170728436129785 -6.239740332638062
-0.5065525862587583 -0.0033315798702344924 0.8622026936916236 163.04848937152235 0.08022403462632059 0.9954723848600002 0.050978935260799677 -0.23266738209532822 -0.8584687024427843 0.09499283206344038 -0.5039917974759799 -6.912002064077765
-0.5115039152029089 0.06515266020166798 0.8568074361720383 165.27556460965815 0.114207223974762 0.9934296849129036 -0.007361230653493276 -0.195367991821166 -0.8516574377514224 0.09408824110020109 -0.5155840326752293 -7.57087637847544
-0.5405589650237967 0.041536640616800916 0.840280203204641 167.50116763998778 0.12991795438812315 0.9909210802678003 0.034594138223224505 -0.19482668670957176 -0.8312143376573535 0.12786759383234853 -0.5410475824367693 -8.278131118334342
-0.5232146743190187 0.07071758796689138 0.8492617584751762 169.7241054199031 0.1635512590772823 0.9863589736203754 0.018627329483905077 -0.2038330511055812 -0.836359573183189 0.14864385630762164 -0.5276433942229666 -8.96426258770911
-0.3066275051588964 0.021761946519368573 0.951580784226181 171.75475597723351 0.023994586400557145 0.9995976263956082 -0.015128294074128601 -0.18826269218359748 -0.9515270097254532 0.01819402743709395 -0.3070263160715962 -9.663999917132438
-0.31924202677579044 0.05590902876029904 0.9460225721344919 173.86542018465119 0.08598746520772026 0.9958493606930436 -0.02983666851825563 -0.14736477957472052 -0.9437640086222888 0.07182094887787502 -0.3227244629144341 -10.449802185101152
-0.33383088483449797 0.04238827089854319 0.9416794427859421 176.0175492619761 0.039697065505096565 0.9987343800136812 -0.030883674050105572 -0.07721578101765153 -0.9417966349526397 0.027071975554271138 -0.33509108935245246 -11.13663099153398
-0.3610102021673656 -0.03821194726333726 0.9317786642557427 178.15637343047894 0.10816414971734975 0.9907009645067205 0.08253566377777127 -0.10552919870623273 -0.9262677652097658 0.1305812474605696 -0.3535200087362631 -11.92763015817658
-0.361466882498785 -0.04237636653248275 0.931421459147742 180.3525431890896 0.07222265488911599 0.9946926557464577 0.07328321007357312 -0.07243033407725852 -0.9295834558336489 0.0937591715649592 -0.3564879353074422 -12.621147577515433
-0.43451398199143115 -0.07560293684538989 0.8974863751272755 182.53277194135921 0.04477405513845654 0.993425479262809 0.10536185880942761 -0.1329188695502245 -0.8995513919771647 0.08596529521289754 -0.4282722181543472 -13.431506468283489
-0.3413536362479776 0.013089649449531275 0.9398437924689219 184.6702366820953 0.05081545229292216 0.9986977195902753 0.0045469602274953915 -0.05579174480325161 -0.938560229119575 0.049310697521586684 -0.3415742716553538 -14.211536569878508
-0.44508729857033313 -0.08550970896379174 0.8913951898395489 186.80292782456408 0.023199342160671186 0.9939952543079205 0.10693570540519003 -0.13036472516760017 -0.8951865228644728 0.0682754983582739 -0.4404308995037521 -15.049871644000271
-0.39107386051436943 -0.01078473052791797 0.9202961063454643 188.93942837208607 0.046311065468771236 0.9984340746359037 0.03137999322744908 -0.08020143345315331 -0.9191933102167981 0.0548917777653458 -0.3899620274057274 -15.860921911765562
-0.3728316206484373 -0.14005374543579296 0.9172685153099175 191.1292278088299 0.05924045499611278 0.9829340420480174 0.1741587139044751 -0.05176437929298247 -0.9260059240874584 0.11927127001297672 -0.358172059681327 -16.70617356098178
-0.3676086832221208 -0.06071941474784891 0.9279962321244476 193.2538243924227 0.06025610113401212 0.9942143617383261 0.0889214560341958 -0.04528479922847237 -0.9280263349835909 0.08860572309696647 -0.361823132266758 -17.48922492398587
-0.3738748398517734 -0.08893617022598983 0.9232052642268344 195.39684527451666 0.03695508502410411 0.9931730050675891 0.1106423239530728 -0.08753619191193784 -0.9267425453745707 0.07548350180296479 -0.3680357688868889 -18.34680323123882
-0.3904403135515711 -0.018001153092412108 0.9204522356895488 197.56491560270308 0.08751672745636477 0.9945553190194446 0.05657349184308847 -0.019626979669010253 -0.91645894964763 0.10264352472309698 -0.3867391007838768 -19.160768534587845
-0.37744916283715696 -0.00013201352426314348 0.9260302965836231 199.71548254739724 0.12036532922397337 0.9915096349129894 0.04920214984506375 -0.014318012386181633 -0.9181743519987868 0.13003323370132236 -0.3742286053961205 -20.026157570574526
-0.448163473367553 0.05348901776098912 0.8923499449559513 201.8693795084123 0.11956629248014336 0.9928260837506399 0.0005378482882264732 0.015278516143058918 -0.8859194268968141 0.10693599973780522 -0.45134387404598336 -20.893803580671907
-0.4394819003381514 -0.05950009921206038 0.8962786372628305 203.99910092433475 -0.0266528008703149 0.9982281805275381 0.053199134958276766 0.069712762708321 -0.8978558402759151 -0.0005082819666261642 -0.44028906795855455 -21.813252281191545
-0.41836877674353184 -0.08506165876206145 0.9042853968739968 206.17505840547693 0.05403079013640039 0.991511134225485 0.11826396145060128 0.03455578448745883 -0.9066686621602131 0.09833719268197139 -0.4102213612477758 -22.69774810962066
-0.42883482776236725 -0.1070547021289485 0.8970172681698482 208.30641000477146 0.01795475254800948 0.9917473980051831 0.1269438677713482 0.019904561811813493 -0.9032043730952866 0.0705436677858862 -0.4233736918950032 -23.59057228932644
-0.42565689384040406 -0.016285728430295163 0.9047380736547058 210.46014163556225 0.14892892984690448 0.9849425931169177 0.08779682381862525 0.15713475749226252 -0.8925447950049914 0.1721129752831494 -0.41682219744229065 -24.485299427545293
-0.41711459748941293 -0.023003087755979024 0.9085627488840439 212.57691016644984 0.0006533290593727671 0.9996718136453666 0.025609730923696596 0.2717983766762963 -0.9088535673254318 0.011275777191357526 -0.4169626861489018 -25.40409770238417
-0.4282131556463913 -0.049563023977669735 0.902317570553928 214.701441654541 0.026810240187011607 0.9973585408881969 0.06750682996810362 0.23835981301645437 -0.903279871767123 0.053098655112972466 -0.4257532591977464 -26.33337918049714
-0.43170569027426275 -0.05307717120867139 0.9004515584006183 216.8985058273926 0.04117021067153418 0.9960674588080226 0.0784515864138524 0.2561974722565666 -0.9010743774990201 0.07093976678354116 -0.4278227989897104 -27.104540616280374
-0.44670424783983126 -0.09577615509707103 0.889540466320373 219.05202569214367 0.025865205877754146 0.9924555409710616 0.11984577787556676 0.23771058615179702 -0.8943076259450152 0.07654375724228155 -0.44085684188380864 -27.9141643617762
-0.40403084600764333 -0.024404032930873808 0.9144197705626509 221.1618837357982 0.0538638320633077 0.9972748209764289 0.05041467242527906 0.31164106021585375 -0.9131580283607992 0.06962322448895071 -0.4016153053407192 -28.924293978372283
-0.4439610692519035 -0.10604877051904901 0.8897484056770762 223.29637910102167 -0.040940073756458875 0.9943354473600284 0.09808643452592793 0.37632220085870177 -0.8951102178672763 0.007120191883094135 -0.44578787822134086 -29.793954472857244
-0.4118924003930154 0.0013770555642784493 0.9112314482946948 225.46126357726138 0.0446050153986442 0.9988305591136727 0.018652799677675577 0.3498109363370721 -0.9101400249066642 0.04832842863224363 -0.4114721493379288 -30.678838020387374
-0.4139440996709427 -0.07914466461899451 0.9068552268993955 227.60232859852064 0.03115134912880809 0.9943981882622296 0.10100424140654382 0.3716464877169147 -0.9097690351691217 0.07005986516318938 -0.40915980933212537 -31.560032403121966
-0.3974355022248118 -0.018883261639306332 0.9174357972882722 229.72892907140073 0.14490256764770615 0.9859530204974377 0.08306568133075126 0.4210655827925745 -0.906117042039947 0.16595203302689515 -0.3891165127451641 -32.42799631624764
-0.44936253249559144 -0.024918491411970854 0.8930018932341042 231.85837080890133 0.016416757121271598 0.9992117800060185 0.036143172753455126 0.3806840246783583 -0.8931985379531646 0.03090157524097201 -0.44859926000596106 -33.31811826382566
-0.4144112686716483 0.07014055024407964 0.9073828308681001 233.95701279046114 0.10166869535427014 0.9943528055754232 -0.030430159104190554 0.38053148542355936 -0.9043929463224046 0.07964181069944878 -0.41920211385766326 -34.23705547474911
-0.4155982688915037 -0.009729191043135967 0.9094962753953123 236.0127872425 0.04194388109712928 0.9986739080367738 0.029849568704715217 0.5234049037750963 -0.9085806168173551 0.05055320601019535 -0.4146389799726411 -35.195554573274926
-0.38402920297833815 0.009201744907161991 0.9232751227951503 238.08340957830745 0.19647738556191144 0.977862845407958 0.0719774481361927 0.47103903983560275 -0.9021741269014907 0.209044094430577 -0.37733573769270806 -36.00128554955976
-0.3935395028040537 0.03495462202013694 0.9186429596715373 240.15763874594992 0.09011821035187838 0.9959307525618895 0.0007104725704568935 0.3459756162893393 -0.9148799439850811 0.0830660344418801 -0.3950880529993567 -37.06773490721068
-0.457947985733615 -0.03655786845980136 0.8882270080548748 242.19442798184835 0.08364167345075403 0.9929498151881653 0.08399163938712115 0.30295200472308215 -0.8850354090183583 0.11275656461793475 -0.4516615209713306 -38.054811253681805
-0.5096168385367994 0.05951805743262591 0.8583404522339131 244.27104091859454 0.06542950358389432 0.9973965825814798 -0.030313324171735778 0.30285365975576656 -0.8579100388195273 0.040712588580954244 -0.5121842422708668 -39.018765415636345
-0.5181988804345831 -0.0859602903774377 0.8509293754574966 246.26631770450422 0.053074316512592354 0.9897865340190507 0.1323087091164675 0.3844435568596296 -0.8536117477292307 0.11372468512771185 -0.5083439069548469 -40.042348982679144
-0.4336244257111341 0.09813408312847917 0.8957341192436157 248.32817119520732 0.17581630314334865 0.9841609497070614 -0.022709318076318822 0.3153715655058561 -0.8837751100979102 0.1476373256950927 -0.444009709848664 -41.03786606999488
-0.5928767802151993 -0.019623346937996344 0.8050540981564676 250.35753034764608 0.08710189606745171 0.9922754109388503 0.08833249149877191 0.2517303892101268 -0.8005687893344492 0.12249199179815692 -0.5865877369121874 -42.045340431486174
-0.5371637741555575 -0.06607594934645504 0.8408859030063686 252.38864589741664 0.11177512501629129 0.9825583518675037 0.14861112713991992 0.301819323049056 -0.8360391072773553 0.1738186058726827 -0.5204090227525141 -43.06287227232815
-0.5306728671905537 0.020502793975577915 0.8473287418050128 254.39607113098802 0.12765800998025761 0.990236539364812 0.05599008038458227 0.2919853008000646 -0.8379079467009746 0.1378806905557192 -0.528108924024298 -44.10596335421372
-0.5661658234450214 0.10246427498810931 0.81789815132197 256.4367927905723 0.14282734291748858 0.9894296016494294 -0.02508533439624989 0.2941907878298472 -0.8118230155816323 0.1026157416997589 -0.5748158387990194 -45.14633898002411
-0.5621770656993258 0.089950045731679 0.8221106916325072 258.47302755120757 0.12506214556032433 0.9918820911139261 -0.02300516424857323 0.2698547528237287 -0.8175062095021356 0.08988193156267317 -0.5688626226171661 -46.191161501099934
-0.5577649949275484 0.008855691609796917 0.8299517096683988 260.51196071284664 0.19747443596696534 0.9726449675647181 0.12233345706448241 0.26355671085954774 -0.806165030115251 0.23212753525007676 -0.5442560052079055 -47.25446759889984
-0.5351537525595479 0.013131652143878878 0.8446526351437734 262.58943885361873 0.10240851397753005 0.9935130878683192 0.04943784993364585 0.2754061282053105 -0.8385242655974546 0.11295644533033404 -0.5330269646738818 -48.322387784242224
-0.6240119875073755 0.12163704206241834 0.7718895793229202 264.62179632161093 0.20388051607547897 0.9789387880236147 0.010556750183786084 0.28104434838320774 -0.7543485884443931 0.16396076521803218 -0.6356688777877489 -49.424250654101826
-0.5693103443091825 0.006924272030282238 0.8220935710375827 266.6957149469914 0.08843206182868736 0.9946784391588422 0.05286240270784679 0.26922797151322647 -0.8173527381074476 0.10279451521720848 -0.5668929676370879 -50.46886868120423
-0.5577156672185322 0.04230992084372709 0.8289530495505153 268.71076033406314 0.03736160111558174 0.9989673204742904 -0.025850800631441774 0.23204633052765172 -0.8291907711396925 0.016553595327130008 -0.5587204051628816 -51.573948873899916
-0.5430333673494238 -0.05492844144771194 0.837912693236703 270.82098287605754 0.13137923330839787 0.9800115778104995 0.14938763308742495 0.3734653565504377 -0.8293697906012699 0.19120676205493548 -0.5249624483611565 -52.64167279401833
