0.9985135576347524 0.04593804808406399 -0.029332080693606002 -0.03593653426405217 -0.046747398151710494 0.9985273022698853 -0.027530117828856997 -0.07889449566845358 0.028024203835480287 0.028860395077310877 0.9991905331794176 0.8309525847092677
0.9974376610988767 0.0550088151947886 0.045739943949112814 0.10478755860642075 -0.05372824462566145 0.9981410268430342 -0.02877092737779729 -0.09707784591894332 -0.047237568946445596 0.02623968034362389 0.9985389783355954 1.7035812139343893
0.9962666571478216 0.04589544872612669 0.0731187776274501 0.08234560533641753 -0.04317061048119126 0.9983286629526688 -0.03842107647916346 -0.003884135756421327 -0.07475992374220211 0.03512105588705827 0.9965828943120778 2.58071589471175
0.9998867225240325 -0.011945952798895331 -0.009156218208136824 0.1142871534749582 0.01239301436332841 0.9986505371374684 0.050433301201053556 -0.014505712946313167 0.00854138874578246 -0.050541060680289594 0.9986854589226805 3.4537611007833573
0.9981364628836146 -0.06095085348454998 -0.0029317096874819514 0.06228197067242367 0.0610174255502204 0.997462979837479 0.036667119234542904 -0.007485298759816195 0.0006893800524962234 -0.03677767338457605 0.9993232347421732 4.328258514412247
0.9997193668436389 -0.0168201350964301 0.016681445173950146 0.09011896043495013 0.017411722045237457 0.9992009405143221 -0.035976553624742044 -0.094951478765984 -0.016062984861439172 0.03625691080382185 0.9992133990976627 5.221038818340911
0.9986869240329349 0.05067203078454894 -0.007534790096928434 0.16691090270358758 -0.0507285936724996 0.9986841988361889 -0.0075153695138569804 -0.03164715847741352 0.0071440570803221835 0.007887731296837962 0.9999433714683157 6.090906143205655
0.9995512879475066 0.026294274718856696 -0.014346911845073858 0.20590707778520653 -0.025700993672758594 0.9988659655759822 0.040077945783105404 -0.07483932872254821 0.015384462792214263 -0.03969123171458242 0.9990935513902461 6.974437236794327
0.9995335330921175 0.017259308866169186 -0.02519588223998732 0.25126427545593877 -0.018534538862821946 0.9985118533902899 -0.05128888289123345 -0.06736601609536777 0.02427317672959535 0.05173195310050701 0.998365973939347 7.839874267596957
0.9997029247181055 0.009576464976300793 -0.022413246722051507 0.2941053524573363 -0.008135266363396558 0.9979466621951519 0.06353169960540864 -0.08406310217372834 0.022975634186413723 -0.06333048746138423 0.9977281040401916 8.723970413228194
0.9992824818680126 0.0297450178877071 -0.023446862104869053 0.34007466002557557 -0.027982452512273843 0.9969962276875618 0.0722184486690899 -0.08232578293592073 0.02552457243789489 -0.07151052919679321 0.9971132034106545 9.577996253995927
0.9987545009728288 0.04989433558701251 -4.5418568503415775e-05 0.3848088699501433 -0.04963279575179928 0.9936114193005701 0.10135547849705472 -0.09643516316761651 0.0051021929711671365 -0.10122698537169521 0.9948502726840073 10.450979232819327
0.9999873904763587 -0.00410538647188352 0.0028921774148582312 0.42562252475545065 0.004248188369740045 0.9986776544438195 -0.051233733127366225 -0.08946445181367121 -0.0026780183380706907 0.051245374319012944 0.9986825020138709 11.295999527018221
0.9984936188779188 -0.04606394278457791 0.02980949907691233 0.48862064091468066 0.04716146412191839 0.9981933655788615 -0.037226351100024334 -0.09302399619680654 -0.02804085132863635 0.038576134344200354 0.9988621489053549 12.134210586598003
0.9998761650557048 -0.013635387929230832 0.007856891848343536 0.5411390088264775 0.013727970580626893 0.9998355145358131 -0.011852708409619554 -0.0854220344009645 -0.007693982875997005 0.011959100518017853 0.9998988861591475 12.981145858826462
0.9979803611973617 0.05803117313665847 0.025837600677435808 0.5814812802952211 -0.058423701950873215 0.9981835661988532 0.014705074664728104 -0.09995015963044246 -0.02493731535375632 -0.016184903275452897 0.9995579919188838 13.807979583803748
0.9938609578927605 0.028930632793289262 0.10678677288252719 0.6810232425838724 -0.0360118929607205 0.9972358541426722 0.06499072839813742 -0.09608026816612135 -0.10461137545521552 -0.06843734069419305 0.9921556281773918 14.640096664510573
0.9934138480011272 0.04817547513859918 0.10396177275693014 0.7364773776605119 -0.03933998741285116 0.9955675479944437 -0.08542612463812166 -0.13169389412298954 -0.10761641102181077 0.08077364109067185 0.990905811358345 15.437714576799818
0.9945266587389046 -0.02569463538776079 0.10127443295284584 0.8051614789021049 0.026527936843209234 0.9996243292434008 -0.0068897715146112835 -0.10865400152086384 -0.10105935658505862 0.009538663908578689 0.9948346698509523 16.23894500742276
0.9930290213659542 0.03613762329898698 0.11219373827124197 0.8704159288813964 -0.03592558749503153 0.9993468120775869 -0.003911694453943013 -0.015514784936597125 -0.11226181370411616 -0.00014619912082099442 0.9936786521857454 17.02395439162234
0.9944495831879491 0.030385962159908176 0.1007309277279378 1.0121016532756053 -0.03490450789095282 0.9984477427175398 0.043402538994163783 -0.0021455820376264463 -0.09925573919011671 -0.04667759955203365 0.993966548701657 17.81958389299403
0.9963724737268355 0.037961551674202065 0.07616307631623977 0.9722962411145084 -0.04212933665240249 0.9976581534213609 0.05388253803514449 -0.009579234641148064 -0.07393924901491794 -0.056895776871592536 0.9956384173128756 18.590847015543186
0.9938297449685269 0.03857061325971813 0.10399397005866157 1.015377167184484 -0.04638426962778719 0.996194147510699 0.07379512176647303 -0.12025915885736167 -0.1007518609409579 -0.07816347066902156 0.9918364453728785 19.35249710096032
0.9942117692333711 0.03325545185981377 0.10216179735816022 1.1398392949985692 -0.032381569823289796 0.999423521555741 -0.01020090667051932 -0.042996265270044014 -0.10244213872898204 0.0068337028176830225 0.9947154913433447 20.10111999529617
0.9963532490402521 0.05355998419528114 0.06641935877388751 1.186697128992671 -0.05621961277605141 0.9976626314855049 0.038841072033718484 -0.02415903657711632 -0.06418378475205491 -0.04243349821900818 0.9970355259486992 20.872964859202472
0.99477590110937 -0.04069775865510513 0.09361943715111512 1.2358009852031833 0.040266381593881524 0.9991678837749525 0.0064929612673191115 -0.022729657331516308 -0.09380578350125979 -0.002689324716601669 0.9955868834583366 21.599008560383226
0.995862779330345 -0.04122437408282562 0.08098071206108323 1.2857133188135146 0.03263627028098567 0.9939733974252636 0.10465065252078222 0.00605738959396265 -0.08480683077802997 -0.10157478057755603 0.9912065200572523 22.31189918540199
0.9956130460894398 -0.023727513039635797 0.09050783160291012 1.3373174706652657 0.017235414545976692 0.9972666299403721 0.0718485162880993 0.003102310779269214 -0.09196522646123703 -0.06997337945880396 0.9933006208037161 23.05116271995563
0.9953606784586577 0.054672766249081406 0.07917075475826865 1.378186825989569 -0.063491578740927 0.991502984890262 0.11353700006026907 0.03283233298878004 -0.07229065749981313 -0.11803694089477737 0.9903743440853299 23.768182754763227
0.9944323734957121 0.06526287161348773 0.08273458848901026 1.38919973790604 -0.07097829420632054 0.9951482815721432 0.06813207347183255 0.02665386477384135 -0.07788668850920669 -0.07362509876529685 0.9942399150028478 24.471998214967982
0.9991850082348239 0.0005035560164894767 -0.040361257706342885 1.3757461640747608 -0.0025779433103234107 0.9986768646565444 -0.05135998383738141 0.026551806774482246 0.0402819994177708 0.05142216939157109 0.9978642538574497 25.418525981024146
0.9989720471030904 -0.04334046279319708 -0.013282272586311256 1.3738235915789867 0.04318385144910261 0.9989967369534369 -0.011859522002181447 -0.005627914506237848 0.01378295150755862 0.011273745255787457 0.9998414279395313 26.39790764560565
0.9998632985493231 0.007719008186206119 -0.014620755801704905 1.3323721766707302 -0.007650768282585884 0.9999595916903928 0.004717463596250249 -0.03796841007139576 0.014656586807653476 -0.004604964418676739 0.9998819564700454 27.413788884682088
0.9986981537036129 0.00683402053415006 -0.05054957295426235 1.3212864163463154 -0.007982433945816375 0.9997137968747098 -0.022551692139730475 -0.053252987672265995 0.050380994601119736 0.02292583632730053 0.9984668795309182 28.392178460790454
0.999091938205271 0.036195483088683124 -0.0224755732015163 1.2988745876299066 -0.03607541501643142 0.9993326590014097 0.005724929368794522 -0.08958140976056714 0.022667798773998167 -0.004908920652044287 0.9997309745653011 29.41309494333829
0.9994585587940537 0.03182960826788195 -0.008332506486722518 1.2524942911389791 -0.03171258444216497 0.9994014879467742 0.013818524142802824 -0.16978416783733402 0.008767365366325934 -0.013546802484988721 0.999869774298373 30.407428752797237
0.9995465529716661 -0.005503355259877448 0.02960349467324513 1.2491070893596576 0.005979780580065841 0.9998536307158801 -0.01602913285864107 -0.15427396730749637 -0.02951094023215531 0.016198881171572158 0.9994331637302801 31.42178257865787
0.9999596251578297 0.006397477587828958 -0.006307591319254087 1.1912239383383982 -0.006525309638801473 0.9997693920088089 -0.020458662423711964 -0.2236284801668273 0.0061752605258825624 0.020498989777697683 0.999770776570332 32.43849946070743
0.999760344653245 0.02160354735636943 0.0035362938184409142 1.1731843916871463 -0.02154582396351721 0.9996458305767848 -0.01561936656515104 -0.2404020795137604 -0.003872467434873155 0.015539425412459763 0.999871730954691 33.44557814609804
0.9998198891153223 0.008243962828770253 0.017093618102298917 1.1416739152275943 -0.0077284343248476646 0.9995197408817538 -0.030008875724889236 -0.27187701607651704 -0.01733279327037786 0.029871358335257933 0.9994034342232201 34.470767494694
0.9990659732683561 0.017584913047902235 0.03947046065065352 1.112327807713069 -0.018138555322545276 0.9997414301806404 0.013712743084139067 -0.3195297320986665 -0.0392191099082857 -0.014415877839304864 0.9991266145952861 35.50899123081639
0.9981975573176644 0.036909509913788545 0.047321137100634625 1.0881674389414777 -0.039061299710988935 0.9982056388294325 0.045383820968777536 -0.35151601762908913 -0.04556112373661197 -0.0471504500338622 0.9978481683973643 36.534403936519176
0.99918776390545 0.011842075876864954 0.03851678950896366 1.0620241036111158 -0.012045041405995757 0.9999147319907117 0.005041771234790245 -0.378994638377971 -0.038453792774505155 -0.005501618144593761 0.9992452082084556 37.562199263546475
0.9982418926806225 0.018603903730464742 0.05627596144821554 1.0307591233033588 -0.01834819392715226 0.9998188548819679 -0.005057166581712426 -0.4095617361000567 -0.05635984297724868 0.004015707686615461 0.9984024190174365 38.606902803963656
0.9975917185300619 0.011447531049790243 0.06840820511186418 0.9939321342278671 -0.011212970567375134 0.999929854024645 -0.0038118306652218156 -0.4352038604717662 -0.06844703530638606 0.00303558585502133 0.9976501073446524 39.66139729903902
0.9983332268342157 -0.01486601468544592 0.05576499959364739 0.9456648393704913 0.016359911680378262 0.9995168017873601 -0.02642896074934183 -0.4581256202188438 -0.05534515352600265 0.02729721438916541 0.9980940457573566 40.7202353104862
0.9970862212993666 0.027284855083153606 0.07123601162029407 0.9122612714631733 -0.02549701139466761 0.999339640416426 -0.02588743390183342 -0.5042676134042796 -0.07189529776178544 0.023995692807200507 0.9971234732945364 41.7676635559808
0.9990064511359401 0.01317908629172918 0.04257214637312101 0.8962314563727398 -0.014825238583481897 0.9991452888280761 0.03858597990613717 -0.5341743754288591 -0.042027224079637396 -0.03917879090761212 0.9983479768536073 42.82969304793473
0.9975081471649898 0.03169808474504991 0.06302930379188147 0.8411534211366749 -0.030377230817458797 0.9993006164050182 -0.021805403736840166 -0.5609068294131127 -0.06367640424003812 0.01983640674389915 0.9977734114612713 43.899952196168336
0.9979771886453299 0.021681725412537305 0.0597611838924205 0.7887235744462614 -0.021334516658489875 0.9997516258886813 -0.0064419456377579004 -0.571100315073379 -0.05988600586307237 0.005153933253035909 0.9981918910621869 44.96313405618518
0.9990161332560753 0.008756769364174025 0.04347470365519345 0.7982868399942398 -0.007576010958959137 0.999599913774438 -0.027250507734698826 -0.6022511492837035 -0.043695929040046225 0.02689432646546764 0.9986827870238926 46.03459766304383
0.9991336486245685 0.013384864307097772 0.03940511346465991 0.6931745879635628 -0.012465786220785624 0.9996466220336345 -0.023477839814488807 -0.6187620196782787 -0.03970542882258357 0.022966278482652577 0.9989474345946265 47.11360378271445
0.9993444664445391 0.003339299694365477 0.03604791031052267 0.6290830750580922 -0.003150784197696149 0.9999810568403906 -0.005285097068936797 -0.6786002218005219 -0.03606486856453932 0.005168047613773275 0.9993360619170099 48.182814690628376
0.9994996705707349 0.005688353435664335 0.03111296414210984 0.6059465587158456 -0.005066399854737563 0.999786477775848 -0.020032577986589372 -0.6990604859190062 -0.03122026577491593 0.019864918755776034 0.9993150795000961 49.273432856665835
0.9998588115627804 0.01680237825058077 4.897870237620219e-05 0.5154423866662872 -0.016798663869981658 0.999567476623294 0.024137901748846627 -0.7481114047611491 0.0003566242915519178 -0.024135322271296365 0.9997086111195046 50.354387163287704
0.9990279855701438 0.040930547819986396 0.016362752712830726 0.4262081700442789 -0.04068712716887432 0.999060184427242 -0.01494253347535781 -0.7905264975276759 -0.01695897311649813 0.014262250336530446 0.9997544346261662 51.446725738577605
0.9999355239387777 0.00955019029923374 -0.006140619191518999 0.3456215833202365 -0.00944641478822141 0.9998157029542138 0.016712244180039474 -0.8276083648246445 0.006299100244912245 -0.016653165565289677 0.9998414581928842 52.53458702188482
0.9979837426817507 0.06322840450160962 -0.005530242366369413 0.2703961441432361 -0.06292850589001989 0.9970646930331668 0.043611635888139384 -0.8571036387251055 0.008271511503598459 -0.04317569917757566 0.999033227278496 53.65499276879402
0.9988167216124163 0.04467593949608418 -0.01921412061718385 0.16154901162621105 -0.04373098766505603 0.9979339014663869 0.047069127393945025 -0.8761259298629299 0.021277287733881448 -0.04617318465855195 0.9987067948871131 54.77435199112834
0.998044367681523 0.044918329247945844 -0.04347124578714964 0.09516840714127706 -0.043067515728727086 0.9981628851009918 0.042614758330105605 -0.902639594751553 0.04530557585338207 -0.0406592265619305 0.998145370274537 55.88621553331042
0.9983227191156009 0.0028857814644842154 -0.05782197145319685 0.07334291706739329 -0.0029621375091848662 0.9999947762256032 -0.0012348183650080773 -0.8665174969524188 0.057818110912937114 0.0014040226178638174 0.998326188873234 56.98116113163717
0.9950373677313774 -0.016178135878307926 -0.098177718233198 -0.03563600591286584 0.020408435050297227 0.9988990416539787 0.042238038248399265 -0.9152756490530206 0.09738630624474798 -0.04403208737766574 0.9942721796652957 58.09102340602525
0.996164249614615 -0.008560507533423486 -0.0870830931942807 -0.0463924728829892 0.008522677559427873 0.9999632821150594 -0.0008061652488842444 -0.9672188858151389 0.08708680578798678 6.0890486261105615e-05 0.9962007675008099 59.234541496989976
0.9993409355127996 0.029067963025553124 -0.021741843383434014 -0.06492164955870003 -0.027995618391065714 0.9984501215137734 0.04809835458251494 -0.9825783745556899 0.02310626757133798 -0.047457986312680396 0.9986059906455976 60.3351275842648
0.9988903420779394 0.045886255017454566 0.01060640012694225 -0.06288964640157402 -0.045790721150980054 0.9989097017762584 -0.009081248110910803 -1.0064218803781109 -0.011011544882484181 0.008585495935926082 0.9999025551312706 61.45297002075539
0.9997636907667109 0.011506884162299362 -0.01844217615039364 -0.09083433497561588 -0.010801615053933577 0.9992232293895434 0.03789610104048514 -0.9480028518637882 0.01886391645960685 -0.03768794716500916 0.9991115332701854 62.55853725456261
0.9987705635008574 -0.046342684619047246 -0.017597632972700027 -0.1033507759452632 0.04644370471781201 0.9989063680064908 0.0053760358702801886 -1.0161635105901055 0.017329247019808973 -0.006186727774676637 0.9998307387835088 63.66537810427204
0.9976471554464189 -0.0596640771331854 -0.03376848751834341 -0.13859016835951238 0.058893523456438744 0.9979905652465727 -0.023371694145363674 -1.0203607507088865 0.03509508423953804 0.021327960644322103 0.9991564130686358 64.75545049566975
0.998839932874714 -0.04483450484019787 -0.017567449739050542 -0.16013761752103617 0.0452218335015773 0.9987277645523601 0.022308957853596306 -1.01344087327341 0.01654488793855267 -0.02307751469568983 0.9995968085272078 65.84097868691035
0.9986202477409004 -0.02188972503952311 -0.047732592212860726 -0.19018715833822114 0.022226234159793322 0.9997315627365234 0.006530581672040721 -1.0158492869613978 0.04757682985672804 -0.007582489253572092 0.99883884372641 66.92579216632338
0.9999392902718659 -0.008145722832437622 -0.007417721341261825 -0.2226604670149666 0.0080153584157115 0.9998157513668348 -0.017437570408507175 -1.029451993367139 0.007558394283159573 0.01737705706021709 0.9998204804778679 68.01273333285674
0.999910307424588 -0.005937097518094727 -0.012003649398793316 -0.2324962474540554 0.005721967127164541 0.9998237391447502 -0.017877394897429687 -1.058027772685054 0.01210767211909062 0.01780710796981003 0.9997681710280721 69.08768925693109
0.9997325815955543 -0.01511846172779288 -0.017497343542255735 -0.24157245234455987 0.015917338016363854 0.9987934159245231 0.04645645455485915 -1.038458729128641 0.016773880676995725 -0.04672255014126989 0.9987671024090345 70.16446878329097
0.9992592857873233 0.03559091229056596 -0.014633056751626258 -0.2874567465967155 -0.0351152161833864 0.9988843518117554 0.03157253254833525 -1.0427645725850345 0.015740425858865877 -0.03103530914597562 0.9993943832137558 71.24188847504573
0.9995391729296913 0.022931196275731428 0.019888731386263944 -0.30470669792247207 -0.02310684542276521 0.9996955301950782 0.008647087145514123 -1.0726088881135873 -0.019684393463806214 -0.009102670912119665 0.9997648476794111 72.31983193979076
0.9999384583721519 -0.0060367865075758795 -0.009305713124134234 -0.3258194631721677 0.006183225689703575 0.999856149108231 0.015789247101799596 -1.0768757465953858 0.009209056434958566 -0.015845818302593156 0.9998320798719691 73.3772033916969
0.9985030124998319 0.04368506730592927 -0.03291365283586476 -0.33609444352000295 -0.0444900572185989 0.998718163851275 -0.024135358206086473 -1.0775350274097397 0.0318171096059446 0.025563560117519746 0.999166783149665 74.43779491038207
0.9971572084975064 -0.013764878693218364 -0.07408096432812031 -0.3452435885084193 0.015688711200897803 0.9995528965209521 0.025450400997664418 -1.0347232972976403 0.0736975278617653 -0.026540290679962292 0.9969274657551049 75.50011042427204
0.9996678167801095 0.01966548735333708 -0.016657860637171527 -0.3681493243951167 -0.019332861724882733 0.9996149814086843 0.019899269191464765 -1.0700756486178302 0.01704277524592913 -0.01957061903000105 0.9996632529516666 76.55675166307414
0.999701865360014 0.023205701096116426 0.007591801637855876 -0.3742877519766553 -0.023203747809699336 0.9997306228231876 -0.00034552953225598063 -1.1226682274971602 -0.007597778830653024 0.00016926679766425906 0.9999711644466555 77.60353303386134
0.9997895530636192 -0.017266888973842723 -0.011075366800956762 -0.4478458960051407 0.017110594548438204 0.999754746696352 -0.014054377461286752 -1.14197708845927 0.011315324438609577 0.013861914173543358 0.9998399348833307 78.64707039323068
0.9998843863469628 -0.013749252537213064 0.006490886995489254 -0.41357904766568687 0.013964103299660835 0.9993137490963454 -0.034305775017554795 -1.166176734306156 -0.006014757687063068 0.034392451539352366 0.9993903474550311 79.69635210261514
0.9999057456498398 -0.013501736483022796 0.0024824480142190217 -0.43830982509548777 0.013492800963880568 0.9999024844856098 0.003580133400669456 -1.0959727719584735 -0.00253054731056665 -0.0035463026487431728 0.999990552298891 80.72645277433315
0.9995431850918309 -0.03010116709943005 0.0027019429106802926 -0.4898502982506904 0.030018252252493882 0.9991912408676635 0.026751078829771853 -1.1606483140023187 -0.003504999895107579 -0.026657755912137936 0.9996385164871713 81.76775683315705
0.9999805287458572 0.003543061940025545 -0.005133075199848102 -0.5107337521710757 -0.003464847971861543 0.9998788905875511 0.015167415714343784 -1.1797823607901232 0.00518619035280952 -0.015149338566300024 0.999871834581731 82.79284861502524
0.9999383401585026 0.011086866934476663 0.0005973963493503071 -0.5582684000349185 -0.011102111834584373 0.9990763697112809 0.041509060587448555 -1.1977414921502774 -0.0001366421382026188 -0.041513140638674 0.9991379910214844 83.82401949295875
0.9990240699072195 0.04158268685162289 -0.01489118934057806 -0.6059747710042359 -0.04212923387635187 0.9983703374830779 -0.03849218622563938 -1.2423671428353893 0.013266312087568607 0.03908197873956195 0.9991479812923629 84.85402487640425
0.9999946942561155 0.0025274922322628735 -0.0020452047320794497 -0.6464609742492634 -0.002542550264260145 0.9999693698052194 -0.0073923205435199755 -1.2318023707036816 0.002026455344217854 0.0073974809378620126 0.999970627255481 85.87877865688927
0.9969717118917447 -0.07729005186163915 0.008579812971810936 -0.7091345134309776 0.07764155192219467 0.9955238986970352 -0.053886993344224594 -1.2592033656413237 -0.00437648404031508 0.0543899642486351 0.9985102216781184 86.89751946228779
0.9967236009615411 -0.07748862091674971 -0.0231848341473676 -0.7169524092849692 0.07763965081536695 0.996965200704656 0.005685483154912645 -1.2788848841617195 0.022673912589041636 -0.0074669198795253924 0.9997150711150781 87.91937770257752
0.9991888150856981 -0.03307167140142373 -0.022976154469678583 -0.7392764565551856 0.03323579238563474 0.9994244094240567 0.006798267563159446 -1.2884839220134379 0.022738103890146095 -0.00755638363636969 0.9997129459810826 88.93098856767827
0.9994587420816811 -0.03197103114737672 -0.0077461835594286686 -0.7574757084085585 0.03191013606477346 0.9994598181783513 -0.007861269185720804 -1.2386303013507072 0.007993335094799192 0.007609833803771547 0.9999391439922206 89.94002919363392
0.9996646053971767 -0.024428025435576477 -0.008595091929994069 -0.7964996717642687 0.024595002552760665 0.999499611067343 0.01988964091294091 -1.2911122352518014 0.008104929393164909 -0.020094367495066892 0.9997652830434046 90.92811344513163
0.9998333011307252 0.010515234649307917 -0.014924044564603759 -0.7810452753000887 -0.01113801262662767 0.9990437472432296 -0.04227907589956099 -1.2870228517997577 0.014465202563628349 0.042438256865349966 0.9989944178689778 91.88660756025679
0.9987405043699296 0.050139933157398245 -0.0018219082659874392 -0.7596129056926921 -0.050171357101054165 0.9983448375209182 -0.028114139004353854 -1.2821747261898722 0.0004092539064805321 0.028170140406511276 0.9996031064202789 92.84397375048269
0.9995320717641224 0.015787465719119355 -0.02619772427040783 -0.8074678778085709 -0.014514471692561377 0.9987375224324295 0.0480902889053914 -1.331374303274499 0.026923878716244284 -0.04768754355938473 0.9984994229384905 93.78994840216468
0.9983524736805373 -0.012906190233776102 0.05590792310094583 -0.8079633261985032 0.014881362847671704 0.9992744694234602 -0.03505801318163744 -1.2984700584534736 -0.05541489761745976 0.03583224425861575 0.9978202914642452 94.71643107229792
0.9999275174691222 -0.004153547440007439 -0.011297573525379993 -0.8507607895325184 0.00384427440818335 0.9996209682173062 -0.02726033647180314 -1.3076949228473842 0.0114065217799816 0.027214932819578545 0.9995645718796072 95.64346876240428
0.9998241092449728 0.00807939301972049 0.01692339495458668 -0.8457831275059267 -0.008265696227980195 0.9999056823781322 0.01096763893344517 -1.3223719101270917 -0.016833186212640534 -0.011105593726169706 0.9997966814779261 96.58152961461575
0.9989229790815041 -0.023364123188694737 0.04008649306706572 -0.8737362358313431 0.024984307239484884 0.9988710050825258 -0.04040401078078204 -1.3621992870719368 -0.039097232645797585 0.0413620325433788 0.9983790278885444 97.49250642791812
0.9980994054350961 -0.035267802724569294 0.05053401109102635 -0.9157223826257217 0.03654970530819718 0.9990272394348273 -0.024671408534944508 -1.3418425057745957 -0.04961474949445295 0.026471524483782198 0.9984176128697156 98.40072949526073
0.9972095785269497 -0.008375526544411184 0.07418109169503105 -0.9010953335213846 0.009680841000013735 0.9998042585100736 -0.01725428852895248 -1.3515576382352366 -0.07402206214523097 0.017924279505588243 0.9970955566967125 99.28933538805114
0.9982818138309302 0.019471918956836337 0.0552647433941935 -0.9255153247919502 -0.019887044524642586 0.9997779193575055 0.006971507386357347 -1.3437432136080918 -0.0551167243478035 -0.008058581404390038 0.9984474451002772 100.16209297026575
0.9973315339121582 0.029685197279990548 0.06669728512262786 -0.9374492925778345 -0.03062858635433886 0.9994441065852573 0.013166320667428231 -1.3842635531680954 -0.06626936755451084 -0.015174030925133053 0.9976864308858582 101.02139630246634
0.9997978294864512 -0.003908657712710231 0.01972181190776119 -0.966146127797096 0.003768773240835376 0.9999675071506335 0.007124989908240804 -1.3479113486692982 -0.01974901979226178 -0.007049222321598681 0.9997801655095281 101.87150867239697
0.9988169528317874 -0.04673233365338842 0.013442880754901453 -0.9948363859831083 0.04718375725986448 0.9982554288575238 -0.03549332750404291 -1.3573378660266515 -0.011760741464993684 0.03608562677892108 0.9992795440538749 102.71465157120048
0.9996516311283926 -0.021455813954710943 0.015368531021020183 -1.0443220939535727 0.021964369677519385 0.9991897908223247 -0.033724069610500104 -1.3818405062098227 -0.014632501007449672 0.034049885095608835 0.9993130590078351 103.52808667427608
0.9989764642193458 -0.019720597266256308 -0.040706870367735015 -1.0934745006461806 0.023681321981241562 0.9947825966111201 0.09923086696610167 -1.358631701349419 0.038537600026894624 -0.10009330158677711 0.994231501726826 104.34956869432264
0.9988421545740617 0.04618922975722054 0.013447401836054848 -1.1218372855934304 -0.04641910724828402 0.9987719534195061 0.017315774162373773 -1.3807754521095001 -0.012631084473114949 -0.017919942355889056 0.9997596841418185 105.16476653291843
0.9998124792388331 -0.009514679212908021 -0.01686429819567607 -1.1861250229314284 0.00945918650702897 0.9999495839214614 -0.0033671792211228606 -1.3741883759255769 0.0168954893930532 0.003207026275071073 0.9998521651149205 105.95912024895625
0.9996229715566218 -0.024883887212895948 0.011603198237756686 -1.220759302975882 0.024962185825948738 0.9996662512821592 -0.006652805141570567 -1.3733113293604684 -0.011433776812487239 0.006939939353834363 0.9999105963304527 106.73471260361018
0.9999700603060996 -0.005178245242893529 0.005743830035718301 -1.2712254358939656 0.005241160786415115 0.99992582683907 -0.010993431848109737 -1.3789142889119306 -0.005686475579919761 0.01102320878113123 0.9999231208087953 107.5164393678362
0.9991863215708361 -0.004995232765849342 -0.0400208664475964 -1.3451475174631522 0.0050320896712745585 0.9999869947523273 0.0008202985645868044 -1.3447648000082362 0.04001625429229691 -0.0010210190585049168 0.9991985546310855 108.26921853405712
0.9994995737600765 -0.028201841925743553 -0.014324296886072516 -1.38351707217524 0.028106138850444395 0.9995815406175718 -0.006839086598897504 -1.3411481280358613 0.014511181182942498 0.006433064727871963 0.999874060051183 109.02502687118384
0.999255393388323 -0.03464700388997311 -0.01697560666530974 -1.4794669333185237 0.03494258927344284 0.9992371907163395 0.017436646299415454 -1.414035549825281 0.016358533730318738 -0.018016835494265925 0.9997038995009074 109.74453449813407
0.9986251791462301 -0.021885582131611816 -0.04763087429157484 -1.5768030621319467 0.02107468998222953 0.9996254135448416 -0.01746065655819465 -1.4068130611259182 0.047995175692761224 0.01643284756724319 0.9987124307303913 110.46988139241253
0.9993873006563755 0.0003575964281877688 -0.03499746744290543 -1.6635835949520854 -0.0014452817982485322 0.9995165137780441 -0.031058562997904035 -1.4536401362412974 0.03496944566088093 0.03109011822252265 0.9989047187211773 111.17528713849288
0.9982298467941716 0.011936580737254688 -0.05826335319432799 -1.772207400487202 -0.011633663535771048 0.9999169964108375 0.005535580498137039 -1.4368467926027846 0.05832460059812216 -0.004847965101411747 0.9982859474438167 111.88450583869064
0.9970148052731587 -0.0383850668296142 -0.06699247738717339 -1.8839839659407294 0.037050760212946336 0.9990916956701198 -0.021047786121905627 -1.4705810526166503 0.06773955696858348 0.018502834510878693 0.9975314993528359 112.58695562930026
0.9927893114087913 -0.07745832218407717 -0.09148507415280872 -1.9748834437695533 0.07693239823174389 0.9969932396870036 -0.009266639666616491 -1.4823815321771399 0.09192778951679163 0.00216165541812867 0.9957633772261177 113.27377598201652
0.993767982468267 0.03410489191201534 0.10612310323148817 -1.919000147787602 -0.029815774824971563 0.9986833735813161 -0.041744219852558266 -1.4918847973934677 -0.10740706194385938 0.03831992471341347 0.9934763458212387 113.6502524711117
0.9876347785114634 -0.07548003775455317 0.13740585084356888 -1.8819116979650066 0.07951192027373204 0.9965428892545588 -0.024086622798357292 -1.4254009196242663 -0.1351127630910602 0.034714188878098566 0.9902218991883638 114.06997902934904
0.9902778515083821 0.01734895013520486 0.1380175728377001 -1.7554985661442601 -0.013101767563063907 0.9994140446413681 -0.031622018398187 -1.5082239706366427 -0.13848530810622853 0.02950630925593069 0.9899248155514597 114.47911237274991
0.9728613101704925 0.021071528083343498 0.23042769266832175 -1.684490043984628 -0.012249229166828805 0.9991385462827762 -0.039650506983262404 -1.501206015971306 -0.2310646777797939 0.035751881006543515 0.9722812663930069 114.88551721706745
0.9779969291223642 0.0029650881271457426 0.20859835701770194 -1.5761044352760052 0.01019597829036419 0.9980247538403935 -0.061989303398206276 -1.5083327406463112 -0.20837012059597704 0.06275220917609946 0.9760348335884905 115.22856849792637
0.9747940352130982 0.015074944702255086 0.2225969331011778 -1.428547187888314 -0.01722886007851598 0.9998216536714379 0.00773745548465364 -1.5478035832463273 -0.2224405838786238 -0.011377514654127542 0.9748798295666021 115.58561721102367
0.9643938554924844 0.001938608658734525 0.26446321664017985 -1.3304257710608005 -0.00661536602618463 0.9998370982054922 0.016794492300494547 -1.5663497386501373 -0.26438756558077114 -0.017946023302535072 0.9642495002361543 115.94189170519833
0.936997249193376 0.027686849534311674 0.34823792590378766 -1.1669541210331058 -0.029232350879020572 0.9995723304438541 -0.0008166152086331919 -1.6155062587839908 -0.3481115862520068 -0.009414645096229562 0.9374057986094383 116.2598807797131
0.9503950765398919 0.004478645594781285 0.31101318282868734 -1.0069734322190635 -0.010358226654750426 0.9997974784688214 0.017255439004152537 -1.6174931964670227 -0.3108728996022671 -0.019621026349253997 0.9502489141849392 116.59429487349199
0.9336038429047898 0.021800097051491767 0.3576432299831988 -0.8323138933599923 -0.021357347065861138 0.9997584643949448 -0.005188215901532777 -1.606368854437987 -0.3576699308284146 -0.00279457081035222 0.9338438596719251 116.88795387721746
0.9081355967725108 0.04040812541478046 0.41672170683318155 -0.6381955453657018 -0.025453152254253916 0.9988190857059941 -0.041383717293572084 -1.6359269512095675 -0.4179018084838902 0.026975144702503805 0.9080916051401137 117.17676397686678
0.9066101963209425 0.02017503818846314 0.4214866301934823 -0.43217723633269656 0.003330647041080871 0.9984831362478153 -0.05495793306052514 -1.6726853029991495 -0.42195604625707034 0.051229242916663954 0.9051677209164398 117.454762082684
0.8855741879877622 0.031448391507913044 0.46343221285560365 -0.20125308527004693 -0.037866552478530525 0.999272471477759 0.0045489490426544365 -1.6547924474462363 -0.46295196766249297 -0.021577009203356975 0.8861206755307314 117.71781312787799
0.8666964060329626 0.012643225422307036 0.49867579477184165 0.03580694215917246 0.012610860593090452 0.9988039372222083 -0.047240895120514714 -1.7303082421914295 -0.49867659352683014 0.047232242572236134 0.8655002678346492 117.95789125325093
0.8637984156614715 0.008373219584015342 0.5037680477813083 0.29507573881284976 -0.024796813307210532 0.9993567608284362 0.025907983780557895 -1.709357729892126 -0.5032270398965704 -0.03487111344734939 0.8634503431325121 118.18949343098538
0.8487777238257715 0.028639049931260797 0.5279737114923793 0.5615668911694152 -0.0389696137214278 0.9992047053839815 0.00844789513333816 -1.7182885363471427 -0.5273118438279963 -0.027745313422607335 0.8492186763334727 118.41494024144946
0.81677159824532 0.036132608410935546 0.5758286642570589 0.8356311383333037 -0.02222229069084507 0.9992666732808411 -0.0311821496045899 -1.7459312418182233 -0.5765330485860799 0.012672462324029549 0.8169755173066462 118.61803289348563
0.8211734204401153 0.02982668901011926 0.569898799662042 1.1335085025713005 -0.026049299397950188 0.9995514330912935 -0.014778619464890444 -1.7347331834577169 -0.5700839222341811 -0.0027096535725747114 0.8215819634579279 118.8131529497466
0.7828929500231994 0.027853907948844774 0.6215326606758576 1.4633239742194277 -0.05816598538257942 0.997898730747981 0.028546143405245947 -1.7951510912886652 -0.6194314903827675 -0.058500628280756466 0.7828679636469458 118.9902480979162
0.7606320596695041 0.04041668393389187 0.6479239315950424 1.7940890840719947 -0.06922152856343385 0.9974195246685242 0.019045019837937705 -1.8217896922109 -0.645482199905931 -0.05933653186134999 0.7614669059670565 119.1592292752749
0.7203162058308906 0.03661440906832934 0.692678863786696 2.137030949023527 -0.06538909227056086 0.9977432006194229 0.015258218015634172 -1.855403995822027 -0.6905569085627951 -0.05628437830786171 0.7210847163034786 119.29875633576793
0.6831212158106191 0.028523816503916926 0.7297478030609845 2.5313989274113022 -0.057965134764197075 0.9982022279407716 0.015244548964099977 -1.857767585839056 -0.7280009994634581 -0.052713799235200524 0.6835464457095598 119.41682166298743
0.6918246471656141 0.01747622426891692 0.7218540703150029 2.888922561515687 -0.03143593393712966 0.9994881958055525 0.005930387013709994 -1.7879585510369935 -0.721380931496244 -0.02679494136597877 0.6920198885021877 119.54572019723325
0.6538689089289494 0.0239395995518892 0.7562290692509919 3.279377273442981 0.0017412250697049353 0.9994490690781684 -0.033144644232661676 -1.823715055445315 -0.7566058554958154 0.02298901680010211 0.6534669294063666 119.64637926710968
0.5927847873870894 0.01750540937803373 0.8051706751713029 3.661583874646371 -0.031536130929488024 0.9995015265868552 0.0014872067154794834 -1.8771220129799464 -0.8047432272245987 -0.026273557986698833 0.5930412984595869 119.7402975443215
0.6017537988780312 0.007943595483855148 0.7986421755063452 4.043979233218863 0.0019388658710441124 0.9999330835063946 -0.011406590016226395 -1.9052064189138356 -0.7986792854133893 0.008412419657287057 0.6016980750665925 119.82420456054565
0.5774341839922544 -0.0014459916069837833 0.8164359937780381 4.448114909382964 0.03880062650548723 0.9989171377625053 -0.025673025813410365 -1.9453294784320154 -0.8155147243843499 0.04650270858807277 0.5768649544720722 119.88793874837914
0.5614212321762561 -0.0033266576375415575 0.8275235302283059 4.876979286947233 0.03456024719991163 0.9992137428399004 -0.019430039130915178 -1.9521537209033992 -0.8268081870971983 0.03950785266400202 0.5610947287390063 119.96738689013925
0.5636398161421295 -0.004807905284930011 0.8260067199344681 5.315832823513103 0.0486595119257157 0.9984397665073291 -0.02739207080912107 -1.9745511182500222 -0.8245861985360023 0.05563234272372881 0.5629943045171856 120.01089126027385
0.549343373584501 -0.016924636992373347 0.8354253253477157 5.755292003268432 0.023481909527267354 0.9997127010733494 0.004812091525702379 -1.9869956964613167 -0.8352666909437205 0.01697389160303221 0.5495829193993851 120.06931620520194
0.029054401925655372 -0.041524844064373116 0.9987149282948244 6.292134325485618 0.05135679704356363 0.997879168927047 0.03999602852239238 -1.9484268238725526 -0.9982577038018817 0.05012873033005752 0.03112536026729907 120.05503335673936
0.08203426887000392 0.0026380589689339084 0.9966260072467528 6.80164167138075 0.024349905284621186 0.9996926997399282 -0.00465047072838618 -2.0101296821270456 -0.9963320642622229 0.02464923637282463 0.08194482122313934 120.17276604766198
0.04258333029265581 0.01226384598642669 0.9990176359842563 7.33164769229151 0.02941246467513921 0.9994758971383942 -0.013523188965896639 -2.004701831147559 -0.9986599464502962 0.029959423092500864 0.0422002983393964 120.10979604389912
-0.10870960924617708 0.012356248353489455 0.9939967419106235 7.910553966072473 -0.006698658336653983 0.9998909565455247 -0.01316213028488711 -2.041846327474504 -0.9940510381670475 -0.008089306829384484 -0.10861499661700982 120.0892138484238
-0.037550369916533634 0.1194293636761321 0.9921323378238458 8.479693313537384 0.04625076291637682 0.991976315626492 -0.11766008177974073 -2.0411305692633546 -0.9982239016156402 0.04146868769044197 -0.04277278387665789 120.04676131191756
-0.05903166645919301 0.005208144904450665 0.9982425138845116 9.140204792385223 0.040389013398312607 0.999180057765528 -0.0028246130812521197 -1.9789521325375399 -0.9974387752666255 0.04015127896677467 -0.05919362506237212 119.92912505087864
-0.009953170690375879 -0.014215329556463948 0.9998494075327412 9.754415905912598 0.1198890212422692 0.9926693136599598 0.015306697295857978 -2.048849929228535 -0.9927374674706093 0.12002331166740753 -0.008175952085689045 119.97801932834109
-0.16760789050643202 0.0435996003825255 0.9848891556064734 10.42620385941704 0.08386994918217525 0.9960304440624251 -0.029819872629834317 -1.9916256637681673 -0.9822797681685099 0.07760454952789214 -0.17059927255258006 119.90413954969709
-0.09015875222678695 -0.07320035542190047 0.9932336514173191 11.113989436214741 0.09098276754530694 0.9925196000367327 0.08140649993331582 -1.978127160751126 -0.9917629028658937 0.09770664874226706 -0.08282436928011451 119.85534002825935
-0.10404018458878543 0.0008048051198629863 0.9945727581349766 11.81998483749931 0.02747951473687341 0.9996202518527201 0.002065680130664655 -2.0049918360886623 -0.9941934594848867 0.02754528019413891 -0.1040228028490749 119.80952319745055
-0.08179087036700163 0.10304857104247878 0.991307835374802 12.514492908355034 0.07331651124921443 0.9925675932078861 -0.0971303287877676 -2.0334806951187803 -0.993949225520339 0.06473484897783419 -0.08873813876464433 119.76079793352662
-0.09043478271883618 0.13150023016776768 0.9871824646361913 13.258057926716727 0.11511359770316996 0.9859804980342214 -0.12079468448029189 -2.0489272844616684 -0.9892272387847315 0.10271407695190135 -0.10430440689794802 119.73859666428689
-0.08750888744859636 -0.008231030779496645 0.9961297223226402 14.002987401208479 0.052069882409530026 0.9985611023899493 0.01282539739340696 -2.067357455384813 -0.9948020112930028 0.052990684833820745 -0.08695439324333713 119.66486592668109
-0.09000546268964592 0.0026695396271483925 0.9959376833863482 14.774130520008628 0.013309120220701545 0.9999103576054211 -0.0014774136257294645 -2.0514516210093965 -0.995852400151853 0.013122067991877063 -0.09003293452669621 119.61180373640131
-0.1036316634512853 -0.08096606804820078 0.9913147598517323 15.555594581331672 -0.02739162309291226 0.9965354688106188 0.07852895685928796 -2.072077823051489 -0.9942385501557413 -0.019015646002685585 -0.10549043296615958 119.54465123966749
-0.11707720038249787 -0.010065385120950215 0.9930717980678576 16.36486539758792 0.020490066348023514 0.9997113259533135 0.012548331378833112 -2.100711376709228 -0.9929114785528061 0.02181721999795428 -0.11683717527276827 119.49441758735092
