0.9999967657777777 0.00017849190690528817 -0.0025370405246422155 -0.03995422572129821 -0.00018236024297082747 0.9999988211782915 -0.0015245939686632174 -0.027727348744452 0.0025367654062390466 0.0015250516931140244 0.9999956195097093 0.9099580561780929
0.9999867920098736 0.00032169555781707507 -0.005129553369459706 -0.08288307126967073 -0.0003364274065352192 0.999995821070539 -0.0028713512601343284 -0.05729046600728501 0.005128608232472689 0.0028730390576920065 0.9999827213628099 1.8129858061023971
0.9999689941676366 0.0005766759637015348 -0.007853543671401156 -0.1267859552825543 -0.0006092520378615013 0.9999912189409967 -0.004146185337665162 -0.08809643479862754 0.007851083703545508 0.00415084156922387 0.999960564721903 2.712294326262627
0.9999459421870514 0.0008720740972065198 -0.010361090213867514 -0.17282269304454076 -0.0009234468460440498 0.9999873000630717 -0.004954488721465189 -0.11945806889044747 0.010356637947396394 0.0049637888087202 0.999934048250728 3.605277624229738
0.9999181607453164 0.0012327192594712524 -0.012733900224660288 -0.22031389816166086 -0.001309706033486551 0.999980905920726 -0.006039243667073585 -0.1503431100844693 0.012726212390578886 0.006055427085827071 0.999900682728539 4.487570302089369
0.9998833056840354 0.0019902632473565596 -0.015146414314044596 -0.2702895318487621 -0.0021058004993767354 0.9999687813113598 -0.007615904866210653 -0.17956081823953682 0.015130783807301523 0.007646911460228119 0.9998562817357786 5.365541727777477
0.999842003917715 0.002495779639240644 -0.01759938310853071 -0.3204812593756346 -0.0026446193057192606 0.9999608947174426 -0.008438899491038487 -0.20828369978888778 0.017577633246154075 0.008484109846317672 0.9998095052006557 6.239280856046665
0.9997959180549444 0.0029137299832108763 -0.019990808344259047 -0.3693783830828659 -0.003096712439855056 0.99995353946339 -0.009128487646030475 -0.23656553085865373 0.019963281612420492 0.009188530471398676 0.9997584899839761 7.1066415719942535
0.9997500526310924 0.0034833361246288186 -0.02208389987235664 -0.4180119486121471 -0.0036953741112958198 0.9999473979232824 -0.009567946312295262 -0.26535257835554754 0.02204940984033319 0.009647163101153402 0.9997103359322608 7.977576472323684
0.9997070993261459 0.00405774915815678 -0.02385896537309721 -0.4662221606655926 -0.004328096045323348 0.9999268952340508 -0.011290339774104995 -0.2947284572876413 0.02381140780230413 0.011390296719653916 0.9996515783007155 8.846960924654676
0.999653675893009 0.004704804790451847 -0.02589195020620039 -0.5146187682947104 -0.005023242905926858 0.9999123795109303 -0.012247462247250523 -0.32582097000267396 0.025832059621808606 0.012373282211018731 0.9995897191263138 9.730955394491357
0.9995861634527206 0.004721694413595909 -0.028376177257295736 -0.5609057699384281 -0.005114713264489045 0.999891780579043 -0.013793724612788456 -0.3576297291863596 0.028307976651377083 0.013933152275633943 0.9995021389299625 10.628927753269565
0.9994970054502883 0.0050861164948559565 -0.03130283557297943 -0.6091476441803145 -0.005518528175139138 0.9998903324106839 -0.013742961778036723 -0.39019832571000945 0.03122950436187592 0.013908794723236691 0.9994154609003502 11.544694194766846
0.9994112741293394 0.00352554774352482 -0.03412734470011367 -0.655637381980853 -0.004007223423682026 0.9998931801507088 -0.01405597554547503 -0.4226655929684547 0.0340741442094287 0.014184456324104382 0.9993186448251556 12.452640930655988
0.9993247586346067 0.006133502155517168 -0.03622715737116466 -0.7110531361797151 -0.006725640408838832 0.9998454052866789 -0.016245962212444974 -0.4558543121598282 0.03612191219990792 0.016478643100251364 0.9992115200399752 13.345545147941868
0.9992440212710363 0.007040068421477676 -0.03823379906197681 -0.7643339433857013 -0.007762108095909176 0.9997937090994719 -0.01876936128450777 -0.48858148694474685 0.038093774189467314 0.01905194692785676 0.9990925320941304 14.228667127846903
0.9991285228620909 0.010427265769469049 -0.04041617166421261 -0.8245757416167667 -0.01127151434427125 0.9997218282146075 -0.02071760496847933 -0.5221455795994281 0.04018890105246881 0.021155101508050743 0.9989681245727413 15.119795229201218
0.9990176691258632 0.012174347165409315 -0.042608473868764825 -0.884104659670615 -0.01305413930786285 0.9997060320185761 -0.02043132380940968 -0.5556194001058251 0.042347210312605396 0.020967470442810474 0.9988829155421424 16.024724367747883
0.9989330352410438 0.012454597685395712 -0.044471047891995526 -0.9432446705912539 -0.013299981029780278 0.9997354626177826 -0.01876473525035753 -0.5893596084944677 0.04422557640918551 0.019336178032472222 0.9988344260238395 16.936144364042995
0.9988575877743485 0.013107228512573713 -0.04595345369317352 -1.003898852326579 -0.013928555928436497 0.9997481104314115 -0.017598608427118585 -0.6223985406292244 0.045711209515390004 0.01821856881156715 0.9987885507328864 17.845711288583974
0.9987960523210925 0.0129734382182746 -0.04730893962666929 -1.0660549835275783 -0.013810961368781296 0.999752877384507 -0.017419572539798315 -0.6542823826605327 0.04707125676963868 0.018051982223453375 0.9987284028823513 18.761252766434303
0.9987268357774607 0.013582068629218944 -0.04858224891556814 -1.1297817907112 -0.014475521447631277 0.9997316384129206 -0.0180861945980067 -0.6868517334033871 0.048323563369873694 0.018766421288274073 0.9986554233844975 19.68943930476746
0.9986641096955168 0.01263285350902054 -0.05010396210163734 -1.1897372823882537 -0.013596700891351524 0.9997281096240912 -0.018942981610941708 -0.7192027502961164 0.049851035404831864 0.019598924451637193 0.998564347665891 20.633150471282686
0.998604513522974 0.012940755096344035 -0.051201195582550756 -1.251891691367241 -0.01384462388592938 0.9997538270159227 -0.017338158970136172 -0.7520311311111579 0.05096422236239182 0.018022825099107118 0.9985378439570753 21.58324228718286
0.998538982870838 0.01483714149494726 -0.05195920437740196 -1.3148258543901652 -0.015545508420724575 0.999791291112701 -0.013255617041063811 -0.783822281237348 0.05175168456403029 0.014043982606692235 0.9985612298188473 22.537884127068864
0.9985220347675446 0.015425452530671381 -0.0521133523955962 -1.377252152659179 -0.01593504728023596 0.9998290560680654 -0.00937725494043662 -0.8129170964689392 0.051959795533279673 0.010193824418014188 0.9985971488001931 23.496781698996973
0.9985604786746747 0.014942209096061405 -0.051514083669763615 -1.4342005969159113 -0.015287707903004958 0.9998631664296259 -0.006319367404622867 -0.8377957261178934 0.0514126095046558 0.007097802804515628 0.998652274207229 24.46203365879701
0.9986205955755062 0.014659400458255215 -0.05041833070051853 -1.4909026475886853 -0.01495323371856058 0.9998733104111149 -0.00545563276588246 -0.8598228930598218 0.05033196691746155 0.006202024324571298 0.9987132861840267 25.43156449062171
0.9986561082659806 0.015292874830736995 -0.0495187378924217 -1.5473085272026996 -0.01570505713195762 0.9998450990460152 -0.007945381938325684 -0.8805789940804627 0.04938955966121681 0.008712398812918038 0.998741590955036 26.399352620372717
0.9986763938095483 0.016666948581894568 -0.04865874302245527 -1.603196344425393 -0.01731450590170084 0.9997666512208444 -0.01291708140557472 -0.904164572463632 0.048432100232560865 0.013742486369895359 0.9987319338718659 27.368615098271043
0.9987404849097837 0.01634251572471224 -0.04743802253423508 -1.6557483278898422 -0.017116719592505415 0.9997261071611717 -0.01596021838073975 -0.9310809837195265 0.04716419947971769 0.016752099574587495 0.9987466673022148 28.342327774493544
0.9988119849036519 0.014595916657238216 -0.04649277395212139 -1.707092223781965 -0.015309492452944476 0.9997698454531623 -0.015029157108548293 -0.9608818579358223 0.046262709104216294 0.015723083014954384 0.9988055598597977 29.3232642436173
0.9988235897027573 0.013635952073187163 -0.046534905870289266 -1.7637339723403043 -0.014114050345012414 0.9998507759732911 -0.009960891951344565 -0.9905246440967713 0.04639213549899804 0.010605969859736938 0.9988669997387927 30.316622947630076
0.9988158272661315 0.011046753611515973 -0.047380506933979896 -1.8207280609526368 -0.011306302661119491 0.9999224906424516 -0.005213465980660886 -1.017207053842116 0.04731924262717673 0.005742990688030465 0.9988633076328051 31.32479713355429
0.9987883530650715 0.0040419946739948575 -0.049045775155648404 -1.873578656186214 -0.004303828877475347 0.9999770401720426 -0.00523413658159681 -1.0393650837861759 0.04902349272090299 0.005438879279483745 0.9987828171097193 32.34701680813892
0.9987116260263587 0.000995336372186639 -0.050735562924774984 -1.9329523614167516 -0.0014634018921693974 0.9999567068733949 -0.009189278198937924 -1.0639757800293375 0.05072422000080033 0.009251685490854237 0.998669845254621 33.38860917174786
0.9986269436325359 0.001484695658584215 -0.052364330702706595 -2.0024120255802624 -0.002198740146328578 0.9999053549456957 -0.01358111529630442 -1.09851831818744 0.05233921085486445 0.013677603215621207 0.998535692991175 34.451106180232955
0.9985300308547325 0.002126863107755046 -0.05415952302752557 -2.07414028708945 -0.002896152233807389 0.9998959777558951 -0.014129613222647618 -1.144752093423399 0.05412383747931047 0.014265697350773847 0.9984323212394565 35.52525308321727
0.9984523922827829 0.0023443373288055177 -0.05556369702672598 -2.146378660266792 -0.0030091928907763966 0.999924842906719 -0.011885002992010686 -1.20059629385334 0.055531658564598324 0.012033811551739155 0.998384406066422 36.59889898242473
0.9983803676683014 0.006099417592183812 -0.05656357979782437 -2.222669406455947 -0.00657013465467496 0.999945287954304 -0.008139682340482738 -1.2555782177841495 0.056510837766999375 0.00849812938361647 0.9983658182308985 37.66694570456892
0.9983752389672322 0.005672145256776272 -0.056698403728053626 -2.2946459621703137 -0.006061005390029268 0.9999592613438804 -0.00668878660623217 -1.3040483324440013 0.05665815414205944 0.0070215682569996305 0.9983689454046671 38.732364708164695
0.9984238617559685 0.006474347605978347 -0.05574831925158613 -2.3665862484139386 -0.006706392299599202 0.9999696062633475 -0.0039762861881759435 -1.3453953477755827 0.055720880992888834 0.004343889110389961 0.9984369354389756 39.809532938373344
0.9984869997257817 0.005603801033169057 -0.05470199989569405 -2.4365222299209943 -0.0056215232362853435 0.9999841846441545 -0.0001701119345440369 -1.3804434107630488 0.054700181490665634 0.0004773631186253298 0.9985027101962926 40.89049064872859
0.9984826577583958 0.012110770964699534 -0.053718817767812885 -2.516372550469996 -0.012009718641009262 0.9999254527238279 0.0022035546764624606 -1.4103405510246634 0.053741499922263895 -0.001555063242751113 0.998553670547766 41.96319649383125
0.9985111906375799 0.013248354895927364 -0.05291392315898702 -2.58837546358202 -0.013176565096713824 0.9999117310283916 0.001705369185361147 -1.4365034129811074 0.05293184583760221 -0.0010056064627247084 0.9985976208923526 43.01945246438963
0.9985396462853188 0.01243423652700159 -0.05257342064562828 -2.656691786815814 -0.012436276391014085 0.99992262494926 0.0002883472017528414 -1.4628363130652682 0.052572938151846715 0.0003658914771244191 0.9986170198316817 44.05674946251277
0.9985320507726634 0.013868365255346307 -0.05235849525038629 -2.728436259121486 -0.014010821378698335 0.9998990710373832 -0.0023547022897360704 -1.4919681106456157 0.052320554890354795 0.003084831230939813 0.9986255771570456 45.08299020553311
0.9985229565163766 0.013514111054175685 -0.05262389297848499 -2.7964507742811353 -0.01369201861701665 0.9999016942171939 -0.0030216763190849213 -1.5222573617937267 0.052577884476145524 0.0037377404941294863 0.9986098313956319 46.10763031398412
0.9985165220248331 0.011065689450951623 -0.05331327940023299 -2.8616671729169436 -0.011168824607633217 0.9999362868366278 -0.0016369557909260005 -1.5522530263723526 0.053291768598125316 0.0022299740699427686 0.9985764941231753 47.13813200783963
0.9984712275085003 0.010484191769088587 -0.05427052202272443 -2.9305609466506035 -0.01049908989448703 0.9999448829806746 1.0590224605880327e-05 -1.5825791870273562 0.05426764182325893 0.0005592170547754798 0.998526269222412 48.172405213070114
0.9984099227574117 0.012927234447996932 -0.05486813965378327 -3.0044504945396846 -0.01310669094413887 0.9999098631242697 -0.0029120919112475764 -1.6130444782199767 0.054825548716226906 0.0036266012092931446 0.9984893624729481 49.19409829650451
0.9984024013084204 0.01285359077642506 -0.05502208888922159 -3.0754589451444834 -0.01329695577706951 0.9998819478379095 -0.007699438611422291 -1.6429182412646304 0.05491662797954604 0.00841876428109273 0.9984554513744398 50.209573718168
0.9984050637203796 0.012606796712160282 -0.05503087691618388 -3.1439564391716908 -0.013114999507097656 0.9998745322112125 -0.008883502875450013 -1.6728341456380953 0.05491197979889946 0.009591064178054724 0.9984451341773861 51.22869640083729
0.9984157030022583 0.011882153355695329 -0.054999076629876104 -3.2114922917810786 -0.012191809796463853 0.9999116410245006 -0.005298105093093298 -1.702652757371706 0.05493126407060093 0.005960249602353158 0.9984723489673033 52.25097202478373
0.9984245061237433 0.008954368018830042 -0.0553924621671881 -3.2749859225383466 -0.009060033106147725 0.9999575846081304 -0.0016567392038240192 -1.7295177974533231 0.05537527762165638 0.0021559865624195787 0.9984632844277589 53.26535180659176
0.9984250692716142 0.007327158810974907 -0.05562098339414584 -3.3381655263589254 -0.007356991314073521 0.9999728819892617 -0.00033160955192427697 -1.7529211577188597 0.055617045307870684 0.0007402903815620628 0.9984518998135933 54.26624089845878
0.99843420420296 0.004398812456255074 -0.05576549404943372 -3.399124730897129 -0.0044907180897080365 0.9999887570973442 -0.001522868985745261 -1.7737840981337876 0.05575816826834882 0.0017709115967972154 0.9984427327310641 55.25547597995657
0.9984156246664219 0.001322197177506129 -0.056253819573279455 -3.4587985873023603 -0.0014940728664086774 0.9999943435279433 -0.003013413079568754 -1.7933142238944222 0.056249517048852476 0.0030926860076718682 0.9984119526152665 56.23588620314552
0.9983779126838538 -3.614223379853486e-05 -0.05693454275543988 -3.519085021373448 -7.314893366340927e-05 0.9999981589042634 -0.001917508101050061 -1.8112792967341194 0.05693450723652203 0.0019185624365718934 0.9983760719307688 57.21577516205257
0.9983265722953009 -0.0033307324985694053 -0.05773180466726615 -3.578148349113578 0.0034638351238124587 0.9999915685151314 0.0022056166672237603 -1.8261488918835456 0.057723971583315735 -0.002401899179954457 0.9983296920281286 58.20228396878955
0.99826614184632 -0.0050491242462811685 -0.058644832573805324 -3.6419526951297705 0.005500243806366056 0.9999564956793567 0.007533529500287418 -1.838816285497266 0.05860424354374496 -0.007843028305876817 0.9982504843703602 59.1871368865657
0.998231865401667 -0.0035705491149597905 -0.05933290887632916 -3.711685100429978 0.0041856332126380975 0.9999387520686022 0.010245613017110798 -1.851244766626588 0.05929269239390617 -0.010475843188249321 0.9981856707738179 60.1655294753704
0.9982102906674007 -0.001820242408245161 -0.05977375948758444 -3.779926900228181 0.0022805671892885473 0.9999682615421627 0.007633801257603913 -1.8657381467306695 0.05975796699185394 -0.0077564570469177965 0.9981827601972896 61.14296177352839
0.9982030670445046 -0.00042759234732427293 -0.05992039809388708 -3.8430931895227034 0.0003671918911477593 0.9999994133850176 -0.0010190190068321472 -1.8822593107547803 0.059920798668412885 0.000995185613702051 0.9982026384920718 62.118454846560134
0.998163949153133 0.00031435387500813546 -0.060569231402289946 -3.903194865815658 -0.0007065651090759844 0.9999789223833807 -0.0064541114585884175 -1.9019051630750572 0.06056592587230475 0.006485057487371482 0.9981431323475687 63.081908247598
0.9980723542178985 0.005368469322401254 -0.061828434260277274 -3.9706106404560115 -0.005730814299408628 0.9999674207404295 -0.005684648203625325 -1.9273514131761897 0.061795902076178834 0.006028017490661691 0.9980706034603583 64.01910112706254
0.9979503498714112 0.008354401100782905 -0.06344527700133838 -4.037308173951697 -0.008554864709119033 0.9999592342327298 -0.0028886264040127486 -1.9539624062929337 0.06341855786233228 0.0034254714917113234 0.9979811384308431 64.91727424894839
0.9978283957063587 0.010807324617666344 -0.06497456776835053 -4.103149967399148 -0.010870677109018805 0.9999407192568424 -0.0006215716377920007 -1.9799090623997833 0.06496399850122406 0.001326539376662341 0.9978867266338476 65.79564384340911
0.9976966845384687 0.010826525352152888 -0.06696351252546195 -4.16643152234984 -0.010926717786024855 0.9999396629932245 -0.0011301377889394839 -2.0032502788143667 0.06694723668212957 0.0018592261284231973 0.9977547848939792 66.65951232070539
0.9975462977744348 0.011366027149253643 -0.0690810916485987 -4.232287946830311 -0.01140295616638368 0.9999349743460976 -0.00014025026708448806 -2.025807789954848 0.06907500551709854 0.0009276347946868876 0.9976110379834923 67.52008590967512
0.9973896069644677 0.01191335384295657 -0.07121828360385116 -4.297670558412905 -0.011894761090333732 0.9999290200763199 0.0006851772145655534 -2.048442705281673 0.07122139129411853 0.00016373583599487243 0.9974605188240317 68.37410706430518
0.997267355747892 0.01132245562748158 -0.07300426808188992 -4.360626137494872 -0.01126099740602935 0.9999358073999456 0.0012534021068254643 -2.070091372684464 0.07301377333784453 -0.0004278761312634565 0.9973308407068273 69.21171977435661
0.9971538658777954 0.01098281275141713 -0.07458917876633422 -4.423386558282747 -0.010857011479498522 0.9999388728346369 0.0020918642238061235 -2.090111749030976 0.07460759389434087 -0.0012760949275472937 0.9972121532126621 70.0392609760945
0.9970448256122734 0.013097424479317494 -0.07569724692352435 -4.488946962496038 -0.01275714400456145 0.9999062375301302 0.004977090031971491 -2.109102823106357 0.07575533642351091 -0.003996701183231374 0.997118425957024 70.85956483309113
0.9969021026462159 0.015075832834532874 -0.07719402181451446 -4.555555659121483 -0.014383275847182471 0.9998512362632885 0.009519806651290052 -2.1275562108769375 0.0773260571570694 -0.008380012357944916 0.9969706396265754 71.67035062559565
0.9967078676982183 0.017213008112285898 -0.07922839655198076 -4.622946924830864 -0.016329465509229445 0.9997971951555406 0.011786310504020766 -2.1473177477531746 0.07941520650766083 -0.010453751041644543 0.9967868097364178 72.46225814242761
0.9964937068101886 0.018886802856440746 -0.08150816502383405 -4.690429930802238 -0.01828570702269782 0.9997998705855914 0.008114905773653248 -2.1680210408355065 0.08164511746804383 -0.006596018109219606 0.9966396376518107 73.24349439744755
0.9963127431368104 0.018433542013604472 -0.0837921380085125 -4.7564919045110985 -0.01846393910794057 0.9998294419715362 0.0004122129366627165 -2.1890405312521914 0.08378544513113946 0.0011364399322303974 0.9964831697968901 74.01556547300089
0.9962083147818407 0.01655248205302987 -0.08541082424031614 -4.82292730593884 -0.017108983826074866 0.999836879451292 -0.005787673240783028 -2.2109191583621497 0.08530109162235353 0.0072270206162076845 0.9963290088826322 74.78872536792935
0.9961622798849202 0.01608329060878276 -0.08603510851781627 -4.890568536227765 -0.01677015641715002 0.9998329643598222 -0.0072667209382975655 -2.236281459530431 0.0859038648037636 0.00868165552439222 0.99626560457999 75.5513594683549
0.9961022510931871 0.017989622114692964 -0.08635206345685512 -4.962966225123031 -0.018317493114137495 0.9998277018865459 -0.0030059917301819014 -2.264047918285158 0.0862831085039227 0.004576028456964181 0.9962601493337279 76.29876509254605
0.9960147448984742 0.018187922649120995 -0.08731453151989024 -5.032011194097524 -0.018216784513755895 0.9998339518673689 0.00046632098324159285 -2.2924878572146183 0.0873085145149526 0.0011261274304531846 0.9961806839776622 77.01786196529015
0.9959446999764011 0.01357102302844164 -0.08893807914992673 -5.092753225165567 -0.013883440308434865 0.9998994293142767 -0.002895054781211018 -2.318288917626287 0.08888984573121522 0.0041180809785132935 0.9960329496231214 77.72005988681791
0.9959309036605536 0.004540176775605254 -0.09000567720271964 -5.144454960631269 -0.00528280399022827 0.9999539297468322 -0.008014384933887652 -2.3410611385750713 0.0899651438940367 0.008457255980159957 0.9959090057356705 78.40475220438127
0.9959778570351162 -0.0006843488028540077 -0.08959709795777232 -5.194486365798761 -0.0005350533995081312 0.9999075749113314 -0.013585115119134121 -2.3638164298327773 0.08959811389531748 0.013578413075778901 0.995885437530214 79.05593828946294
0.9961813460594148 7.627653170162751e-05 -0.08730818945061247 -5.248024373329382 -0.0013592091192176701 0.9998919796457443 -0.014634944164059315 -2.3879715193243745 0.08729764208627605 0.014697728464140615 0.9960738418732675 79.65362234926668
0.9964549798494707 0.005348808972359506 -0.0839575093471009 -5.303449484361494 -0.006319345192237652 0.999916202949383 -0.011298360749698137 -2.412967386005226 0.08389004118208944 0.011788864316217335 0.99640528083135 80.20616027873493
0.9968220723609462 0.003793352450864769 -0.07956988457458339 -5.3428394422393755 -0.00442175421179305 0.999960402669224 -0.007722770441639467 -2.4355980139850804 0.07953743862936175 0.008050066508252442 0.9967993741397982 80.74650602197096
0.9972964532756624 -0.0009186921579789425 -0.07347748150626558 -5.371523222236527 0.0006462785090715307 0.9999928304570499 -0.0037311336865478587 -2.4564652061515426 0.07348038246956418 0.003673559475093305 0.9972898968469047 81.28447153271307
0.9978472317901583 -0.005121780164915827 -0.06538095576435524 -5.395672951031215 0.0051595455493061455 0.9999866059030338 0.00040878387387070954 -2.4764976405125223 0.06537798634435696 -0.0007452398762657266 0.9978602925856327 81.8310162127791
0.9984670043533758 -0.0024144097480568276 -0.05529748496237707 -5.424901346558606 0.0024284179924609095 0.9999970340660017 0.00018613235629843513 -2.494718081510735 0.05529687155391082 -0.00032013242362702776 0.9984699061622149 82.353983869635
0.9991073494821581 0.0036789269835204967 -0.04208289090576777 -5.450827833756458 -0.0036873540122467838 0.9999931941681991 -0.00012262818226035972 -2.510734066213376 0.04208215335656181 0.000277693234778268 0.9991141152317601 82.8681374011269
0.9996597852775555 0.008693691873334006 -0.02459132815532731 -5.465171986320193 -0.008702534153908823 0.9999621003355877 -0.000252570267792939 -2.526565617327917 0.024588200384158106 0.00046649121283107766 0.9996975556576186 83.35863609298401
0.9999690320202439 0.0072184544476994374 -0.003135110186713807 -5.454146118015039 -0.00721768060335852 0.9999739189016797 0.0002580758121342385 -2.5410344122805633 0.0031368913280906143 -0.00023543959606369893 0.9999950522282561 83.8233093976681
0.99973519065305 0.003624114230080556 0.022724752274922284 -5.423469253184388 -0.003652808856327626 0.999992582654134 0.0012213206679755192 -2.555326521354219 -0.022720157511962755 -0.0013040064272147258 0.999741013467923 84.26108571688268
0.9986370816879551 0.0025837954348212474 0.05212775727877663 -5.381610495401371 -0.002728216806257048 0.9999926345743503 0.0026995610954814618 -2.5697930905110566 -0.0521203982220217 -0.0028380976377104152 0.9986367754549084 84.68350887301705
0.996218550070335 0.002356339953765169 0.08685072341541542 -5.325054133565625 -0.0027189588457514143 0.9999880733750527 0.004057138208828601 -2.5830872021317792 -0.08684012758255155 -0.004277939886524462 0.9962130753366841 85.08922572214108
0.9920177802995152 0.002239693231582879 0.12607817949133862 -5.245756236812851 -0.0028634461693807824 0.9999845412414226 0.004766335512416134 -2.595815860911954 -0.1260655553498135 -0.005089307655296807 0.9920088581771501 85.49060762709328
0.9856592458858918 0.0021686972740134506 0.16873395553885281 -5.1475665101478985 -0.0030001506465753697 0.9999845818339204 0.004672813984896406 -2.6074168975965755 -0.16872122005175216 -0.005112029594327175 0.9856505552464702 85.89188387370567
0.976616700122275 0.0018499547473869598 0.21497999606872673 -5.026034957293509 -0.0027749658109424797 0.9999881455223004 0.004001047315212203 -2.619180435815171 -0.2149700458366824 -0.004504051765142921 0.9766102564025587 86.28899973417221
0.9643711377852545 0.0031206299481177585 0.2645346296338143 -4.880499731509963 -0.003977505819727245 0.9999884349085971 0.002703608053738287 -2.631309624146726 -0.2645231333063831 -0.0036594696037968817 0.9643723970686803 86.6743924341854
0.9486367143298204 0.0033904738940740437 0.3163493147017943 -4.715912662911962 -0.003651438123838491 0.9999933065331177 0.00023213916046157038 -2.6421316982298557 -0.31634641016637 -0.0013753456785998825 0.9486427447670251 87.04364639612699
0.9292165753406099 0.0033767837538659176 0.36952016649128516 -4.526062335083774 -0.0028609037171598685 0.9999940179386028 -0.0019440465350532082 -2.651391101036138 -0.3695245206237183 0.0007492786457244482 0.929220677363199 87.39907380384135
0.9058269941678272 0.004026151384433699 0.42362866610028593 -4.3142564033693915 -0.002578355251628372 0.9999887132553884 -0.003990669872212311 -2.6605804939457793 -0.4236399517527527 0.00252259129908217 0.9058271511784484 87.73569852234756
0.8782925916209516 0.004031623916047703 0.47810654619273996 -4.083705565632213 -0.0013647168472826986 0.999981513963819 -0.00592530830885421 -2.669169323600641 -0.4781215965125171 0.004551674332351327 0.8782818574974063 88.05337689380393
0.8464779579214382 0.0026982487700893893 0.5324169289257481 -3.8318263344664754 0.001612728473001567 0.9999695768151966 -0.007631811771040093 -2.677613426643797 -0.5324213236338523 0.007318804383977404 0.8464478538234744 88.34369161010204
0.8107121501394455 0.0018353231520681509 0.5854420903942618 -3.5699395456671104 0.0035503791907873466 0.9999612846945184 -0.008051330305565985 -2.686553358951092 -0.5854342016178058 0.008605852718655098 0.8106742470777688 88.61764979357675
0.7721906098039268 0.0008813050628329703 0.6353903409967955 -3.2843985750840954 0.004785485535759008 0.9999626088195195 -0.007202783562435383 -2.6952598508356025 -0.6353729308515006 0.008602573117763817 0.7721575192128404 88.8761151729799
0.7311909517708176 0.0008793481709528289 0.682172279409885 -2.9869317679147165 0.0037622694805701223 0.9999787625779756 -0.005321627699855173 -2.7028081692863286 -0.6821624713928791 0.006457641970141802 0.7311721148152088 89.11996094251339
0.688170663578929 -0.00020358704928320293 0.7255488242300776 -2.6693447560843966 0.00450358392965687 0.9999818947405901 -0.003990980181301037 -2.7087119294340334 -0.7255348754685225 0.006014045504680291 0.6881591209419108 89.35104717477437
0.6431029265627812 -0.0015903608849716262 0.7657780987979741 -2.3357153322198925 0.007384057449224587 0.9999642317101195 -0.004124438868099317 -2.712576262852768 -0.7657441488787048 0.008306988181386168 0.6430916671870212 89.55110920006572
0.5974693735399824 -0.003748780016232166 0.8018829679760814 -1.9910841702962445 0.012550154499101426 0.9999103086422472 -0.004676354671567712 -2.7161749439796243 -0.8017935153789841 0.012857733834370149 0.5974628334690413 89.73694964111333
0.5516756487516984 -0.002495941513801112 0.8340550034921861 -1.6424619402773344 0.011942962979155517 0.9999166388389765 -0.0049072403896475245 -2.7222446810780054 -0.8339732275137318 0.012668293054825934 0.551659469366208 89.89920491712869
0.5059973173015382 0.00014360742278413888 0.8625350394392988 -1.2975533022965755 0.00864922671421985 0.9999488628888972 -0.005240466052465279 -2.72862063716325 -0.8624916844589819 0.010111922869026258 0.5059701999673484 90.06121047505732
0.4622628704725408 0.002037782665669511 0.8867405968062433 -0.9449352579317345 0.007162151495401575 0.9999561605595998 -0.006031628707093006 -2.733550837282539 -0.8867140137431253 0.009139168491214504 0.46222801021881554 90.19282032453923
0.42195599461981326 0.000579131804123085 0.9066161278130649 -0.5741912565842962 0.011821393874058402 0.9999112697575602 -0.006140623640754908 -2.736530185114823 -0.9065392397746929 0.013308539295372585 0.42191170821695045 90.31357840179103
0.3855064824841985 -0.00745891323703198 0.922674978839234 -0.17515247947653723 0.026473524677984465 0.9996450734529286 -0.0029798678515326068 -2.7372450729976507 -0.922325270419164 0.025575217195771348 0.3855671197231485 90.41613436337477
0.35232104639834644 -0.01072706757253843 0.9358177227890411 0.2430959721994748 0.030618999838800624 0.9995311260400909 -7.0184750074843e-05 -2.7408946448554126 -0.9353781893510482 0.028678530267812006 0.3524843043144367 90.5317113389239
0.321358971091811 -0.0071242935047260425 0.9469306501222089 0.6542644689063023 0.02744642525764985 0.999621666532686 -0.0017937499801756376 -2.748575218961303 -0.9465596153647103 0.0265662989607822 0.3214329266272164 90.64459612561257
0.2913890925745543 0.0010831981460179127 0.9566040055374807 1.0565086625692055 0.01547288248085697 0.9998632015757537 -0.005845343652608132 -2.763102934808565 -0.9564794752823037 0.016504690741118405 0.29133247080823077 90.75722659308686
0.26315049835034476 0.006662672274328817 0.964731788641863 1.4506506993584938 0.009290875155496295 0.9999122799727612 -0.00943991517542489 -2.7814130449527403 -0.9647100574041974 0.011447320989608226 0.2630655127251588 90.8487593999546
0.23678424312928387 0.00875038776527136 0.9715228524948076 1.853130126856251 0.01140003640360061 0.9998655775822212 -0.011784139178059625 -2.797915144153812 -0.9714953738313366 0.013865694361577698 0.23665265927976073 90.92290199659242
0.21205736843343384 0.009215386779010452 0.9772137683944072 2.284252803044608 0.017781466494690566 0.9997536130622589 -0.013286557803177529 -2.8081174781610834 -0.9770954364556128 0.020193806364135994 0.21184125717655347 90.98256224928942
0.18980999425883907 0.015316021390045478 0.9817013729073811 2.7324924375147153 0.026290755085914226 0.9994404921921202 -0.020676043233286794 -2.808606466750048 -0.9814687780446567 0.02973419001001939 0.18930112431778126 91.03348692839961
0.1697490261138161 0.02280025700544373 0.9852235362667167 3.1869124684831744 0.028922551345208398 0.9991864216240002 -0.028106598262849787 -2.807576845177177 -0.9850628173660269 0.03326624599667294 0.16895148037289892 91.08503612086484
0.15210982951292035 0.024541205558751097 0.9880588691951868 3.6523259639601164 0.026523923890541232 0.9992302820510953 -0.028901987709102153 -2.818854209113407 -0.9880076321704194 0.030603474668923422 0.1513418187785169 91.14218068445166
0.13583203123187884 0.01978673656713144 0.9905342721720651 4.1239400912948065 0.023676506555590542 0.9994501711775055 -0.023211599914223432 -2.839015707526271 -0.9904489296923616 0.026605269953109675 0.13528886606804408 91.1884018992395
0.12050975528813601 0.01652212295475705 0.9925746411900013 4.601555481218543 0.024072176791505362 0.9995188457905828 -0.01956034800251302 -2.8594846956316777 -0.9924202381979682 0.026250644992624323 0.1200540480473653 91.22702197628568
0.10689120056751532 0.014377678663603167 0.9941667634745591 5.105714313407486 0.02719749268987111 0.9994790022640093 -0.0173787348424662 -2.8768750456139647 -0.9938986707067374 0.028896477113767846 0.10644447368367155 91.25464158781958
0.0950997473830402 0.013772923010591302 0.9953724652809242 5.644086354175039 0.031470449602065916 0.9993628957896987 -0.016834884040931287 -2.8925050371223846 -0.9949701748542645 0.032925812223422765 0.0946057188541058 91.27918575262525
0.08502557119647462 0.01450469446264536 0.9962731884785704 6.208013431900881 0.03455964237482285 0.9992494531513759 -0.017497471120157853 -2.9077725053113452 -0.9957792342490568 0.03591857757792911 0.08446047846857542 91.30180771969437
0.07624923795962392 0.015174865019738151 0.9969733081593549 6.782415198043372 0.03686842314670306 0.9991575033856179 -0.01802783411546617 -2.9228777683206317 -0.9964069314719026 0.038131442404554274 0.07562552489005178 91.32360744084959
0.06873841627782397 0.015377123436907296 0.9975162024761409 7.3683054600215385 0.03883797778046396 0.9990819851127576 -0.018077569114134738 -2.93762398388234 -0.9968784487637103 0.03998413557847968 0.06807809700998527 91.34337564997873
0.06227023007427329 0.016587083734175393 0.9979214834342887 7.973299310931706 0.04036976803779267 0.9990017768855496 -0.019124110648336072 -2.951813641616487 -0.9972425483677843 0.04147672157620994 0.061538453768498765 91.36472938646067
0.05661751277730638 0.017608171175443554 0.9982406571337227 8.599115578233038 0.04128829161056598 0.9989478361451247 -0.0199624055878614 -2.9662691492373088 -0.9975418458504851 0.04234587310269667 0.055830930570588536 91.38543021011496
0.05204052314862205 0.017971002319173285 0.9984832632678731 9.239954455175829 0.04366810336093335 0.9988407763703947 -0.02025339992806964 -2.981247121544584 -0.9976897717724067 0.04465586787233852 0.05119543695771777 91.4012226717949
0.04818581592264069 0.017792466774049963 0.9986799063113078 9.885161808029045 0.04544414487422976 0.9987669210228587 -0.01998667474017329 -2.9967620311539074 -0.9978040673601807 0.046347228575328955 0.047317835568280085 91.41214643866543
0.04467922029527192 0.01751208831152418 0.9988478833319789 10.53168277178956 0.04697946788554887 0.9987033288321623 -0.019610981024649827 -3.0113347003339546 -0.9978961353121867 0.047801545398949895 0.04379857744807328 91.41935939948857
0.041660307258501006 0.016706579808941052 0.9989921466108796 11.184581050480848 0.048780688730629476 0.9986337915333943 -0.018734855606675233 -3.025567012482275 -0.9979403104425102 0.04951202478918643 0.040788432124589526 91.42239501046781
0.04026511299166004 0.01642545882863134 0.9990540150452508 11.85374730970041 0.05319697030675916 0.9984115631041466 -0.0185589064903287 -3.0388266242666475 -0.9977719193412647 0.05389392324004548 0.03932736975498663 91.42156475258881
0.04061111090430278 0.016035656098570137 0.9990463429714386 12.537538692888717 0.05732995944591667 0.998186589968543 -0.018352312031496478 -3.0518570801166836 -0.9975289536755555 0.05802059410640542 0.03961814279458047 91.42096885063067
0.04260110124834337 0.015873725875486112 0.9989660509743347 13.241750070617794 0.05931759232838954 0.9980697693346959 -0.01838909406551019 -3.0661997748408756 -0.9973297195074414 0.06003965661974691 0.041577280096123256 91.4275652207252
0.04516684558527743 0.015935028148869924 0.9988523569265726 13.965304079285632 0.062165229577605195 0.9978900965157701 -0.018730710272466897 -3.0818391578070714 -0.9970433492539026 0.06293989318105153 0.04408094321720514 91.43681670444832
0.04845854308509116 0.015694415600789997 0.9987018849091148 14.712838010922486 0.06292323098826658 0.9978425239788138 -0.01873404231840962 -3.1005657087000187 -0.9968412293861385 0.06374937378939804 0.04736645160228896 91.45231153014332
0.0520240443800495 0.014271831709157499 0.9985438466216728 15.477505496460928 0.06451876739636352 0.9977608889630823 -0.01762206313840707 -3.121002763369572 -0.9965594951933361 0.06534158917003435 0.050986755777729716 91.47392818075113
0.055146646306181324 0.012839573871977756 0.9983957094979755 16.249972348324334 0.06463072814791145 0.9977744536973016 -0.016401479449202075 -3.142042070272378 -0.9963843216250706 0.0654315282706881 0.05419408388293342 91.50153194548189
0.05792611800207363 0.01087396190337393 0.9982616499724573 17.035654793509433 0.06244457439812473 0.9979431848302383 -0.014493963540670814 -3.163026558243124 -0.9963660170747732 0.06317560291287454 0.057127954760763815 91.53704336480706
0.06076977003211015 0.009603576004613264 0.9981056088301312 17.83938541640726 0.06170077100330428 0.9980052829475196 -0.013359268933570407 -3.1843691568805426 -0.9962429673065916 0.06239572530843175 0.06005600349167818 91.57426586515726
0.06398954035356917 0.01020332034305069 0.99789840714339 18.662854069541098 0.0594598119629352 0.9981322615586746 -0.014018530489972578 -3.2081493550179023 -0.9961776294851594 0.06023189096934439 0.06326333712021254 91.6177928083435
0.06643957804747326 0.01406244286400888 0.9976913501527258 19.497900918968792 0.05731130322888464 0.9981961238553855 -0.017886107522068515 -3.2337116209905017 -0.9961431608915864 0.058367336934116186 0.06551379235045694 91.66425259941303
0.06744397956789706 0.01951932866346964 0.9975321074675096 20.323610632892542 0.052197507609129765 0.9983703886546044 -0.023064848949195166 -3.2604055165018595 -0.9963567281949977 0.05362427497115276 0.06631521178717786 91.71459766568114
0.06699405610452447 0.02286507745401141 0.99749134566656 21.14675278470427 0.04930765547426059 0.9984399813302722 -0.026198450199145046 -3.288422258120972 -0.9965342701374078 0.05093910005317645 0.06576212076474579 91.76158278061463
0.06599209762533668 0.022874878738572864 0.9975579095840513 21.975228800196504 0.04678071350358423 0.998566944545321 -0.025992731782503234 -3.321244596997667 -0.9967229343679739 0.048381785664826045 0.06482742414117042 91.80664847713675
0.06504411209821448 0.020268340802190803 0.9976765296640389 22.81074949960814 0.044540642134742174 0.9987382942887947 -0.02319376466496094 -3.358049964457905 -0.9968878546153426 0.045945771102844785 0.06405928065616434 91.85162571675242
0.06398195977841228 0.019300941463638754 0.9977643922698031 23.65051241845856 0.045311138221590615 0.9987256602572877 -0.022225127597128504 -3.394534321978998 -0.9969218673376457 0.04663184751070797 0.06302587739778408 91.89140982035003
0.0626721104663202 0.018590769399690524 0.9978610072864976 24.49180719099953 0.04326962553239246 0.9988357813591565 -0.02132654174801338 -3.431217089777208 -0.9970957557205752 0.044513651498958785 0.06179473079677043 91.93276617619983
0.06129367333042316 0.018666783486045224 0.9979452073154855 25.328879099649864 0.041782380142903294 0.9989007112279764 -0.021250925105441704 -3.4674689563953236 -0.9972448637718113 0.04299907327522629 0.06044635123987553 91.97129936636583
0.06002416935194789 0.019269431740577297 0.998010915819062 26.153223652522044 0.039517756174397956 0.9989839719109352 -0.021664967389604793 -3.5027710887123056 -0.9974143803056734 0.04073957370232337 0.05920169840471999 92.00948789981003
0.05794055235917429 0.020423453669005887 0.9981111035012799 26.97018502542855 0.03690574696311459 0.9990634958862031 -0.02258532773137192 -3.536009392008279 -0.9976376387413465 0.03814464219086199 0.05713254798031283 92.0470409493987
0.054103818354613496 0.020201774390527723 0.9983309396943101 27.789662877516793 0.03387579962239621 0.9991826721343484 -0.02205488395813125 -3.5692600391190323 -0.9979605237880882 0.03501251230542578 0.05337524653496354 92.08382692993122
0.04933844215222568 0.018939177654397434 0.998602536385606 28.606357607790528 0.032133722297667984 0.999272511165788 -0.02053953065959738 -3.601912199063549 -0.9982650660106707 0.033102205035244366 0.04869396271116971 92.11640228733927
0.04348137913354073 0.016575316220936685 0.9989167275407996 29.418169087961388 0.030473753157717335 0.9993751066343769 -0.017909399990239973 -3.6340207878933626 -0.9985893650731158 0.031219467191222962 0.04294909581316389 92.14297538635385
0.03654264643068114 0.014355955997179799 0.9992289735187068 30.225990288442194 0.0290705296308449 0.999458380487536 -0.015422385684912027 -3.6657306546644595 -0.9989091746994945 0.029611690269875632 0.036105518976141865 92.16094011524443
0.028156358434577724 0.014201295287927507 0.999502647666252 31.02782651179034 0.02883359433398688 0.999471475583337 -0.015013105376640407 -3.695777199122241 -0.9991875916550843 0.02924196825475529 0.027732002724311245 92.17010499275773
0.01779652674448723 0.015249863624010455 0.9997253249244419 31.8180944554136 0.028290028112400056 0.9994756738321467 -0.015749658001862486 -3.7245205692500516 -0.9994413229125725 0.028562546756637403 0.01735577648918444 92.16912810016329
0.006289945617924853 0.015628161514701224 0.9998580885064604 32.59766538768325 0.02909954383954012 0.999451560957415 -0.015804867861423266 -3.752184999677001 -0.9995567283213369 0.029194826039159363 0.005831723595043543 92.1558504474362
