0.9996619809668761 0.00447738532260943 0.02561009234762743 0.009240337275089263 -0.004382915424912329 0.9999833871670802 -0.0037437203730307546 -0.02487534640926123 -0.025626428970092367 0.003630208055506131 0.9996649977506037 0.8409266162967681
0.9988166187063316 0.004784980316947433 0.048399030562778965 0.043450880309477635 -0.004288159341300045 0.9999371004071884 -0.010363730927047746 -0.04727122797324513 -0.048445576531960154 0.010143923926718416 0.9987743123057654 1.651472720945109
0.9974762144130891 0.006584579506436919 0.07069543827473061 0.09642909956609533 -0.005492439532538593 0.9998627303481832 -0.01563181271182984 -0.06874939589732823 -0.07078866285016439 0.015204070948260158 0.9973754566052272 2.4213672305395586
0.995583070688768 0.0073843834298141136 0.0935939113366065 0.16631886761688375 -0.005753358620899502 0.9998270640041552 -0.017684483294970375 -0.09206382242421159 -0.0937083145857527 0.017067892845698655 0.9954533835450582 3.1514680293523916
0.9930287872616724 0.005345840598083765 0.1177507947230553 0.2606380147048802 -0.0031515508288185207 0.999818046194551 -0.018813352467970192 -0.11926417590490644 -0.11782994270127013 0.018311102970891346 0.9928649495832775 3.8676842443543262
0.9897430073015939 0.0007932133412425647 0.14285709751423467 0.37863899025622305 0.0024324419548910816 0.9997460501248295 -0.02240353735322902 -0.14947862798647257 -0.14283858975687339 0.02252123603172607 0.9894897327430286 4.5985441699048
0.9857352812148392 -0.002804928959774213 0.16827979005760554 0.5129165435670255 0.007129522973924354 0.999659518158167 -0.025100152548248912 -0.18068218022812974 -0.16815208969996617 0.025941860559946364 0.9854196540561906 5.302468328111438
0.9810879724973127 -0.0062775253496452875 0.19346054609815433 0.6513670569312704 0.011535212867554533 0.9995937575416415 -0.02606259288486135 -0.21150479176366338 -0.19321834562279988 0.02780130499214706 0.9807618254986892 5.944571445158109
0.9757862685138501 -0.009406665098958001 0.2185238495714644 0.7872442825013211 0.015194129606321043 0.9995764883394129 -0.0248189924161701 -0.23978454317682257 -0.21819783822330202 0.027538311690509194 0.9755159377395705 6.4888402622171615
0.9697669597607723 -0.01153938057664558 0.24375989508583096 0.9156363435249951 0.017808867180393557 0.9995644557037823 -0.023531747562659428 -0.2648193172663023 -0.24338218506312062 0.027161398887188427 0.9695500865888215 6.9508857849035985
0.9628935693098101 -0.01348104005041075 0.26954449677367276 1.046223382124961 0.02013191243788632 0.9995568972391763 -0.021925220253951452 -0.2883487951232563 -0.26912948609062987 0.026538099795392768 0.9627383076287359 7.365225291793841
0.95499175382325 -0.016038914755322507 0.29619841887333515 1.1916479820446115 0.023237311386488803 0.9995136175323005 -0.02079797410859815 -0.3127626603734503 -0.29572077622162357 0.02674474866148603 0.9548999638338634 7.771999055760348
0.9457772445382144 -0.018816091759749118 0.32427050190325696 1.36915244152694 0.026747956004000303 0.9994417096163022 -0.02002038782969151 -0.3382505269583553 -0.3237127593458583 0.02760840035445546 0.9457525181920255 8.21738378225104
0.9350590623218692 -0.019202755347686652 0.353971473648375 1.5733298642559879 0.028046013678728943 0.999409135578041 -0.019869595866183098 -0.36528692430825543 -0.3533807735099321 0.02850673447116983 0.9350451299286636 8.727304629739926
0.9222623921062475 -0.023357249481034462 0.3858581591765834 1.840477480741705 0.03288129335886339 0.9992953402531662 -0.018100925262456043 -0.3917244830251904 -0.38516347263663164 0.029381317958685368 0.9223805274947539 9.290610386435068
0.9077421170482417 -0.023970320794560445 0.4188432554760561 2.1279840415748428 0.03444059659858334 0.9992543134259724 -0.017454581218752957 -0.4191084220275045 -0.4181125377726775 0.030269470107589527 0.9078907780877037 9.879279197898278
0.8918872297171564 -0.024265456546970356 0.45160641834015375 2.433394729694813 0.03643306819839724 0.9991691533165707 -0.018265667310501357 -0.445831188568706 -0.4507879778888362 0.032744322854719024 0.8920302732035943 10.45661326727482
0.8750861556847741 -0.029076478826138074 0.4830929294741491 2.7587284112128927 0.043672499223766696 0.9988654115258135 -0.018989535774133415 -0.46794042895400295 -0.4819926689695521 0.03771535544629187 0.8753631355175785 10.979509622105114
0.857188704688996 -0.030730341613072743 0.5140847893664465 3.074676966698465 0.046882961489720404 0.9987295770766158 -0.018472135618749854 -0.49046714697907784 -0.5128640292275851 0.039935923386193804 0.8575404419313049 11.468341415927965
0.8379421050182716 -0.033427116200610375 0.5447344826060284 3.402231009997778 0.05231774504410899 0.998445716313217 -0.019209506221830944 -0.5089952734512498 -0.5432456922894522 0.04459573385759944 0.8383885366169165 11.920247641471295
0.8172229162244596 -0.03614633881048206 0.5751870542599046 3.7364291606818627 0.05932940273049937 0.9980052266547791 -0.02157752398643245 -0.5221939647558148 -0.573259737962846 0.05175915146465104 0.8177372824265915 12.340459348342563
0.7956288264325665 -0.039445270630026404 0.604498834717206 4.068765343662881 0.06401845810798894 0.9977649064917323 -0.019152764683472975 -0.5330045581346691 -0.6023922373097214 0.0539375750147223 0.7963757470130028 12.728947064485967
0.772564471378525 -0.04580741718418572 0.6332817841170968 4.423408160645371 0.07095915301510339 0.9973749531787086 -0.01442225277646326 -0.5429314623677498 -0.630958743633051 0.056079259113178556 0.7737869089938892 13.106260124281974
0.7478159483005922 -0.05225367448463824 0.6618465539459569 4.829654477408377 0.0785834713216408 0.9968564966219026 -0.01008777367648362 -0.5514104827229553 -0.6592389138258798 0.059553997729460253 0.7495714614712279 13.511682924019093
0.7213948489606549 -0.055092175301490076 0.6903291418689947 5.286800183327875 0.08326195298921128 0.9964996030245078 -0.007482536763760159 -0.5615642501028071 -0.6875004866016134 0.06287601603591413 0.7234567627232433 13.966124600586028
0.6933867085382821 -0.05913593616449346 0.7181349549189171 5.833548105395625 0.08551092574530521 0.996337097609129 -0.0005191396707747626 -0.5714995526532604 -0.7154737968651452 0.06176834935276979 0.6959036693520202 14.473709570498494
0.6645558323515881 -0.06371842177175034 0.7445169631475189 6.491082102367253 0.08745581097807101 0.9961424494752766 0.00719037409068993 -0.5808275862569683 -0.742103110634671 0.060333929760239144 0.6675648209020834 15.050320815569064
0.6354687447026244 -0.06617496667570913 0.7692856090500708 7.248736692602877 0.08835577555355573 0.9960081224773745 0.012691606889003372 -0.5882482518099315 -0.7670545817817658 0.059905707111794326 0.6387789718071779 15.678654453607047
0.6067014018818423 -0.06475027973210826 0.7922883378096763 8.087315230443163 0.08586236528608918 0.99618386597609 0.01566395213251894 -0.5952420237034803 -0.7902791046093048 0.05852440895511355 0.6099457601905017 16.34124705269946
0.5775859054926534 -0.06350985321254345 0.8138556507889784 8.97018593196968 0.08381181388043428 0.99631414336068 0.018267665246155914 -0.5998392583788101 -0.8120160722733892 0.05765957235702795 0.580779882645139 16.98654048945692
0.5479918012652314 -0.06434532834453677 0.8340051945079956 9.867939015025167 0.08391713995896488 0.9962359249770558 0.021723153689492535 -0.6007775731081151 -0.8322637198431718 0.05808322051456475 0.5513287949377047 17.586702803892624
0.5179913060276532 -0.0658400575258056 0.8528482243076803 10.70376127083036 0.08360366909122886 0.9961565580420391 0.02612543558147659 -0.599120864944515 -0.8512904518401749 0.05776849223267108 0.5215049068905424 18.10098689993629
0.4878382189241278 -0.06732373178488205 0.8703340664914195 11.469464052031078 0.08072729509234883 0.996228405364862 0.03181301889568604 -0.596769509329018 -0.8691932903468632 0.05474010853790571 0.4914331536773344 18.53248994231162
0.4582202766734365 -0.0688206959255471 0.8861703503602687 12.170156347946815 0.07918527414105461 0.9961943897077186 0.03642019047276169 -0.5913537267525159 -0.8853043942082994 0.0534831723740242 0.4619260545458384 18.884452531893647
0.4298952888094316 -0.06987823927041152 0.9001705795769606 12.86260400306965 0.07962409191519043 0.9960501525727852 0.039295006634592344 -0.5836634630050661 -0.8993609090049085 0.054782526741639574 0.4337612593554946 19.20536607002054
0.4030784682827416 -0.07091184266023158 0.9124139734667416 13.566255772839131 0.08075393050632763 0.9958604528007761 0.041722431079845544 -0.5730842799068167 -0.911595607226481 0.05686360099363916 0.40713631595255395 19.509110188404875
0.3786101833909378 -0.07198966973838582 0.9227523050546322 14.30356511438856 0.08158368343266316 0.9956856842442741 0.04420543845015936 -0.5606451345943115 -0.9219535951609702 0.05854490278384572 0.38284992193781414 19.807181346037112
0.35676523042037445 -0.07381347592663248 0.9312733976307517 15.077226194018449 0.08478331933413147 0.9953180026099031 0.04640972358589928 -0.5453148584727956 -0.9303388410282473 0.0623990741298404 0.36135300804331855 20.102999866026924
0.3375069715632742 -0.07633990504866954 0.9382223953004671 15.895581627874472 0.08746768934525387 0.9949372646677067 0.04948982416763972 -0.5272815603542524 -0.9372504721080636 0.06536098433088224 0.3424755381928884 20.397227601677262
0.3206707476943846 -0.07729936988295052 0.9440312913186838 16.736013289496842 0.0884491187586744 0.9947532215817857 0.05140799104684628 -0.5071290757006526 -0.9430519736281435 0.0670136968712926 0.3258253204827766 20.691602101688623
0.30540251153079756 -0.07837632784551948 0.9489923377900009 17.582426339406915 0.0880162063761075 0.994663872296494 0.053823122942674995 -0.48461454732531184 -0.9481468522153296 0.06708898852714563 0.3106712317749503 20.97646532994898
0.29082955956691053 -0.07971314513343962 0.9534484683374611 18.433520335335274 0.08588248911169513 0.9946755166189687 0.05696327503547865 -0.4600190163777683 -0.9529125696233076 0.06531792351049738 0.29612700572926526 21.250296184619934
0.27662704784724534 -0.07966949454194631 0.9576691746311704 19.301235475170078 0.08391521305889914 0.9947533358977456 0.058515277813462746 -0.4325211138420756 -0.9573064887571775 0.06417610427361514 0.28186116125437466 21.51402094227579
0.2627711013486667 -0.07664716314446995 0.9618090042611955 20.200295315232076 0.08202667183661605 0.9950055300990485 0.05688251207286568 -0.4030229976011967 -0.961365161321865 0.06394691121716979 0.2677458106905998 21.777080015548954
0.24954344127627814 -0.0724308715783068 0.9656509927289458 21.1442896104008 0.0798370684279879 0.9953427458753399 0.05402648182293162 -0.37174355385705354 -0.9650668958268211 0.06361279018991065 0.2541639225056082 22.040706133741374
0.23832960228038627 -0.06944821975180479 0.9686980672274395 22.130122103008684 0.07792549341509895 0.9955914521407909 0.05220419427790131 -0.3404377286480665 -0.9680530037931213 0.0630444699993307 0.24269070161342635 22.302545585731337
0.2301253097388079 -0.06793133385295574 0.9707871423224429 23.1942367457932 0.07515774802333072 0.9958218356801154 0.05186698848735348 -0.30772396500649124 -0.97025442783307 0.06102626863608809 0.23426937445316384 22.573419674194042
0.22508017373672284 -0.06759706005862202 0.9719925683162792 24.32664126098625 0.07393240011073057 0.9958993316962924 0.052139441316005106 -0.271616546369781 -0.971531222146006 0.0601261889554737 0.22915480749305064 22.848503036538826
0.22145860511109944 -0.06628815674563697 0.9729141619369671 25.505338408679282 0.07329065824883854 0.9959966253907708 0.051178136187715176 -0.2324524536130668 -0.9724117263976698 0.059971680695660126 0.22543032599639212 23.126285368545652
0.21823145093471288 -0.06426844268597418 0.9737785174759446 26.692744478376145 0.07145135107666677 0.9962033275706315 0.049735646839261696 -0.1941514702542862 -0.9732778319946712 0.05872390835018125 0.221994964663234 23.403312108526993
0.21520144879754596 -0.06318043270766202 0.9745237654148352 27.888196173113048 0.07070410041859086 0.9962941537910037 0.04897845756927616 -0.15582204904007715 -0.9740068103557764 0.058362591141416426 0.2188710609830015 23.67514367958578
0.21294930621162975 -0.06412514212621895 0.9749566960287398 29.107494025955848 0.06913792194081525 0.9963316545839067 0.050429969500290724 -0.11657530092342923 -0.9746140470636003 0.05666745292834959 0.21660161367109412 23.949209994956295
0.21149441245525366 -0.06619247019733902 0.9751352062095698 30.347186140552274 0.068985308193719 0.9962267446669381 0.05266213500925211 -0.07364383486852571 -0.9749416088944113 0.05613225542849187 0.21526269799221087 24.224013507371435
0.21067903922919318 -0.06827916305001604 0.9751678308489529 31.590587219181344 0.06797642700822096 0.9961662573383394 0.055063537043318046 -0.028532723093829537 -0.9751889805574397 0.054687691793621686 0.2145127235518342 24.49920888180909
0.210484790124991 -0.06747172001724334 0.9752659740419285 32.81733468960331 0.06789292196280135 0.9962155946487096 0.05426822390746238 0.018113162930676635 -0.9752367426801504 0.05479102094898588 0.21426908258070324 24.76908078901342
0.2109708388853485 -0.06814507476341636 0.975114123539137 34.02100659240024 0.06776600305673905 0.9961865218409958 0.05495618738643397 0.06393011240500147 -0.9751405406246448 0.054485433721566216 0.21478422554379167 25.03416753048518
0.21202173143552192 -0.06735231606758439 0.9749412551120269 35.199721291133706 0.06815928397379177 0.9962120309219608 0.05399908753415925 0.10850744939822135 -0.9748851713957196 0.05500231783001488 0.21580928531011478 25.292862857275445
0.2138830570816872 -0.06728481976832354 0.9745392711030864 36.354189322967656 0.06765294451953012 0.9962499659596131 0.05393592887219446 0.15189329288801318 -0.9745137849159586 0.05439446988631504 0.21763300451576179 25.54962007720262
0.21672319067716872 -0.06610012057568042 0.9739927272226353 37.47646988382657 0.06767044135477564 0.9963224126176802 0.052558172366764605 0.19548983289960364 -0.9738848853892104 0.05451994291601151 0.22039919653863835 25.80091912918957
0.22038446394419878 -0.06721761695740386 0.9730942811580976 38.58499224335832 0.06991235342653893 0.9961454588872918 0.05297629259007314 0.2409722407448373 -0.9729043893879751 0.05635615945745448 0.2242343247605394 26.05124735131387
0.2245997774772876 -0.06901610757194689 0.972003969566364 39.67887284499868 0.07012996428444082 0.9960469523425943 0.054518408253468466 0.2867302360136379 -0.9719242398801533 0.0559217813078789 0.22855202101214891 26.306341034266936
0.2283738570849944 -0.06929752881172671 0.9711041313374736 40.76218696372146 0.07282607179706584 0.9958849842259145 0.05393942398615301 0.3347980096822357 -0.9708458913065086 0.05840334488654952 0.23248076186930292 26.560860359962962
0.23196892492471027 -0.06921558501930165 0.9702575022434553 41.83686833183405 0.07477687469069176 0.9957823850117398 0.053158825342771575 0.3838080613718794 -0.9698447488545601 0.060221628097939295 0.23616629443776838 26.81951101989967
0.23575240895849667 -0.06891250382830531 0.9693667358055869 42.91897638083847 0.07608033914556796 0.9957299794877874 0.052283744555505614 0.4323869789919664 -0.9688305237066797 0.061423731288190106 0.239988627999068 27.086456810798456
0.23987443006532538 -0.06971432589820002 0.9682975630277056 44.03598563116125 0.07752705559556018 0.9956083221299047 0.052474989817611235 0.4798617527101574 -0.9677033705901392 0.06248185072671114 0.24422572525892244 27.367317177341672
0.24412284599617573 -0.07262113311412263 0.9670213064291536 45.18432046435003 0.08011750080305308 0.995293368267032 0.05451877794612377 0.5250915706025545 -0.9664291086923026 0.0641660510619659 0.24879207335305692 27.659854430982424
0.24795547563849224 -0.07528710841806345 0.9658415674462011 46.35580580219882 0.08192402626496446 0.9950340351022438 0.05653072535076785 0.5696024741095143 -0.9653012669739041 0.06510852704671845 0.2528919604977196 27.962916063779577
0.251617222912769 -0.07530879380512302 0.9648924078410411 47.523125932097784 0.08349485431896479 0.994940169427737 0.05588084252550813 0.6152164477384239 -0.9642185345843123 0.06650296861586882 0.2566319791634627 28.268427062868497
0.2550622220179105 -0.07471382022398951 0.9640337691008662 48.67381681856688 0.08452087260029426 0.9949166882576291 0.054744913200734525 0.660999168343225 -0.9632234865254111 0.06751761617539886 0.2600805385103247 28.57398800031403
0.25838608268716784 -0.07497335455354516 0.9631280436061278 49.80051670889717 0.08416113132686565 0.9949402298999572 0.054871148160045145 0.7044966653061626 -0.9623687111743399 0.06688000473690131 0.26338855085031665 28.881106663830277
0.26165062675658773 -0.07691090231345318 0.9620933752101268 50.91214513448444 0.08471047116036204 0.9948031214643309 0.05648792437868868 0.7457631369087924 -0.9614380300329669 0.06671928229645027 0.26680601900289325 29.186830495935776
0.26526014056066044 -0.07843315432379876 0.9609814244471933 52.01191815735344 0.0846076621233861 0.9947345398337099 0.057833716565960716 0.7858402231277317 -0.9604574958527585 0.06596541188104633 0.27049946967713306 29.495352258084974
0.26839399360373184 -0.07961719546838911 0.9600134198974445 53.107453972901375 0.08709339461208089 0.9945027970387849 0.05812854115645177 0.8279681954189654 -0.9593640627063234 0.06800947630868252 0.27385270917015664 29.80272631541039
0.2714914315038879 -0.08122147480696719 0.9590075467117815 54.18664379355266 0.08790378198206816 0.9943605123187523 0.05933040244627337 0.8695811488324848 -0.958418138253454 0.06819269441347002 0.27710003373405107 30.11367248453077
0.2732997563269754 -0.08174585294554915 0.9584491946461322 55.24951741857454 0.08865976619813659 0.9942820077080804 0.05952087873746446 0.9111815035442397 -0.9578343745394116 0.06870883985480196 0.27898459863673375 30.420943354913426
0.2737818314166792 -0.08159695605496481 0.9583242903885366 56.28190098026638 0.08925124120558184 0.9942507516080492 0.05915791468680908 0.9510913743450328 -0.9576417517680557 0.06933527016888912 0.27949042126916435 30.718764992725145
0.2735872036820908 -0.08055084485025205 0.9584683632626191 57.278178566718594 0.0888991776019308 0.994339413290454 0.058189925235350284 0.9877143290772825 -0.9577301176234947 0.06928703032390614 0.2791994434553541 31.005548234289424
0.2726523139960206 -0.07993423813424848 0.9587863334687826 58.237698046807054 0.08915817530428115 0.9943537342614605 0.05754538154100238 1.021840535965354 -0.9579726172751625 0.06979375856182055 0.27823963739335866 31.277955303601882
0.2704679157128025 -0.08083471027702831 0.9593293783599042 59.16462564033787 0.08884786497300419 0.9943120610178801 0.05873314399990793 1.0528207854141935 -0.9586204480709294 0.06934893603224186 0.27611150213543206 31.540091750265482
0.26747110134956836 -0.08225350097019475 0.9600487339302073 60.07757390250891 0.0897739498145049 0.9941433490750368 0.060163439268145325 1.0836452993502206 -0.9593747171348377 0.07009538549730074 0.27328883814461397 31.793004484824845
0.2645523301446779 -0.08346785821403965 0.9607524037233428 60.98504455158149 0.08999360252394664 0.9940368135466838 0.06157893161395902 1.1153914427064469 -0.9601631195373946 0.07017072009831224 0.2704863285290053 32.042832594701686
0.2610690644272266 -0.08433642946366669 0.9616289878453184 61.90019954869549 0.09129863369059424 0.9938680016498991 0.06237751824709279 1.1510785840444386 -0.960992977646206 0.07151057237748587 0.2671679901352723 32.28802226676997
0.2562081077971214 -0.08505051875443378 0.9628726887593287 62.82998036088209 0.0920429425212446 0.9937419236800599 0.06328574762681005 1.1902783429708546 -0.9622294436521092 0.07241131389675999 0.26243303791385586 32.53221569419101
0.2495576425732134 -0.08596031418985205 0.9645370948893988 63.76530327806159 0.09426431703059786 0.9934782236176947 0.06415027460723877 1.2325994479206233 -0.9637609774046951 0.07491223919901936 0.25603307374269757 32.7696104767291
0.24133537513542697 -0.08801695509538791 0.9664420584411557 64.70116356073626 0.09568160523887083 0.9931842184049121 0.06655928733344456 1.2754690207273323 -0.9657133462509221 0.07640761694464489 0.2481120894790996 32.99967476572808
0.23210448587222024 -0.0908339715212922 0.9684403426415384 65.62563578501602 0.0978579528470468 0.9927593348852267 0.06966149627180597 1.3166273921707492 -0.9677558208053182 0.07860084360813642 0.23931272152042346 33.21546888901986
0.22335422659538193 -0.09236904912640179 0.9703508892279442 66.54103330548188 0.09888678544910813 0.9925110054955073 0.07171685738958766 1.3550870254020155 -0.9697083546744961 0.07993661697733237 0.23081560636295453 33.42549329379634
0.21494388246645177 -0.0935095778427907 0.9721394376538327 67.45399191969165 0.10094996285803971 0.9922009570050156 0.07311884789362107 1.393491432005137 -0.971394992981334 0.08242099107626119 0.2227073142956878 33.625530887005304
0.20624533076334042 -0.09485598907186449 0.9738917829386988 68.37042734650471 0.10076506867063868 0.9920576793364101 0.07528586723586972 1.4330903129843398 -0.9732981375067555 0.08260691379572185 0.21416543446369762 33.821131856233215
0.19707507826322776 -0.09744748429781781 0.9755333932426753 69.29684982307693 0.10139699667143576 0.9917376136246058 0.07858215311496755 1.4774009252437286 -0.975130792557364 0.0834295722522768 0.20532765006264153 34.00935473980227
0.18767658007070348 -0.10063722177380276 0.9770617436409095 70.2438271945145 0.10050987043295606 0.9914833344536541 0.08281644429829796 1.5272009595857838 -0.9770748524235555 0.08266164221882547 0.19619323552857687 34.19534283829229
0.17764821959635224 -0.10374686272512687 0.9786100850435474 71.23554821507979 0.10051383758966545 0.9911396123644479 0.086828781259727 1.5869794070808605 -0.9789474339959435 0.08293887675116417 0.1865021828183536 34.379596003056335
0.16916007108238787 -0.10728982718881115 0.9797314751161135 72.28687953489384 0.1020273612822317 0.9906228802214063 0.09086653251681596 1.6607096088507027 -0.9802934702940668 0.08458842807169077 0.17852033479459392 34.56392350242301
0.1629701929997747 -0.11087048591061947 0.9803817886658026 73.39117442853968 0.10397489271202179 0.990062951542805 0.09468143254024297 1.7475714179399324 -0.9811370637577288 0.08650483995876827 0.17287849717234385 34.75152599395085
0.15797986333821884 -0.11051527323521915 0.981238369185277 74.52870697417036 0.10368677488796045 0.9900801467786768 0.09481748608799385 1.8428520876149892 -0.9819834089703191 0.08676218840288848 0.16787169853960057 34.945357058021266
0.15267964834607706 -0.11039988134646991 0.9820900117502482 75.70032766226055 0.10475383442365982 0.9899505058066668 0.09499805380461636 1.9433847722191167 -0.9827082777480082 0.08837342503156508 0.16271010599754276 35.13841450807644
0.14762342648468857 -0.11103465686640811 0.982791243819092 76.89693791345674 0.10479196819776229 0.9898410265202454 0.09609050743224169 2.043758329497205 -0.9834764701578561 0.08880341880752955 0.15775926424123415 35.336004960089134
0.14205507096252118 -0.11190433956930998 0.9835129768332438 78.09890170721451 0.10514756119581715 0.9896735288464582 0.09741815372490881 2.143553307334031 -0.9842582726034882 0.08957524817802406 0.15235461176295384 35.52956220878922
0.13699190731742608 -0.11163720395650688 0.9842613230348463 79.29300845422209 0.10647152824151278 0.9895321740507645 0.09741606742362094 2.240096458047943 -0.9848335042043644 0.09145059437280854 0.14744408358903213 35.71350826973451
0.13106891368234308 -0.11134835878818042 0.9851002400067256 80.4470402787408 0.10721669963304226 0.9894362341798205 0.09757314083216112 2.330884746100752 -0.9855584808553605 0.09283039096779329 0.14162273591072197 35.880010251398275
0.12424395304426102 -0.11249299655253252 0.9858543329815853 81.53107370035805 0.10761847979305256 0.989219368130006 0.09931417080912029 2.4144466553562416 -0.9863983490147199 0.09375695943823398 0.1350108500007666 36.02540266514963
0.11791927086768605 -0.11327685463333502 0.9865411292806857 82.55733884352932 0.10745048245443894 0.9890947978057738 0.10072673316385534 2.494609428062519 -0.9871927063032522 0.09412669737079088 0.12880499005755133 36.15460754215604
0.1086061525688051 -0.11193557677200536 0.9877626892512791 83.53317450752093 0.10834928101669142 0.9890534224684306 0.10016866179923141 2.5770835210458976 -0.9881625053235753 0.09614444422950928 0.1195454261627406 36.26760732735619
0.09972529383621369 -0.11321482354447981 0.9885531192096214 84.57015774037382 0.10739240047245935 0.9889268038822183 0.10242386872239416 2.6700865322755343 -0.9892025768719173 0.09594884206227594 0.11077942776916941 36.378482160353045
0.09074399084191577 -0.11160360924467151 0.9896010117868937 85.69245701010995 0.10596550697152726 0.9891415175617159 0.1018350115037652 2.769882454546679 -0.9902206014107905 0.09562265756225043 0.10158478184444276 36.492659890003985
0.08501680696359867 -0.11055851592061988 0.9902267200450323 86.90535498537288 0.10564686295370636 0.989222747267189 0.10137601608464852 2.875082105832948 -0.9907627783085883 0.09599568139548842 0.09578071972824617 36.607569566102896
0.0803820476469494 -0.10937608273085672 0.9907449716968211 88.13074240975557 0.10543735122637897 0.9893177988513623 0.10066408417235762 2.980793139518408 -0.9911718778206163 0.09636994034628761 0.09105571489590404 36.720897181460664
0.07524939546143221 -0.10972550031727935 0.9911094001485458 89.31289459591245 0.10707718845064285 0.9890695725018377 0.10136989920354207 3.0834759966025356 -0.9913990136146962 0.09849718438185655 0.08617598547537479 36.82143690795395
0.06946406902221569 -0.10877677279131882 0.9916362018482288 90.43169112521403 0.10746883125347824 0.9890683164474944 0.10096690402666125 3.180549956407424 -0.9917788026691668 0.09955641165099995 0.08039482244080354 36.909976050155834
0.06410155996329399 -0.10844152643713016 0.9920339839714444 91.45898930262547 0.10703165234536835 0.9890915015427538 0.10120388812747806 3.2683531617466506 -0.992187086897673 0.0996917093839003 0.07500898395274726 36.98605055299574
0.06065471422769347 -0.10831895783035433 0.9922640822968961 92.4788454782687 0.10529334601368598 0.9892423099547466 0.1015527620532195 3.3521811442273144 -0.9925897022069073 0.09831915159286866 0.07140747511892181 37.057644016250904
0.060049263007200475 -0.10924980878615506 0.9921988537044777 93.51205598137905 0.10567677799603878 0.9891023569388694 0.10251315081660456 3.436624933335888 -0.992585766875924 0.09869653883576913 0.07094003536206817 37.12676407402911
0.06129383343642161 -0.10988216445551473 0.9920529098375943 94.56034676704981 0.10694496603463638 0.9889229598227316 0.10292790571704612 3.522787806137847 -0.9923738409604098 0.09978621883816337 0.07236622352633483 37.19890195620569
0.0625326380739869 -0.10995842210132639 0.9919671439037147 95.53850090257143 0.10769269925176289 0.9888525869569962 0.1028243346505289 3.6028984265585398 -0.9922156780173226 0.10039774239215289 0.07367728021026396 37.27073298331922
0.06282091649421419 -0.10980880323812149 0.9919655030202599 96.46203600936724 0.10872827512148144 0.9887657910726392 0.10256886756518245 3.677847781514765 -0.9920845199074182 0.10141122785918706 0.0740544949625449 37.3398442583196
0.06214028489565189 -0.10866435291687906 0.9921343877712545 97.33871801143421 0.10791058333064887 0.9889597067426283 0.10155788716181738 3.7473808547564125 -0.9922166552715814 0.10075096448515644 0.07318027163781508 37.407282904413584
0.06081684629116481 -0.10806124769117016 0.9922822572003509 98.20459343318662 0.10754861979814688 0.9890443108659212 0.10111698929095682 3.815837545299616 -0.9923379492827573 0.10056897081695405 0.0717723938719347 37.473717484653456
0.05917493422504762 -0.10775381339290864 0.9924149549753603 99.06528121456817 0.10807093642695698 0.9890054898215571 0.10093965426244211 3.8848984683484447 -0.9923804713209846 0.10127811610662449 0.07016939032534876 37.53573490850735
0.057880521842478924 -0.10794303013928827 0.9924707287550549 99.95793717423071 0.10906454846959165 0.9888707343425285 0.10119088411507976 3.9569222750550583 -0.9923481090113309 0.10238639072267403 0.0690091119810818 37.598803238165196
0.05711667886839839 -0.1075588315911624 0.9925566899385581 100.89614915606353 0.10905478458642039 0.9889028275726591 0.10088732119353894 4.032657898838707 -0.9923934395963384 0.10248070728455559 0.06821265044405989 37.66379854521446
0.05732154710234522 -0.10763125475176398 0.9925370286484797 101.88211980908468 0.1097597083939064 0.9888245852097401 0.10088977201911611 4.113680723575394 -0.9923039084126778 0.10315741701567284 0.06849453017268084 37.729352815409136
0.058826995081582234 -0.10882864660719263 0.9923183513002855 102.90741443479807 0.1114408480878037 0.9885423903559251 0.10180805393908764 4.19921668473949 -0.9920283877123377 0.1045957367536548 0.07028093500955687 37.79588138034349
0.061011030187809415 -0.10981042851519317 0.9920782852097562 103.9844282829489 0.11244525158882696 0.9883588351180961 0.1024835520419007 4.288614324146224 -0.991783101081353 0.10530186528884074 0.072648451987246 37.86869269064527
0.06303578685025862 -0.11082089569925564 0.9918393109030221 105.10503594214856 0.11320852710381604 0.9881951750840686 0.10321882256425445 4.381612643841798 -0.9915696238626671 0.10577818781290003 0.07483753079749159 37.946731403213704
0.06349745778026836 -0.110464495320041 0.9918496197151715 106.2406305612932 0.11300316851168145 0.9882591890673101 0.10283024423943966 4.477379054265299 -0.9915635918899816 0.10555269062279221 0.07523478411297208 38.02800982857674
0.06251518455263207 -0.10803624868287538 0.992179429675339 107.34789690162398 0.11206085870874777 0.9885974524414588 0.10058549086083653 4.570669476944554 -0.99173293564639 0.10489635835809186 0.07390898698671441 38.10941225856888
0.06014914588209753 -0.10563647544439392 0.9925840091928435 108.44093184266694 0.11137237723935704 0.9888858111996656 0.09849388811511985 4.661395454109892 -0.9919567903077768 0.10462211746884749 0.07124562231201402 38.18878026128339
0.05736876111783922 -0.10368732827513591 0.9929540589589063 109.52547554814035 0.11208025783433677 0.9889734702188668 0.09679613115740117 4.747768897923735 -0.9920417536835792 0.10573747282026551 0.06835748525209727 38.26524250149371
0.05487893312643541 -0.10176982264205268 0.9932931117743181 110.58304636449328 0.11230962196465526 0.9891085298471927 0.09513603417045265 4.826968386175347 -0.992156666818834 0.10633540982631523 0.06571095117260974 38.33901498687888
0.05258700571305792 -0.10199203676013037 0.9933942979842666 111.60205872841568 0.11436167952600527 0.9888411220312612 0.09547063232192433 4.901074696423589 -0.9920463764795094 0.10858572566169544 0.06366417435573096 38.40371431233099
0.050333261152582166 -0.10289295479916903 0.9934181409026317 112.57196558522416 0.11554205807237462 0.988600072165691 0.09653978522034663 4.969630049805441 -0.9920265095440468 0.10992241430521245 0.061647929366420974 38.46231749957963
0.048153424148877084 -0.10352031275443452 0.9934610171466021 113.5346394242714 0.11566090222198974 0.9885020444721849 0.09739745259248825 5.037267948636472 -0.9921208613066922 0.11021457671984543 0.0595730109909816 38.51993962386846
0.045821303664372495 -0.10401084398108967 0.9935200815609302 114.51070704341043 0.11540208556320086 0.9884570200941228 0.09815843353635183 5.106445659737881 -0.9922614407393648 0.1101565420707645 0.057295457593519866 38.57790292074592
0.0431074787336339 -0.10382955531369281 0.9936604896646483 115.50271620862226 0.11575115680823694 0.9884062162113605 0.09825895100343789 5.1788701642274475 -0.9923423879764399 0.11078165551255238 0.05462609108396741 38.63472967738312
0.04023234557403236 -0.10348762803463503 0.9938167181192792 116.50849485047145 0.11598398524744354 0.9883821597193366 0.09822637891452643 5.255264793858161 -0.9924359291842126 0.11131494595203421 0.051767840132298695 38.689613512667684
0.03778175370942442 -0.10404128801984117 0.99385509480699 117.50847821236302 0.11703454069238058 0.9881812935431967 0.09899821905578655 5.333769285062289 -0.9924089154031029 0.1125750482054811 0.04951164660935514 38.73959619146482
0.03632099743777932 -0.10470148229860708 0.9938402209357384 118.49183311590353 0.11881040130466171 0.9878954345941429 0.09973313817319773 5.413065963778032 -0.9922524243794768 0.11445614842603838 0.04832097267777805 38.784160818071626
0.03556267159750726 -0.10656917846099158 0.9936691132318621 119.47825029934127 0.12093504140178131 0.9874499662418142 0.10157401208079059 5.494386300486825 -0.9920231913367734 0.11655717211389624 0.04800430687776098 38.827217509685504
0.03462392944221076 -0.10903488782171006 0.9934347370349429 120.49855700455149 0.1224042794462389 0.9870096078007344 0.10406356942891533 5.579642273955403 -0.9918761897954942 0.11799757347821468 0.04752048789759452 38.87237568239154
0.033332741773490215 -0.10991466081876838 0.9933819485288401 121.58492411095114 0.12458991961034704 0.9866381780529282 0.10498789234899801 5.672995248144125 -0.9916482643847809 0.120265842804566 0.04658161436831391 38.920023022752346
0.03195760851142369 -0.10972424894482685 0.9934481870997212 122.70183863153734 0.12665086915767199 0.9863882444892791 0.104870341255112 5.770769168609868 -0.9914324326951566 0.12246967104900297 0.04541928085419382 38.968827983444704
0.030090198030320862 -0.10964113693044074 0.9935156773172201 123.82172168620046 0.1278355224905309 0.9862253541297918 0.10496489918605528 5.868824675640904 -0.9913388215802245 0.12384818110963952 0.04369174823424737 39.016764666950365
0.027906488218592464 -0.10909169738306891 0.9936398892342158 124.92421811229433 0.13006766702606337 0.985972556897822 0.10459693608689975 5.965279432963789 -0.9911123195227177 0.1263214890921206 0.04170433411345351 39.059007674382606
0.025970740451275252 -0.1080131605745855 0.9938101819679145 126.00149933128127 0.13212105493246962 0.9857953807664546 0.10368941172101911 6.0582829103500435 -0.9908933078207475 0.12861035884487856 0.039872648693656004 39.09872519454678
0.024757514186204616 -0.10663780932746823 0.9939896594598742 127.05915635531996 0.13314694708555339 0.9857878140569799 0.10244157426824842 6.147929673284646 -0.990787038658215 0.1298104898634879 0.038604154546946934 39.137797433487606
0.023963926174618927 -0.10591481748553183 0.9940864055399319 128.0932176838955 0.1353035700324976 0.9855662477315675 0.10174534519464921 6.235670241491891 -0.9905143482952464 0.1320652216494704 0.03794868972596821 39.173288902611105
0.0235400061282048 -0.1073801935954032 0.9939393151168213 129.10194408141723 0.13829017205823518 0.9850065887969136 0.10313994540802539 6.322201338234293 -0.9901119615596946 0.13502412395598212 0.038036686584556244 39.20485359467989
0.023153637465468124 -0.10948743132720819 0.9937184769608974 130.0699563150294 0.14069472741622555 0.984449330192947 0.10518797440739498 6.406349208937318 -0.9897822501688893 0.1373754660193246 0.038197887200494565 39.233797938498235
0.022735169923747543 -0.11002966073399645 0.9936682473578887 130.98189317995667 0.1425203723792591 0.9841304671360571 0.10571266296637372 6.486134357057367 -0.9895307248920641 0.1392145732792598 0.038055841618047904 39.260825739237205
0.022417278608847357 -0.10934104207611695 0.9937514790617824 131.84696520583637 0.14474147580479785 0.983883614380222 0.10499018304564618 6.562629239500318 -0.989215533036972 0.141483461478075 0.03788217689837271 39.28530822674669
0.02224301212932533 -0.1091372991927497 0.9937777912271559 132.69034523448025 0.1458268957757963 0.9837466141785726 0.10477173073204564 6.63733102660927 -0.9890600410894214 0.1425890915081003 0.037796641425989604 39.31153878332936
0.02142409870613252 -0.10999472331915602 0.9937012472753418 133.54561066969222 0.14768861977688805 0.9833730162852606 0.10566731959515611 6.7132697632999205 -0.9888018404023253 0.14449453859564837 0.0373128494355894 39.33755803435425
0.019498556155306566 -0.10972591361043131 0.9937706124605479 134.45348909510557 0.14935895664948173 0.9831257851387986 0.10562003912041266 6.793451697969335 -0.9885907689111985 0.1463691035621089 0.03555808130352379 39.36344629280272
0.01660708271693159 -0.10958298926653029 0.993838907100664 135.4303866679882 0.15045268381796145 0.9829325027615544 0.10586635417769691 6.879820620395737 -0.9884777158518058 0.14776759955523563 0.03281069621446595 39.39094687229222
0.013431890672149343 -0.1097948625251672 0.9938635079708124 136.50366712085386 0.15021776274899187 0.9828942491924321 0.10655289136917519 6.974271162055153 -0.9885616865262669 0.14786474585756818 0.029695266707300685 39.4201132660398
0.009944955262736437 -0.10942185881402149 0.993945649760843 137.64188488544266 0.1492987066892407 0.9830156245620248 0.10672477710377651 7.073452051141473 -0.9887421271725708 0.14733342689496837 0.026112588413306232 39.44690140939988
0.006105339863605037 -0.1084072669603405 0.9940878176978819 138.811797569832 0.14856173228823744 0.9831728000360341 0.10630454820383174 7.175110094545861 -0.9888842887439692 0.1470343828479996 0.02210777546113365 39.46881008822954
0.0019158616260939606 -0.10808118203766619 0.9941402253020287 139.96560746400422 0.1486451505070149 0.9831284674481632 0.10659754088988802 7.274395111531887 -0.9888887443514432 0.14756989727707095 0.017949281675269338 39.48386844497326
-0.0018010049736678683 -0.10834508717436617 0.9941117132728402 141.062297831747 0.14790768691888012 0.9831503460276471 0.10741840278100658 7.366841250219985 -0.9889995311077701 0.14723022512682293 0.014254412569925715 39.49546039471312
-0.004615492718436495 -0.1070280457181773 0.9942452889788876 142.146703976425 0.14672086185068697 0.9834232680535478 0.10654419059089815 7.4583930746302345 -0.9891671678360314 0.14636827962583182 0.011164264177123396 39.50658978980643
-0.006979617950974648 -0.1071451960635108 0.994218885303316 143.23013245035335 0.14740883065229898 0.9832708663107224 0.10700018743105925 7.550804019253271 -0.9890510207158063 0.14730346372394554 0.008931293072560586 39.514037479219496
-0.009295310244658217 -0.10673288673484567 0.9942442798913655 144.33580592561637 0.14800032808255842 0.9831896625857507 0.1069298380807291 7.643810940112908 -0.9889436283706512 0.14814242563750069 0.00665744931088018 39.51852885873078
-0.012176198363751063 -0.10608849866426899 0.9942821383513664 145.42880861763686 0.14936173882198692 0.9830071551668639 0.10671459069321251 7.734306660688812 -0.9887076469662189 0.1498070870883906 0.0038762725152107517 39.51941244126684
-0.016157155702313453 -0.10507876024092441 0.9943326407524995 146.44943406426364 0.15023028960268797 0.982918241567094 0.10631364202463789 7.8173260337392145 -0.9885189964818593 0.1510966066491257 -9.5150489558349e-05 39.51537995545091
-0.02059576020781097 -0.10492108814620761 0.9942672577952447 147.4129552005028 0.15048376095380503 0.9828234060562753 0.10683066131564682 7.895167952716904 -0.9883979220691728 0.1518213350295539 -0.004453075250152223 39.50647949543269
-0.0249985635913866 -0.10366404396123871 0.9942981634338703 148.32074315222422 0.1510767630786604 0.9827939701911478 0.10626299362240094 7.967632152757218 -0.9882058912372664 0.15287177027012677 -0.00890720935174698 39.49244299050586
-0.029437724590881825 -0.10193814405615786 0.9943550850462299 149.22871373596678 0.1525517984015993 0.982674373374724 0.10525694616998049 8.042593832172495 -0.9878569578513618 0.15478918146620685 -0.013376850364434483 39.471477296550425
-0.03372219837332214 -0.10172462694586652 0.9942408730330857 150.14265476353702 0.1532539231273777 0.9825150894333824 0.10572291181091789 8.119419218236295 -0.9876112840500234 0.1559365233306025 -0.017542870592532036 39.4487706270767
-0.03754134588655855 -0.10109600622218672 0.9941681170078566 151.05982095142843 0.15416732429038998 0.9823726944734114 0.10571814070532161 8.198235888407911 -0.9873312936751096 0.15723703978061904 -0.021293892337017874 39.4218371538578
-0.040947798925565805 -0.10083831549081466 0.9940598130354753 151.99675596634893 0.15497377049975633 0.982213224026115 0.10602034241273106 8.281307293755738 -0.987069606573031 0.1583944969915267 -0.024592175636997712 39.391301521230595
