0.9999986656388002 -0.0016121529721954788 -0.00026397616063472733 0.004459682567419052 0.0016128532140540794 0.9999951233990024 0.002674300417681512 -0.03258816975671053 0.0002596634919614102 -0.002674722603997911 0.9999963892104123 1.487557311820984
0.9999971680583114 -0.002313595894159145 -0.0005578076691821488 0.006505490942617835 0.0023152750489414363 0.9999927333313556 0.0030286607489215024 -0.062248535860194465 0.0005507965187051437 -0.0030299436501094327 0.9999952580210928 2.9957766460914184
0.9999985326080155 -0.001390724300664676 -0.0010003338119224053 0.003749552560042902 0.0013932358413446286 0.9999958683273455 0.002514402936730189 -0.09029793000414174 0.0009968328376047761 -0.002515792948035552 0.9999963385483651 4.50635231187735
0.9999974607562635 -0.0012002924682988445 -0.001907296257974664 -0.0005405684575420823 0.001204949720396641 0.9999962910443945 0.002442538356988255 -0.11525713896159544 0.001904357423504093 -0.0024448303508807904 0.9999951981021502 6.019404431965959
0.999993318031717 -0.0013084970672631016 -0.0034134626616177596 -0.006311715282987724 0.001318562982413281 0.9999947844309751 0.0029483050229568626 -0.137877825106365 0.003409587009991699 -0.0029527861879836683 0.999989827833338 7.520822610377303
0.9999807935806658 -0.003220663484196888 -0.00529526170300495 -0.013744872257972527 0.00323028670414116 0.9999931449496817 0.0018097793935406858 -0.15811721308018986 0.0052893967133123 -0.001826849847632914 0.9999843423284402 9.006154832077758
0.999966014541531 -0.004216485105716768 -0.007084561756377464 -0.02505022739419456 0.004230262578844036 0.9999891882716506 0.0019308594767092637 -0.17810499068324756 0.007076343719795503 -0.00196076341205022 0.9999730400197804 10.488278835085923
0.9999554688604337 -0.004243442957055287 -0.00842932310333642 -0.04130275740187808 0.004259070763265344 0.999989243006425 0.001836896205576868 -0.19911763438401098 0.008421437664895559 -0.0018727154900791037 0.9999627854697141 11.971231322109677
0.9999493023711165 -0.0036138777356921467 -0.009398541122379644 -0.061932698856897755 0.003630691567086915 0.999991838062676 0.0017725368190404194 -0.2212997155743209 0.009392058680730044 -0.0018065701596225263 0.9999542617230031 13.454857089213716
0.9999485309253902 -0.0019251812304200407 -0.009961384310631505 -0.0868831881549556 0.0019485257818584064 0.9999953770636537 0.0023343304388914483 -0.245136586620272 0.009956844250639365 -0.002353620307216188 0.9999476594922446 14.93175241237111
0.9999443942602673 -0.0006602043473053329 -0.010524852383142169 -0.11314065352881962 0.0006915208879968895 0.9999953441292923 0.002972123584101134 -0.2693860584436583 0.010522841171879302 -0.002979236472236688 0.9999401951935495 16.394389829497065
0.9999420991393178 0.00041493092237135723 -0.010752962437594589 -0.13955049452618398 -0.0003775789488433502 0.9999938893489146 0.003475442269320187 -0.29258711216231553 0.010754338798459457 -0.0034711809459674016 0.9999361455112263 17.850646634949506
0.9999421870288544 0.0005148816677412631 -0.01074046073589542 -0.163634614145415 -0.00048025704658874707 0.9999946808477512 0.003226085766461526 -0.31359589576325586 0.010742064658169254 -0.0032207410749061716 0.9999371154596715 19.303808012946646
0.9999437233466419 0.0012227756473869636 -0.010538261686341902 -0.18658104344710286 -0.0011907593480898527 0.9999946585515986 0.0030438397536399248 -0.3331197616349542 0.010541927329886161 -0.0030311199229096026 0.999939838230373 20.763423395146024
0.9999454973629655 0.001920648028084847 -0.010262232441477085 -0.2086250448717048 -0.0018857254659020335 0.999992402445438 0.0034116111835213953 -0.3519422969538479 0.010268706977898404 -0.003392073488663457 0.9999415220373888 22.222291453270998
0.9999472448585145 0.0025341199604533675 -0.009954181829324926 -0.23061057170712757 -0.0024857807387938862 0.9999850735645633 0.004865546443344725 -0.37045809073624114 0.009966363127233119 -0.004840545847291914 0.9999386184771126 23.676255071049063
0.9999496271684754 0.0029610987987595625 -0.009590360761205459 -0.2509755602468196 -0.002925984785948117 0.9999889724964747 0.003673349762312683 -0.38991521688335046 0.009601132155036964 -0.0036451034756049333 0.9999472643504725 25.10881357639984
0.9999514749501648 0.003193683483016358 -0.009319234453499636 -0.27141587403834694 -0.003182473638433474 0.9999941948174393 0.0012174534738596133 -0.41210804786682503 0.009323068514693115 -0.0011877361788904753 0.9999558338627961 26.515255118548335
0.9999549843805741 0.001608126408975244 -0.009351103779628828 -0.28934761836910217 -0.0016007081783714237 0.9999983982809107 0.0008007302542754715 -0.4369367421557679 0.009352376477255763 -0.000785725820610227 0.9999559568746827 27.911395926387186
0.9999528605148633 0.0004418907931213437 -0.009699560849219205 -0.3077470621170304 -0.0004066992924700063 0.9999933294547911 0.0036298266634315676 -0.4622450320944884 0.009701100134843248 -0.003625710750736871 0.9999463700007745 29.30755639081221
0.9999473649606656 -0.0014544938098411625 -0.010156365293595149 -0.3258612813952361 0.0015040263267229702 0.9999870052607559 0.00487105886157185 -0.4848714702326543 0.010149148389314962 -0.004886077913982455 0.9999365585023833 30.696941011048175
0.999941075384766 -0.0024374293436576545 -0.010578501621263807 -0.3457646133251153 0.002481864184710567 0.9999881446002447 0.004189392453362469 -0.5062217093864687 0.01056816486080035 -0.004215399999325808 0.9999352700521774 32.07298397988128
0.9999403331870185 -0.0027229582730026814 -0.01057901526969404 -0.3674890685291314 0.002745844333157139 0.9999939201411797 0.002149423079212665 -0.5285030623435124 0.010573098161419022 -0.00217834315911645 0.9999417305105085 33.437589129066005
0.9999444963705918 -0.0019482431409572724 -0.010354155051275434 -0.39157276070208513 0.001958968801285219 0.9999975550450244 0.001025838782955654 -0.5533645083808866 0.010352131152459906 -0.0010460653118891275 0.9999458680988516 34.80418877900641
0.9999488013415107 -0.0016102629371111733 -0.009990082529591902 -0.41490956425692616 0.0016121550051825806 0.999998684034332 0.00018134454277390845 -0.5802443647904412 0.009989777370590203 -0.00019744081972885858 0.999950081436673 36.168990367348755
0.9999523761025153 -0.0010055623378836674 -0.009707438967979294 -0.43834854977035187 0.0010127470380206821 0.9999992168855716 0.0007352357990415224 -0.6077192150190266 0.009706692040514804 -0.0007450319643087857 0.9999526114056619 37.51915954200621
0.9999602726534089 -0.0006600716565711036 -0.008889174333264586 -0.4607776929331877 0.0006842148543087029 0.9999960850400453 0.002713255353850164 -0.6343272523381823 0.00888734858954693 -0.0027192296685356883 0.9999568094798184 38.844560709453845
0.9999735462179358 -0.0010833791664786683 -0.0071925763052210785 -0.47989294310992336 0.0011118194511408482 0.9999915755222657 0.00395129624356657 -0.658441804138784 0.007188234959491282 -0.003959188563076829 0.9999663264850918 40.14851734889873
0.9999890232412754 -0.0008215424586420954 -0.004612858652473213 -0.49694401200005844 0.0008416803267225163 0.9999901175928072 0.0043653511830137265 -0.6809103422236492 0.00460922674498196 -0.00436918581798478 0.9999798324186849 41.43276071821873
0.9999991501703258 -0.0006015707885727025 -0.00115662059962675 -0.5095084369154355 0.0006058305697813592 0.9999930226517898 0.003686138502199335 -0.7031238635028391 0.0011543950562365249 -0.003686836085726344 0.9999925372780194 42.70531804543674
0.9999949311756883 -0.0014877885160864968 0.0028149792647111293 -0.5167814698298477 0.0014830727323500077 0.9999974947628234 0.001676592779094176 -0.7251475240938018 -0.002817466628003315 -0.0016724094617503104 0.9999946324497908 43.957456265647885
0.9999722400460004 -0.0016705883377148164 0.007261423551136294 -0.5196247345895435 0.001673648843497859 0.9999985131624275 -0.0004154184424577632 -0.7471830851439443 -0.007260718761373691 0.0004275599835894218 0.9999735492279427 45.19027249249965
0.9999240749138364 -0.0013145534879260685 0.01225219804095205 -0.5183419800866736 0.0013155224782616574 0.9999991321774344 -7.102806976703557e-05 -0.7689175490940665 -0.012252094038021267 8.71407188857086e-05 0.9999249364818233 46.40443251011892
0.9998399862295994 -0.0007327668099877221 0.01787358355773814 -0.5112669991212834 0.0007354122953441509 0.9999997195818987 -0.00014143860603879396 -0.7899046388384102 -0.017873474904145627 0.00015456042702438746 0.9998402447420914 47.60081189456968
0.9997066513602896 0.0008785983736733623 0.02420411723019535 -0.4988679348941501 -0.0008485884953747609 0.9999988585606909 -0.0012501099472002326 -0.8099770309552002 -0.02420518794723104 0.0012292038937254924 0.9997062558242931 48.77667177776032
0.9995022587747024 0.0022976512887649585 0.03146355833058397 -0.47848593066807565 -0.002256368433595002 0.9999965464797003 -0.0013475274261090706 -0.8296169786038264 -0.031466545818673836 0.0012758633263311773 0.9995039913212023 49.94016127101577
0.9991939804343566 0.0035271363077562356 0.03998685750608738 -0.44815851968803533 -0.0034965451060245747 0.9999935385014612 -0.0008349417032354888 -0.8484327187991931 -0.03998954408426239 0.000694452872968302 0.9991998569351079 51.09653437821501
0.9987054941561059 0.005559049885800655 0.050561179839622605 -0.4060281383364904 -0.005547241795202393 0.9999845440468889 -0.0003738660206352221 -0.8662055138784552 -0.05056247670825709 9.290695886558125e-05 0.998720895604685 52.24944591449124
0.9979524684179184 0.00757129437004014 0.06351020611007814 -0.35021407464179605 -0.0075390560060293104 0.9999713017196675 -0.0007472426726451365 -0.8837070023624548 -0.06351404107061968 0.00026690566885507675 0.9979809093105156 53.389805085489854
0.996900310726424 0.009303997728513607 0.0781230190137678 -0.27679698912519046 -0.00928898946447879 0.9999567021023168 -0.0005555136251309916 -0.9010342876091945 -0.07812480494879023 -0.0001718921950463135 0.9969435717756481 54.52056179789568
0.9954913908900928 0.01114614041187986 0.09419476746415192 -0.18588863208168976 -0.01123097717992884 0.9999368619267425 0.0003705559108211973 -0.9185144038050085 -0.09418468991981087 -0.0014267845029245297 0.9955537195303382 55.63366815993717
0.9936827404338836 0.01142839938140093 0.11164229956152266 -0.07514687398479322 -0.01162303963729852 0.9999318531388642 0.0010927158217477406 -0.9355165549836955 -0.11162220349641629 -0.0023834357252724885 0.9937478568131597 56.73483436836681
0.9913489855359598 0.011277696915594673 0.1307669775941227 0.055178751255650624 -0.011391141512032577 0.9999351116977657 0.00011953673128299808 -0.9530559811123653 -0.13075714424793264 -0.001608087764167127 0.9914131244248625 57.81087948790427
0.9884910219635384 0.01004477419279035 0.15094569225020496 0.20811663693680982 -0.00997195314921657 0.999949510754374 -0.0012393919792500448 -0.9710101926575033 -0.1509505205286407 -0.00028009552701281333 0.988541279815177 58.87053347070523
0.9851223459236335 0.007553117716714556 0.1716884212015268 0.382524186967026 -0.007301564798362319 0.9999711452547576 -0.0020966185595498454 -0.990237625848216 -0.1716993031826593 0.0008118316613593063 0.985149070047748 59.90806712055881
0.9812552208939277 0.002207821194187434 0.19270007004145584 0.5858702414881569 -0.0021583662844705965 0.9999975618818159 -0.00046656768729183866 -1.0098636079575285 -0.19270063031393952 4.190464486292494e-05 0.9812575937645583 60.928058366781485
0.9766735225411257 -0.003235030684505062 0.21470529789359602 0.8094165139002643 0.003021944759930856 0.9999945617959213 0.0013206924138507948 -1.0286074174053896 -0.2147084027628529 -0.0006410577621300487 0.9766779872752176 61.91543522274832
0.9712472831630307 -0.008995088107770544 0.23790292839383745 1.0537375558354465 0.009060658972212457 0.9999586169114109 0.0008178775020891278 -1.0438397452009363 -0.23790044011606878 0.0013611960008030129 0.9712885913764394 62.86929641879577
0.9647845501300456 -0.015291533859596737 0.2625965361968517 1.3210646636977668 0.01614289441630308 0.9998691064430416 -0.0010848689591157253 -1.0566079380626106 -0.26254557469176243 0.005285732968583207 0.9649051156651398 63.79599328277399
0.9571422175532943 -0.020049980401293577 0.28892347371417937 1.6110822359453578 0.02119394110366201 0.9997750377005575 -0.0008311746773881067 -1.068318455902963 -0.2888418117891781 0.00691897945925316 0.9573518347428949 64.71404379768742
0.9484308420568868 -0.023758417942180463 0.3160925108447639 1.9250072251317931 0.02439692216100226 0.9997004727989889 0.0019377498674712744 -1.0805265960509332 -0.31604387041094895 0.005873862644254074 0.9487263934946172 65.61877562240859
0.9385310601624447 -0.029477214861531167 0.34393392230828645 2.2686843858803956 0.029261109426975983 0.9995548595136964 0.0058198193836477225 -1.0901460030663885 -0.3439523754612811 0.0046018068802229925 0.938975817999579 66.51451565595013
0.9276507721110097 -0.0341919138503138 0.37188030067361455 2.6351665785263854 0.03428247399309363 0.9993918812618116 0.00637021545090429 -1.097764899108231 -0.3718719631523172 0.00683964145484219 0.9282588336913419 67.38910811816486
0.9155316946828567 -0.03407885071751721 0.40079963568459903 3.0206694824913547 0.035987498610401215 0.9993484099768606 0.002766843054430124 -1.1051735714112727 -0.40063276947211995 0.011890643821704926 0.9161615559575745 68.2567145807192
0.9022366003088931 -0.03523431828167802 0.42979955779208706 3.435758838951071 0.04039389111399213 0.9991796723184938 -0.0028837451654216604 -1.1143392209166665 -0.42934537452232957 0.01996309697250279 0.9029197218665381 69.09893858710069
0.8873932600758172 -0.03736316569873764 0.4594966766158155 3.8802947087523765 0.04508569864256437 0.9989660430128107 -0.005841633781750678 -1.1256937874591586 -0.4588033148854996 0.025900555134917284 0.8881602780432031 69.92902832563901
0.8711479180463325 -0.039955751008381744 0.48939231996925947 4.345827373278846 0.047047772714449904 0.9988902289848651 -0.002194885230223556 -1.1381965153232014 -0.48876150826977743 0.024936888336770973 0.8720609724290677 70.73316889756686
0.8535241104642393 -0.04107074910624904 0.5194321769240696 4.829987063631211 0.04519936662571541 0.9989668552805228 0.0047158570353301055 -1.1509284022454453 -0.5190892120944733 0.019452907720827858 0.8544986683830134 71.52167802873882
0.8341526317006849 -0.04208884896948092 0.5499253729545882 5.341241772626876 0.043847884165954275 0.9989886924464989 0.009947633799239408 -1.1597391922749325 -0.5497879137276378 0.015815219140401772 0.835154553817766 72.27548054317073
0.8131264642281613 -0.03672609854684056 0.5809273163291031 5.864819870941297 0.041267456140654045 0.9991335281922195 0.00540276835032004 -1.1666171436868165 -0.5806223817899944 0.019580258621779593 0.813937505731747 73.0104136664169
0.7906962191110173 -0.029452752492110053 0.6114998155798397 6.4116061953770815 0.03857915505747496 0.9992540048992622 -0.001755701522783577 -1.1722672187007777 -0.610991929470915 0.02497937275882443 0.7912426259106518 73.71327389887566
0.7670815697568804 -0.027454849551593365 0.640961852667861 6.9843522072020185 0.03900360038898541 0.9992315476528202 -0.0038772841069947255 -1.1797723970508098 -0.6403628537759 0.02797401314522794 0.7675629421047732 74.39207498424389
0.7428645840393879 -0.030959461858057195 0.6687254455316051 7.584750428238044 0.04128119815232867 0.9991474884065186 0.0003988609459986384 -1.1893152491104153 -0.6681676978566782 0.027309487955755656 0.7435093270487604 75.03787740557169
0.7176058017497674 -0.0320811751007217 0.6957102209247955 8.19681367862365 0.042013217205187574 0.9991133075033113 0.0027364849467476863 -1.1998344181695686 -0.6951811295447694 0.027265307149395446 0.7183173394474806 75.65540339398129
0.6910749454886517 -0.03067720076307992 0.7221317948070117 8.823307944395133 0.0441674777488911 0.9990241259929112 0.00017202732721672762 -1.2090955748544094 -0.7214323624756216 0.031775856203126646 0.6917554779945013 76.23977307269604
0.6630953559878471 -0.02799373343084826 0.7480112965430071 9.473660135478815 0.04537133440048122 0.9989661675485024 -0.002835155758934319 -1.2173086103325887 -0.7471586115960043 0.035818249288041865 0.6636799395309991 76.8039137066815
0.634197098608741 -0.026203401748979338 0.7727272622685407 10.14314404857754 0.04494731276132551 0.9989848134836312 -0.0030135534856309968 -1.2271929819201595 -0.7718638346183797 0.03664320081347636 0.6347310427593357 77.34392645861375
0.6052339758884685 -0.02533084643932365 0.7956445077098827 10.836656550494148 0.04646676464272662 0.9989135489569846 -0.0035442197731228075 -1.2398847591372886 -0.7946903008177925 0.03911610830374288 0.6057534612837937 77.85047647526241
0.576051876311583 -0.018993879653360992 0.8171924304186963 11.54063966289397 0.04650553903442318 0.9988722286966433 -0.00956585478246207 -1.2611706808262442 -0.8160891315518309 0.04351440306743327 0.5762855421478691 78.34370550392963
0.5465268518286385 -0.008578752118003886 0.8373976386653909 12.270253134398725 0.045168571824792336 0.9987939483713851 -0.019247046942532896 -1.2973408858243403 -0.8362225782347575 0.04834308336046978 0.5462552022101184 78.82670692108823
0.5149628844852792 0.00101225384077357 0.8572118775103156 13.025299803629277 0.04450405605056357 0.9986191264813491 -0.02791467751338461 -1.3486240149280768 -0.8560564330683164 0.05252442829569685 0.5142067364733385 79.29050173766987
0.4809587056786801 0.006707190693375099 0.876717592514767 13.787148892993505 0.043476223055709945 0.9985580611551785 -0.0314899433283375 -1.4063937878942874 -0.8756646284170091 0.05326173199412926 0.47997358931954476 79.72978764042533
0.44569269774548614 0.0060125108803537166 0.8951658331779994 14.571727986467303 0.04259714701266895 0.9987022324365601 -0.027916554096325402 -1.461398832024153 -0.8941719645810484 0.050573714903550636 0.4448581764092044 80.1324649192343
0.4086374571537621 0.0036940333025901754 0.9126893133640078 15.378671528256225 0.03953110140962359 0.9989817591346779 -0.02174251451712266 -1.5128649006655883 -0.9118402933805071 0.04496441964647811 0.4080753365906916 80.50488606664238
0.37065568607985766 0.004326203298443993 0.9287602738821725 16.204462490341477 0.03648378061449739 0.9991495112492463 -0.01921426351610153 -1.558843748082226 -0.9280534985272904 0.04100656210185751 0.3701826113364097 80.8466239727961
0.3303400122122896 0.0069442779313373965 0.9438364547608842 17.050084753168107 0.030776984382313417 0.9993619333712962 -0.018124661671786856 -1.5983753924363917 -0.9433600869042083 0.035035740785635504 0.32991550934093195 81.1564962051799
0.28942821051880013 0.00893161898603415 0.9571580523289616 17.911299611417075 0.02638458654742342 0.9995020714032653 -0.01730499503913938 -1.6337561260240054 -0.9568360175853577 0.03026277321845157 0.2890484388619352 81.42884377124057
0.24860669789201692 0.008153785302688355 0.9685701965002138 18.80031183636328 0.02443833522906615 0.999593437949728 -0.014687633542409248 -1.6695710252061866 -0.9682961724258026 0.02732168722978111 0.2483063589045974 81.6571685029005
0.20900825917112562 0.007569592638975913 0.977884578498676 19.68947408922332 0.025049932425620192 0.9996004737972647 -0.013091740516718974 -1.710133198930853 -0.9775929871289627 0.027232224506367468 0.20873513711090252 81.84379569546871
0.17079921550839453 0.007087071920503995 0.9852803668973155 20.577315312143295 0.026789882950057586 0.9995710383250027 -0.011833913697489535 -1.7545720757602044 -0.9849415871782651 0.028416768878094155 0.17053608736361253 81.98831383136583
0.13359369379258906 0.006146328367066266 0.9910171278168981 21.468981301869015 0.030442017267217326 0.999483436986662 -0.010302561527751644 -1.7974146494403935 -0.9905685279492555 0.03154491776712792 0.13333757759728002 82.09848080734872
0.09769006751768407 0.005841264944458702 0.9951997439369832 22.371701155334843 0.03882652413212092 0.9991991173191435 -0.009675999817262797 -1.8363398116077059 -0.9944592257766071 0.03958539594969937 0.0973850332201889 82.16514113020875
0.06287420655470624 0.010336268526671364 0.9979679332037972 23.280119880656393 0.04384682255668252 0.9989522574179546 -0.013108911139253332 -1.8766464130781364 -0.9970578169302918 0.04458193527112283 0.06235511803919893 82.21051317818612
0.029189318078164113 0.017303349005354386 0.9994241230945591 24.188116036303484 0.04447587815055292 0.9988374381469715 -0.018592160141661082 -1.9195661505444237 -0.9985839373697482 0.044992957995611954 0.02838580204849144 82.23187438519273
-0.002016962133810129 0.02277000039729384 0.9997386953327633 25.110308018086005 0.05078965740515998 0.9984527633230822 -0.022638244480711136 -1.964933780412308 -0.9987073357918312 0.05073072534873915 -0.003170321935315127 82.2152885208764
-0.03009846820942401 0.022957711717030052 0.9992832559810866 26.052994857319444 0.05480293640135829 0.9982703236967284 -0.02128377288495157 -2.0114909130033025 -0.9980434461351044 0.054123047762919436 -0.03130455761734701 82.1773896949383
-0.05549621135715565 0.019276883018976693 0.9982727945336749 27.009947760443406 0.05623138421973496 0.9982871192088029 -0.016151131555485438 -2.055566813782942 -0.9968742157131635 0.05523793445507119 -0.05648511877833725 82.11860758609093
-0.07780962387069677 0.016218972086176276 0.9968362991873674 27.966208251887537 0.057190438707696335 0.9982938036363036 -0.011778596766295134 -2.0988603528779217 -0.9953265374506611 0.05609301708617198 -0.07860443550238484 82.03608998131718
-0.09680595614542667 0.019833616320553846 0.9951056398787099 28.92051445237708 0.05952983316372251 0.9981269029085377 -0.014102647046226402 -2.1456231191749624 -0.9935214168895754 0.057873252490767545 -0.09780532106113084 81.93768132579835
-0.11230670147483772 0.02597484663422273 0.9933340385520715 29.870660780227066 0.06211012044965618 0.9978870691288236 -0.019071712120732224 -2.193993697333284 -0.9917305771940135 0.059554215701455485 -0.11368270603136502 81.82239694577946
-0.12413668284382685 0.03112091671076199 0.991776977205869 30.825689211616016 0.06680539015152169 0.9975023061141274 -0.022938813040374484 -2.2432562357594197 -0.9900136988038268 0.06340849974632813 -0.12590567239281134 81.69247015758262
-0.1319506621105159 0.03515404794684095 0.9906327350141149 31.78679914481966 0.07231386995488692 0.9970494766616929 -0.02574966603264253 -2.292953980692878 -0.9886150550040923 0.06823880129073284 -0.13410346385407002 81.55024696737438
-0.1370860406784728 0.04078274048455875 0.9897192458114913 32.75331840228904 0.07597706529875962 0.9966416232079618 -0.030544401090671323 -2.3446208459620674 -0.9876410800486625 0.07100875275604349 -0.13972420703780405 81.40555384147571
-0.14038510695147954 0.04647818822509597 0.9890054599270581 33.71997074648544 0.07815910007444225 0.9963005371017779 -0.03572666855813375 -2.398921994086707 -0.9870071817478205 0.07228428453005512 -0.14349845082161422 81.25943385063533
-0.14268696563875694 0.05046620524796498 0.9884804459192261 34.68125174527169 0.08000355903399028 0.9960194454770863 -0.03930260517335944 -2.4551925506048975 -0.98652919894887 0.07347398423515913 -0.14615646842310034 81.11171659875306
-0.14452109048049566 0.054065585011390124 0.988023565975884 35.63767572661184 0.0805108476363742 0.9958379848223635 -0.04271664075985937 -2.51302835571091 -0.9862208970708344 0.07337315927715309 -0.14827245758565133 80.96577156379873
-0.14634015499938402 0.05740118375485192 0.9875675486458105 36.596230130250774 0.08136181705636997 0.9956311464781614 -0.045813479325061066 -2.573137153168671 -0.9858827586280441 0.07364593855823773 -0.15037108090931053 80.81637832689415
-0.148490769334308 0.061804364241283716 0.98698060365097 37.57152020116472 0.08269964261766652 0.9953252121921529 -0.049884778094685264 -2.6392936985976747 -0.9854497757539018 0.074215514115153 -0.15290780533121304 80.6587681705875
-0.1510370078600045 0.06397191196068608 0.9864559882411318 38.555896453090284 0.08560463378424946 0.9950014687832508 -0.05141909950434821 -2.7114094797429837 -0.9848145352965507 0.07667901668166947 -0.15575833675720532 80.49220216469466
-0.15370341553222408 0.06348281499859046 0.9860756523987295 39.54879585862382 0.08572764678139426 0.9950279592237943 -0.05069645885321437 -2.7878568032516786 -0.984391197965043 0.07674172634744339 -0.1583814282236442 80.32493514317638
-0.15594843286613852 0.0625685702732227 0.9857815479610871 40.538683671009004 0.0851454232850988 0.9951286146755577 -0.04969202297659644 -2.8615767407213117 -0.9840885850268746 0.07618539405863843 -0.16051617535916232 80.15663234461442
-0.1573387272360203 0.0642650896498215 0.9854514311542941 41.53148468006144 0.08600481960286965 0.9949805784995694 -0.05115485718619257 -2.931945492281954 -0.983792506536224 0.07670493244219895 -0.16207608528777728 79.98425753756386
-0.15846154863601775 0.06655397731800178 0.9851195387906112 42.51882233372046 0.0846718558675954 0.994966226027028 -0.05359930866596977 -3.0030802612145764 -0.9837279168691978 0.07491847014380128 -0.16329913779166266 79.81536602899166
-0.15984352768222165 0.06967992852173664 0.9846800263127636 43.494273643262616 0.0833828025227547 0.9948936820886607 -0.05686712216666013 -3.0756780975456337 -0.983614434065276 0.07301553876588335 -0.1648374235335346 79.64448567273917
-0.1612829607138778 0.07307938351286013 0.9841987656407329 44.45580441492582 0.08116101562942044 0.9948588134552118 -0.0605708744570253 -3.1506674905000955 -0.9835652983535795 0.07010952143516627 -0.16638497191382837 79.47503659149349
-0.16272052786436314 0.07757518308338923 0.9836178733538334 45.40572169399972 0.07788825508856342 0.9948033474935999 -0.06557224668094008 -3.226832381800151 -0.9835931321083943 0.06594232923627892 -0.1679171214739358 79.30745736957576
-0.16421755790717782 0.0801633229196132 0.983161449271423 46.3543743636163 0.07553229070059923 0.9947880617772925 -0.06849514732371344 -3.3043768009555423 -0.9835280711482121 0.06301233056999904 -0.16941658555057265 79.13839019481598
-0.1662025243037101 0.07905764784818349 0.9829173969524517 47.30949557691666 0.07363931954000154 0.9949927541671475 -0.06757713942273208 -3.3840375473682944 -0.9833381776035954 0.06114987711832635 -0.17119205879845478 78.9652579818528
-0.168520773832175 0.07464209556338895 0.9828678987315168 48.27268953505626 0.0709192128888802 0.9954626918675717 -0.06343890244155494 -3.4664332564537093 -0.9831435368399808 0.05901344482127215 -0.173049701820316 78.79269213019263
-0.17088957359262033 0.07253103025633797 0.9826169158361172 49.249210663437424 0.07095370405141102 0.9956034678705165 -0.06114987036442408 -3.547764543796767 -0.9827320720922449 0.05927043457032571 -0.1752845973470795 78.6107686342044
-0.17328901631651608 0.07288064678710007 0.9821707225059931 50.24494210109459 0.07089874737076408 0.9955939799552423 -0.06136770077277523 -3.6280956122306764 -0.9823157763394166 0.05900032542939277 -0.17769264800186638 78.42340644255964
-0.17474840743045003 0.07574403157220944 0.9816953884895793 51.26101728949423 0.07213099619034728 0.9953424525723834 -0.06395718486441107 -3.708718850001546 -0.9819674706878582 0.05963425012843266 -0.17939800088771954 78.2294706353271
-0.1753154488980026 0.0784516984483188 0.9813815895910533 52.302120887454784 0.07211187961018366 0.995165713459961 -0.06667142995926166 -3.792384957639116 -0.9818677967001352 0.059080739368261026 -0.18012522321685442 78.03278675688681
-0.17559765404832348 0.07967665473592672 0.981232436572912 53.356442188225714 0.07088004083045556 0.9951559176953584 -0.06812282501321795 -3.8795163309793144 -0.9819070646983848 0.057587586908989886 -0.18039452910052878 77.83510333185933
-0.1759794580765473 0.07787430820814147 0.9813087294303382 54.414390907307585 0.067722142086445 0.9954619125198368 -0.06685276504058375 -3.969390289273461 -0.9820615774004744 0.0546916158423895 -0.18045466286644032 77.64047305604007
-0.17579874645328228 0.07722328026668532 0.9813925645379142 55.458026577096824 0.06363103979490203 0.9957250746799362 -0.06695271785562187 -4.0580943929204505 -0.9823674931104316 0.050676825457874365 -0.17996101756057675 77.45027679312668
-0.17563398764697977 0.0780341811708265 0.9813579209198934 56.49741594392275 0.05915705870301146 0.9958886350059152 -0.06860225267192578 -4.145757358990309 -0.9826765209308852 0.046005360938187405 -0.17952816485476125 77.26156578269087
-0.1760253436923427 0.07835552010340714 0.9812621927126887 57.54502545303982 0.05448681867923932 0.9960743738472524 -0.06976409072738586 -4.235267239393347 -0.9828765257997609 0.04118560712345716 -0.1796036770159903 77.07120565551821
-0.17629490267223083 0.07730748670177062 0.9812969274341182 58.60515874730531 0.05041610903226703 0.9963118450357826 -0.06943286967597134 -4.32571106857016 -0.9830454329489736 0.03723251188476805 -0.17954224243034184 76.87728750735752
-0.176032884822131 0.0718680096079788 0.9817573084302367 59.6800607709747 0.05034702816277958 0.996683359321721 -0.0639332308455039 -4.410161634361363 -0.9830959262535749 0.03817421179481848 -0.1790673876993518 76.67626141830266
-0.17575873197206515 0.06283091292453241 0.9824261521949824 60.767793731602616 0.05339041290288356 0.997100747777685 -0.05421773318057863 -4.482969282413494 -0.982984400662407 0.04292289787806297 -0.1786037314619106 76.46808657327725
-0.17524958676799773 0.056618509994850394 0.9828946671254283 61.86535554728227 0.05860189192571128 0.9971747747200629 -0.046992413480459606 -4.544110593335412 -0.9827784086966774 0.04936408601356088 -0.1780724190088761 76.25579855968515
-0.17348155655866565 0.059915594756106305 0.9830128539541088 62.9580361115779 0.06761339388709725 0.9965171208611978 -0.048806319238154476 -4.598434457588283 -0.9825133986369097 0.05799783905914459 -0.1769284379725857 76.04033569138902
-0.1714786068552809 0.06687943311736919 0.9829151686777801 64.04507452336806 0.07439610427286611 0.9957234877851191 -0.05477184990538666 -4.656006762986438 -0.9823748302252014 0.06373285886367167 -0.17572084577838437 75.82834796105719
-0.16953718350155686 0.07277184536493721 0.9828333541005507 65.1341857881572 0.07743838917647343 0.9951702927494098 -0.06032730982570688 -4.722503741988837 -0.98247668638605 0.06588130957438104 -0.17435370301961575 75.62279865283428
-0.1679328886606355 0.07729691348378155 0.9827633143702368 66.228061134689 0.07867866010572842 0.9947918479346479 -0.06479851639301382 -4.796608351271603 -0.9826536589002568 0.06644069873691266 -0.17313988622293025 75.41985969883235
-0.1673148338974189 0.07589783566817696 0.9829777540202846 67.33835325946049 0.0759260509378317 0.9950633511623797 -0.06390744841159562 -4.874816562332362 -0.9829755750510107 0.06394095490670554 -0.17225148225415657 75.22108850268886
-0.16719216768314166 0.07035448634751837 0.9834109137670716 68.46261328471768 0.07389695595886955 0.9955392460068226 -0.058658755187783046 -4.952020290269022 -0.9831510661975733 0.06286378855067679 -0.17164534693265338 75.02312087698515
-0.16726546866663253 0.0675874037395526 0.9835924998938717 69.58361358413283 0.07247415149888714 0.9957912308151602 -0.056100998174229935 -5.023827969766391 -0.9832445069036736 0.06190127209819913 -0.17145982665445816 74.82516946908098
-0.16716582690904364 0.06823425453106445 0.9835647781526151 70.69914762527661 0.07175092386538198 0.9957989405427231 -0.056888267142309205 -5.094979070463887 -0.9833144925395332 0.06106190729563291 -0.17135942413284413 74.62779806009557
-0.1669582243650457 0.07341708960127029 0.983226770522115 71.81622624416177 0.07214382154032632 0.9954603620779597 -0.06208008171044403 -5.170231773094616 -0.9833210159100784 0.06056895645540615 -0.17149688388852657 74.42945770948859
-0.1664275550495542 0.07731818313559083 0.9830176842136852 72.93092170505507 0.07296748700063994 0.9951534635001642 -0.06591911653260818 -5.249643266712231 -0.9833501994513649 0.06075757269871262 -0.17126267135228812 74.23022853294769
-0.1659352622794 0.07586534160657218 0.9832140858811892 74.05249520603584 0.07338610725171284 0.9952217175115509 -0.06440661655295724 -5.3309897374183635 -0.9834022411987409 0.061466925547628025 -0.1707098388172626 74.02868885605048
-0.16511664477133098 0.06734407619996927 0.983972189149789 75.1806667275821 0.07493548872009267 0.9956389299548657 -0.055567919599454486 -5.409272289362179 -0.983423187722223 0.06455924843973389 -0.16944302078031426 73.82528456876096
-0.1643983599972293 0.06630450496949628 0.984163041294972 76.31223884785773 0.07525568998418951 0.9956733165259587 -0.05450897066724024 -5.482423628707376 -0.983519069644928 0.06510268334676012 -0.1686768516004101 73.62474943260638
-0.16339044142318387 0.06948286636040227 0.9841116272729822 77.44204594932174 0.07301863927951383 0.9956325451977037 -0.05817313177843289 -5.553912703101185 -0.9838556001615812 0.062353558242374006 -0.1677503854100185 73.42874353920197
-0.16227153755445753 0.07286268207893025 0.984052324655541 78.5749488264319 0.07246414680961 0.9954571481485931 -0.06175770095320405 -5.627812435154799 -0.9840817524610787 0.06128699503267226 -0.16681429409075788 73.23417707362923
-0.16111029654886863 0.07252224339149921 0.9842682543694057 79.71098539508603 0.07177916225865742 0.995516432188266 -0.06160182715302389 -5.705264725578485 -0.9843227236081574 0.06072526209585118 -0.1655935334848842 73.03784747321663
-0.15994788812683838 0.06870008661899055 0.9847319285888444 80.85278496916574 0.07153946751664232 0.9957587831634785 -0.05784937631663936 -5.783779396398213 -0.984529724117662 0.06119431224658093 -0.16418428206581928 72.84294676628207
-0.15877864489328727 0.06754725442917897 0.9850008681950125 81.99168230560846 0.07271951590562098 0.9957472592648499 -0.05656206920713067 -5.8594917216516755 -0.9846325273584575 0.06264793760068911 -0.16301540412512208 72.64929111551811
-0.1569312549932568 0.0675894371708735 0.9852939912478729 83.12883063897583 0.07416376497605426 0.9956449845872888 -0.056487172267286355 -5.930585664536163 -0.9848209569108579 0.06420850916430014 -0.16126050409223022 72.4581475433661
-0.1547321279520523 0.06810213221396476 0.9856064468982225 84.26644207121642 0.07726418836551911 0.9953999885349001 -0.05664898958444354 -5.996892920602452 -0.9849305629208829 0.06738666346267967 -0.15928221436092752 72.26532215229905
-0.15328823725429586 0.06796137789032221 0.9858417557776282 85.409796484485 0.07747966373897043 0.9953876094319658 -0.05657215477787896 -6.063670179387428 -0.9851393901506357 0.06771084185390856 -0.15784683674077352 72.07596899197785
-0.15185166478368295 0.06925946342287628 0.9859737312062611 86.55941245318309 0.07882030981617474 0.9952135813322862 -0.057769250404061584 -6.130550360817849 -0.9852555154186684 0.06894239811712508 -0.15658389150533272 71.88411113152266
-0.15012759712699109 0.06675223363249878 0.9864105858545644 87.73018496388937 0.07903725797789742 0.9953351352192926 -0.05532703181382086 -6.203218513302547 -0.9855023168071247 0.06965707360393862 -0.15470318569675454 71.69470449358987
-0.1488730333611845 0.06634345301726197 0.9866282816641648 88.91281479160992 0.07805101747873626 0.9954223605873235 -0.055157617001591955 -6.280514903727866 -0.9857711999284484 0.06879585950118383 -0.15336972030723633 71.50775544048899
-0.1474395096680396 0.06587576861173788 0.9868748522982319 90.11113192711223 0.07884727092409326 0.9953868289172344 -0.05466414442680445 -6.358302834741039 -0.9859232722969216 0.06975273419662228 -0.15195347056064515 71.3178446591161
-0.1457741186937263 0.06674143868987094 0.9870640742528674 91.31553825811115 0.07774723734785786 0.9954090064091796 -0.05582362442788256 -6.438735173943425 -0.9862582184214448 0.06860386520521713 -0.15029383312385552 71.13184483613139
-0.14378651188326563 0.06973836453998769 0.9871484181782026 92.51771429686472 0.07802252414280271 0.9952076162459654 -0.05894307671311892 -6.519867892980091 -0.9865282179070339 0.06854459188959122 -0.14853859497066843 70.94688629925227
-0.14195430488251445 0.06897507517414588 0.9874671712669943 93.71704259423845 0.076378574573117 0.9953585437537699 -0.0585464151127399 -6.602209439960091 -0.9869221289805493 0.06711041931842891 -0.14656364811031378 70.77089118485641
-0.14059009413235332 0.06632700409344705 0.9878436890317417 94.90981507076002 0.07251251573235279 0.9957636773178978 -0.05653878311833826 -6.68578173625086 -0.9874089125048551 0.06368223820128371 -0.14480404705550814 70.60921628700365
-0.14002142293284947 0.06735657521654385 0.9878547934261163 96.11603998789184 0.06952812533508543 0.9958896112072623 -0.058049307289890974 -6.76803344906089 -0.9877043286871066 0.060555545283199175 -0.1441290568490818 70.44461024849588
-0.14000406270301294 0.06722962981470418 0.9878659014773338 97.34350049723157 0.0671699002661806 0.9960387776139289 -0.05826626800801067 -6.850864928481607 -0.9878699645828297 0.05819733983892902 -0.1439652830052795 70.27682004001315
-0.1410654420985716 0.06386243343963806 0.9879383232979166 98.59522009341998 0.0645929714430478 0.9963846277630818 -0.05518533861074214 -6.935022329255841 -0.9878908285259517 0.05602912771579116 -0.14468050235507063 70.10430240457094
-0.14239826718659906 0.06209091696594761 0.9878600364082851 99.84238530892998 0.06296232091854458 0.9965775221826578 -0.053562938911375244 -7.0167896205875016 -0.9878048793394387 0.05457069094854207 -0.1458203005160624 69.93024064982966
-0.14361661060077133 0.06088818104065677 0.9877585223976068 101.07864611100128 0.0611235850779999 0.9967456432889116 -0.052555018140855565 -7.096950341011672 -0.9877439832804641 0.05282756850483785 -0.1468709348343229 69.75598816089112
-0.14488882816559273 0.060873659058396194 0.9875736049052952 102.30243032136589 0.06078302299866866 0.9967681666995396 -0.052522813801068685 -7.175218515003502 -0.9875791875024219 0.05241774019624021 -0.14812065664442278 69.57912522067355
-0.14595959401335246 0.05945285478201669 0.9875024835278756 103.52291289227108 0.06165368937163149 0.9967988973920644 -0.05089971262031482 -7.250775546697996 -0.9873675199753751 0.05345386998368483 -0.14915785021729097 69.39783042240563
-0.14804976463095454 0.054088474539894627 0.9874997236023221 104.74768142164073 0.05929528948603643 0.9971924951284498 -0.045729599869926384 -7.325243222844037 -0.9872007576159395 0.05178382548097034 -0.15084130595122308 69.21692615037901
-0.151426058830381 0.05306338956148421 0.9870432743275953 105.96491336848966 0.05909058545323243 0.9972581646630759 -0.044547230257638355 -7.396289442462214 -0.9867007912320183 0.05157935343796946 -0.15414642026667044 69.03019977019633
-0.15681370739422568 0.0576123321606853 0.9859463881754836 107.15759177427547 0.05170190961514143 0.9974071484949906 -0.050058892049655045 -7.470378181702808 -0.9862739851154062 0.043125390596470276 -0.1593857803270924 68.85291302668298
-0.16271694945404655 0.06314391711456821 0.9846502120508555 108.34011328303907 0.05272006535314268 0.9970809212171646 -0.055228898720598545 -7.5449743314792475 -0.9852633095114871 0.042924145607784604 -0.16557091729622173 68.65921199417838
-0.16995210968392566 0.0599300841815033 0.9836283167050336 109.53379714109275 0.055026035003984335 0.9971689001031003 -0.051247635447042014 -7.619928663142364 -0.9839148417854678 0.045415522425383846 -0.17276867319368547 68.45059374967403
-0.18009911645511478 0.05459497438336336 0.9821322197261242 110.73991117967553 0.05432297418911898 0.9974868156417016 -0.045486999200051524 -7.692379181799966 -0.9821473019498318 0.045160174856360584 -0.18261225555698027 68.22707966218854
-0.19170480111489643 0.056634021982496466 0.9798172568308752 111.9359924897301 0.056754653278294716 0.9973028108050678 -0.0465404436116708 -7.759336253018231 -0.9798102768193225 0.04668716220115176 -0.19440198127808536 67.98598124943527
-0.2037233980763429 0.057718091314108 0.9773256361168888 113.11086156328828 0.05857245388086002 0.9971910904014377 -0.046681868753998206 -7.82470573614864 -0.9772748051201368 0.04773417181692027 -0.20653184770962218 67.7324113811075
-0.21614798558468665 0.055242332121519334 0.9747965598366949 114.26086686430114 0.05879391262893988 0.9973227054549061 -0.04348214601289273 -7.893149949386085 -0.9745887974758696 0.047913525500443824 -0.21881720661012 67.47002230209034
