0.9999997487146449 0.0006616362974783481 -0.0002545742662994235 -0.005651835502086639 -0.0006631897359889309 0.9999808613370033 -0.00615119005389375 -0.024572923213720323 0.00025049954347598926 0.0061513573392302295 0.9999810488468589 1.043589921207428
0.9999989217647511 0.0010701959602476387 -0.0010055595169570688 -0.01143697969220599 -0.001078005305362736 0.9999690141431351 -0.007797990649373423 -0.051707471128077304 0.0009971829807427994 0.007799066239799172 0.9999690896182193 2.112963527763985
0.9999979620237346 0.0013739901618058511 -0.0014792225704174991 -0.01809479591998245 -0.0013774170990694511 0.9999963643418207 -0.002318194399809845 -0.07650073330492954 0.0014760320161713702 0.0023202271818465025 0.9999962189305077 3.1602400011768355
0.9999952861258734 0.0011193144470943413 -0.002859171418625313 -0.02675065972405157 -0.0011090514727531676 0.9999929460979199 0.0035885594927507767 -0.09717965358415935 0.0028631679767945903 -0.0035853716084603532 0.9999894736343807 4.170149957969379
0.9999891926922333 0.00022797980069449574 -0.004643546483692404 -0.03564248373612687 -0.00021906775727165465 0.9999981334742692 0.0019196503053553278 -0.11405548762957378 0.00464397545788743 -0.0019186123077897053 0.9999873761296983 5.107972055890696
0.9999789763248308 0.0004706571149732128 -0.0064672552310768945 -0.0457319575741757 -0.0004813536630289647 0.9999985187736516 -0.0016524978527310947 -0.1312917982486323 0.0064664678917361815 0.0016555761481482415 0.9999777216821496 6.022762942561192
0.9999694489979262 0.001334731392853093 -0.007701919429136275 -0.05535223274664995 -0.0013571704380036715 0.9999948480509184 -0.0029089448296654857 -0.1503359373749492 0.007697997089255317 0.0029193087758510703 0.999966108664231 6.922426087862315
0.9999635688224193 0.0018837254701696273 -0.008325419285758683 -0.0647759494923385 -0.00189307895289234 0.999997585677178 -0.0011157472350357706 -0.16926664746903272 0.008323297424023993 0.001131467263073988 0.9999647206285945 7.846199330966488
0.9999555630887993 0.0023084150731395954 -0.00914018969236413 -0.07465100096036734 -0.0022851691406576067 0.9999941303517477 0.0025528932703840386 -0.18619088404591805 0.009146029179971149 -0.0025318929482677326 0.9999549688202648 8.808450576292142
0.9999448644256604 0.001439464724435343 -0.01040173303130127 -0.08685755632390489 -0.001386718114468651 0.999986153600192 0.00507637870568279 -0.19766624721406387 0.01040889627282173 -0.005061674545010917 0.9999330149210901 9.812921511363383
0.9999294107762964 0.0014155213415732572 -0.011797023518679119 -0.10354689068758932 -0.0013408783118487204 0.9999790487145215 0.006332785907702157 -0.20511229298594327 0.011805740549475549 -0.006316520508280487 0.9999103590116196 10.88883077366349
0.9999058937879162 0.002107358108134479 -0.013555906830331897 -0.12494586186117748 -0.0020167022901660787 0.9999755362423538 0.006697748031186015 -0.2116244918781634 0.013569689755532285 -0.006669779503139301 0.9998856822463843 11.99364738075342
0.9998799420974916 0.002492721640956873 -0.01529338843871808 -0.14690696431651218 -0.0024138351750124863 0.9999836988441815 0.005174499556178786 -0.21698528167038758 0.015306037725834954 -0.005136962597657037 0.999869659917934 13.047881544425243
0.9998490864311107 0.0021524126345856065 -0.01723866244010986 -0.16643084257146193 -0.002093814241526203 0.9999919714633739 0.0034165700221887862 -0.2236994297547399 0.01724587790735978 -0.003379959858491415 0.9998455658583274 13.95838847407314
0.9998172467642908 0.0003147511741503008 -0.019114758810193578 -0.18235961366462766 -0.00027304438784057526 0.999997576730867 0.002184486016429467 -0.23117357888819123 0.01911540005952715 -0.0021788676169235566 0.9998149098790594 14.71961528744441
0.9997976231383923 -0.00012509538206295179 -0.020117085225425605 -0.1989655824768021 0.00015761559299462454 0.9999986835146493 0.0016149694403937561 -0.24085980395076695 0.020116856716358433 -0.0016178133742639495 0.99979632663645 15.395422532680465
0.9997980725274027 -0.00039114362752942897 -0.02009132094097296 -0.21541567804112194 0.00040708918913108364 0.9999996054283654 0.0007895704563854808 -0.2518121388956963 0.020091004178055104 -0.0007975899799692225 0.9997978372657849 16.05099885394886
0.9998078887054708 -0.0006351468495015453 -0.019590361680912653 -0.23426905165485323 0.0006473325345233641 0.9999996009434791 0.0006156894286369142 -0.2628641317353425 0.019589962810050196 -0.0006282526262228894 0.9998079008768326 16.746989725655457
0.9998096446380352 -0.0023167043251852534 -0.019372851360493316 -0.253828318519418 0.0023500857595107763 0.9999957926634757 0.0017005152954420936 -0.2739996025761317 0.019368830261248204 -0.001745719455340921 0.9998108825562432 17.54145345557534
0.9998059809132 -0.0030298738780471348 -0.019463308929302113 -0.2781879612085226 0.003099278453530344 0.9999889428932777 0.0035367448668045384 -0.28543573382471776 0.01945237783053285 -0.0035963808847942307 0.9998043163745941 18.472451664582128
0.9998126880153838 -0.003028777261376556 -0.019115841382329746 -0.30647347219581605 0.003117176623992744 0.9999845784884541 0.00459630233598146 -0.29826583878551677 0.01910162541115952 -0.004655028847373965 0.9998067106261497 19.530182146366233
0.999805100856377 -0.006087805359989528 -0.018780280281970454 -0.3317663642963192 0.006174666061053035 0.9999704911806466 0.004570587158226826 -0.31210803573967144 0.01875190125307205 -0.004685658313977981 0.9998131879534092 20.6711862248921
0.9998183786304887 -0.006774588505827826 -0.017813329370957802 -0.35688900359076065 0.006844356187547812 0.9999691326938948 0.0038585551438230555 -0.32864263859484494 0.017786639398140906 -0.003979775118854443 0.9998338846273032 21.85854243240048
0.9998486134192682 -0.006467273449958908 -0.01615316122903305 -0.3798106714463411 0.006533280702221563 0.9999705093488043 0.004036914162936544 -0.34606767926320064 0.016126577034003813 -0.004141836164842227 0.9998613797453871 23.050333742377326
0.9998849097102613 -0.006102147657145354 -0.013889964999010006 -0.40013995784712403 0.006192105492890399 0.9999600739531515 0.006442695800125399 -0.3629706618994866 0.013850096146534296 -0.006527962436965491 0.9998827734005387 24.211557233360093
0.9999102357630416 -0.0063278148988566985 -0.011810130181534696 -0.41715046268000955 0.0064451937906103976 0.9999299508889997 0.009927375893162223 -0.3759777247053214 0.011746484295331379 -0.010002603347552503 0.9998809769332402 25.33150899380168
0.9999366086802761 -0.005237217290299115 -0.009967455846055958 -0.43423172705733865 0.0053599218468141155 0.9999096925145325 0.0123238814214013 -0.3854090195976733 0.009902012865318237 -0.012376524978640304 0.9998743779948899 26.410604977851072
0.9999572475923804 -0.0038060298993919574 -0.008427165827029012 -0.44885929234255223 0.003902300139965051 0.9999269811148237 0.011436979155901656 -0.3940287730253929 0.008383021000149043 -0.011469375527893169 0.9998990840999461 27.44769987002157
0.9999634898990011 -0.0034965794751940157 -0.0077969738350496184 -0.457810995758861 0.003559649531063085 0.9999609405178007 0.008089890850395276 -0.40356156688371614 0.00776838234298485 -0.008117349981918901 0.9999368784403564 28.433136275808355
0.9999616442560223 -0.003056428010378844 -0.008207817286600215 -0.4648145095906448 0.0031039632946977076 0.9999784494498855 0.005784984673080192 -0.414537487573858 0.008189959014428037 -0.005810239549276348 0.999949581572852 29.37840086983749
0.9999586528528012 -0.0025108816708999115 -0.008740026203982917 -0.47030506071703404 0.0025573484091890772 0.9999826347836485 0.005309435023244306 -0.4265269157500082 0.008726543068454272 -0.005331566785361883 0.9999477095536983 30.308545544275916
0.9999538873829951 -0.002744540369059228 -0.00920274990420153 -0.4748491950357936 0.0027857608061271624 0.9999861322592851 0.004469320512801892 -0.4393653963791943 0.009190356052282347 -0.004494751080728528 0.9999476659147488 31.234733890674406
0.9999520443267041 -0.0020292882690779667 -0.009580763850875716 -0.48163078621954236 0.002056889273071385 0.9999937606699428 0.0028719031499988 -0.451358726936827 0.009574876153955632 -0.002891471996342298 0.9999499793171307 32.15062942356273
0.9999456697815211 -0.001957514531191924 -0.010238438457361722 -0.48897044642393134 0.001974226706441057 0.9999967350447619 0.0016224452925458913 -0.4611025387530091 0.01023522906908223 -0.0016425701433734543 0.9999462695811344 33.05521441217214
0.999937436968683 -0.0019924790294153145 -0.01100691490920676 -0.4994491139162431 0.0020182192845913894 0.9999952537300533 0.002327940782177952 -0.4698797512176766 0.011002224294227111 -0.00235000950707951 0.9999367122552785 33.94226076033504
0.9999268519804148 -0.002653354785291523 -0.011800440539284444 -0.5103089867733654 0.0027022623542204403 0.9999878181222996 0.004130542963250432 -0.4793469984652921 0.01178933699182359 -0.004162128708445382 0.9999218410545432 34.802116105029235
0.9999178681762821 -0.0026923389909712363 -0.0125302917985545 -0.5224479350802068 0.002758173504600612 0.9999824687699752 0.0052397167503347745 -0.48996155764406163 0.01251596503341813 -0.005273847121685991 0.9999077643241995 35.627696896389935
0.999907164039911 -0.0030251374709346574 -0.013285776038467765 -0.5323008942383475 0.0030906080089196566 0.9999831693719959 0.0049101033464501 -0.5015840588977671 0.01327069869289401 -0.004950708638120997 0.9998996844884902 36.415599898781224
0.9998976877688761 -0.0025392272723121665 -0.014077155938415272 -0.5419826981001609 0.0025869786799707665 0.9999909585887001 0.0033749492087735136 -0.513330551474516 0.014068458897984916 -0.0034110212124773376 0.9998952162094403 37.17201632102478
0.9998895924445138 -0.0027337888543018003 -0.014605797466889437 -0.5470542867885524 0.0027639529290348595 0.9999940883813343 0.002045425772309324 -0.5238302110336287 0.014600119360805868 -0.0020855696785393734 0.9998912375422468 37.90330678164827
0.9998946100733975 -0.002478668943755674 -0.014304717628635886 -0.5513881288951189 0.002520195625592151 0.9999926606182035 0.002885710265231883 -0.534084498781647 0.014297459920436616 -0.0029214568272318523 0.9998935181957276 38.62825064474983
0.9999059487669517 -0.002663071207508734 -0.013453686193949242 -0.5537333967390596 0.0027231083803173043 0.9999864080733541 0.004446161186893616 -0.5436530521528823 0.013441662888592621 -0.004482378865572559 0.9998996099501661 39.351749373563024
0.9999283834262178 -0.0017816407934046342 -0.01183443174441686 -0.5564235248546745 0.001844860478943837 0.9999840763628528 0.005333245779535902 -0.5523481270609745 0.011824741368977848 -0.005354696706162067 0.9999157478081546 40.05676240981659
0.9999524734853087 -0.0007734249742067038 -0.00971867194743069 -0.559316667688026 0.0008007330512425619 0.9999957418006 0.002806279966030398 -0.561366097592439 0.009716460116377296 -0.0028139286551668555 0.9999488347952258 40.73155859652118
0.9999741461860208 0.001041946870050174 -0.007114865160944166 -0.5639224210037908 -0.0010498706074310313 0.9999988327867976 -0.0011100435801602937 -0.5716180485259064 0.007113700249945653 0.0011174845691083748 0.9999740729123886 41.385723316853316
0.9999906530712904 0.0004653733872509941 -0.004298511098519589 -0.5629459491448593 -0.000479883485787112 0.9999941888650307 -0.003375195995642976 -0.5832669316556481 0.004296915392898305 0.003377227232416277 0.9999850653156407 42.0571556078474
0.9999993023537085 -0.00022084932183611208 -0.0011603954814002693 -0.5587118969220783 0.00021731668419181437 0.9999953446740896 -0.0030435840069308064 -0.5961663499517398 0.0011610622528450062 0.003043329710287343 0.999994695025288 42.75495179033059
0.999995570985907 0.0006778146343473946 0.0028980296567009344 -0.5528078033178102 -0.0006765543431815782 0.9999996761601756 -0.00043583685496315257 -0.6098788587474351 -0.0028983241348019937 0.00043387425008467075 0.9999957057259518 43.47285150961674
0.9999609353953482 0.0021455797949836005 0.008574623642083163 -0.5441466044945851 -0.0021727678304490723 0.999992638180802 0.003162698871890137 -0.6232251629083864 -0.008567774694457067 -0.0031812059887167993 0.9999582357104931 44.170358687369
0.9998788061153367 0.0038605619154254214 0.015082080196907587 -0.5313092227598595 -0.00391996165397006 0.9999846694344566 0.003910856260639223 -0.6350253825410532 -0.015066750877352068 -0.003969503464810615 0.9998786106624356 44.82905575882655
0.9997453789115617 0.00495357707982283 0.022014527455573488 -0.5143416023446706 -0.005041392004662958 0.9999795488927434 0.003935246233726586 -0.6445864482513758 -0.02199458368856444 -0.0040452280997482415 0.9997499059354732 45.44878374314732
0.9995628284444744 0.00650200098490463 0.028842260231722663 -0.4939049205808897 -0.006671367547794143 0.9999610424569145 0.005779829021905696 -0.6548353897228795 -0.028803556154133988 -0.0059697195639764646 0.9995672651708853 46.05283360960002
0.9993152786588541 0.008362406064431591 0.03604225303432522 -0.4681930070139082 -0.008622400939555217 0.9999378735582887 0.007064221525741917 -0.6671096153225743 -0.03598093996846559 -0.00737015525893151 0.9993252987743505 46.6541860715636
0.9989970710711715 0.009121628889142475 0.04383660431225555 -0.43495393885105005 -0.009415214254290871 0.9999345791694069 0.0064954693322431265 -0.679758099983143 -0.04377448722448154 -0.006901685859923956 0.9990175979433619 47.256250823743336
0.9985574538990759 0.010969193433208776 0.052561279075185256 -0.397306502370117 -0.011350344051833333 0.999911370323254 0.00695853347886377 -0.692229671093147 -0.05248029108627036 -0.007545084074833464 0.9985934561941632 47.87798209463613
0.9980095405840254 0.013515877481951238 0.061597710664887936 -0.35567498286107313 -0.01393442757001272 0.9998826181176074 0.006370377898853039 -0.7044540007489283 -0.0615043789624644 -0.00721602675791943 0.9980807283613238 48.51567965970861
0.9973743609908367 0.01621446309810206 0.0705795666220795 -0.3086590464030445 -0.016454406015406084 0.9998606417561404 0.0028195016719977707 -0.7163782729464735 -0.07052401407180704 -0.003973443524012468 0.9975021680105568 49.1524691549176
0.9967356377423517 0.017688956626361156 0.07877289678448031 -0.2530395251005894 -0.017710440405688452 0.9998430671184648 -0.00042595278749802713 -0.7293022564542098 -0.07876806938718398 -0.0009705403707900031 0.9968924963587622 49.79710051825295
0.9961342378592364 0.017453080135472337 0.08609279968954026 -0.1885789726210591 -0.017472636324387347 0.9998472032506482 -0.0005264330273809558 -0.7425739889278354 -0.08608883286741796 -0.0009798702166096017 0.9962869831077211 50.4588279343709
0.9955203431648063 0.015938996547296275 0.09319439218156783 -0.11610897301664139 -0.016185195794005805 0.9998672314616597 0.0018865010748031416 -0.756526164405059 -0.09315194996421863 -0.003386419681730834 0.9956461451638344 51.143119721764116
0.99476474369607 0.01596840275364834 0.10093619178862315 -0.04058452585338289 -0.016367393668561384 0.9998611588231695 0.003125940064411817 -0.7691029601617271 -0.10087226141903818 -0.0047616373533937014 0.9948879905225132 51.81552699160345
0.9937507912756961 0.017227303438158995 0.11028410971294861 0.03790514329279929 -0.017662555700975302 0.9998395911922738 0.0029708602417328916 -0.779680279830161 -0.11021523925954178 -0.004900193946728989 0.9938956631026451 52.467338715485795
0.992398501355615 0.019624061023466654 0.12149119612579669 0.12309317784519216 -0.019993222186939167 0.9997984586673629 0.0018201958543814355 -0.7892902244038722 -0.12143099099370483 -0.004235360115961892 0.9925908402513975 53.12322327108432
0.9908601669086333 0.02085100311642936 0.1332717723407094 0.21808018293577242 -0.021201151582973917 0.999774499775313 0.0012086234225753042 -0.7983237365407984 -0.13321651851535146 -0.004023091853349616 0.9910787929960911 53.79519533635865
0.9892645179137579 0.019314484352037878 0.14485394123417936 0.3245014641017016 -0.0199248586809416 0.9997976596239333 0.0027640218973648788 -0.8083559337759384 -0.14477124577555 -0.005620543098268177 0.9894491881303842 54.48896628555841
0.9874608397421836 0.01717672370715399 0.15692689424808515 0.4419424053072647 -0.017814044712496382 0.9998377906606539 0.0026555936817198884 -0.8188149026170772 -0.15685582484129426 -0.005417797477693734 0.9876066512958731 55.20010276752649
0.9852384225170758 0.01691156564911389 0.1703503734758445 0.5747910447863094 -0.0170882325926518 0.9998538933809595 -0.00042918270593325127 -0.830482242811837 -0.17033274231023063 -0.0024881395120350384 0.9853834614295318 55.944780148885776
0.9824240152707532 0.017663307916431774 0.18582535287936408 0.7219144688103402 -0.01736276932645165 0.9998439908563374 -0.0032447172123409368 -0.84585476626198 -0.18585367486441395 -3.875462488475874e-05 0.9825774320823129 56.69425586442573
0.9790269737693096 0.01855160785000451 0.20288425882331868 0.8839987257903509 -0.01792376592765184 0.9998271938502349 -0.004931637916044064 -0.8660311756086606 -0.2029406889883802 0.0011917565791163191 0.9791903065641419 57.426633007150194
0.975201761457164 0.019224616975523752 0.22048115237586438 1.0548767373891552 -0.018335465723162785 0.9998134122953434 -0.006078757361168051 -0.8886699864929366 -0.22055687508567817 0.0018853902740907029 0.9753722931045127 58.12634133773273
0.9708957057696959 0.018303088427574506 0.23880227275295474 1.2410295671027824 -0.01729021036369828 0.9998304390084455 -0.006335760235197142 -0.9123345568003628 -0.23887774518264204 0.0020224208739114714 0.9710475439803481 58.82272695609605
0.9661049089921443 0.01629327079883145 0.2576350794204009 1.4393767799636807 -0.015137743049713121 0.999864496885695 -0.006468122051761579 -0.9361719694578375 -0.2577055559289345 0.0023488708333087504 0.9662206421150232 59.51448601226718
0.9603368103894494 0.014379323479343216 0.2784716245280567 1.6551733448750454 -0.013590198704779682 0.9998962995894433 -0.004764091361682979 -0.9614974595537479 -0.2785112513170396 0.0007906475917034805 0.9604326409312643 60.196977688249156
0.9536045870809028 0.012760768743393519 0.3007913799950693 1.880928490276355 -0.012022100605941041 0.9999184576824228 -0.004306632445995887 -0.9857097648532599 -0.30082180870954345 0.000490680223672571 0.9536802391984629 60.8688308887843
0.9458173747119022 0.011873262014847475 0.324481924523095 2.1198099244518827 -0.01099102812355335 0.9999292375517548 -0.004551613994293906 -1.0079607457730593 -0.32451300589324916 0.0007386056407669743 0.945880945715599 61.52556676751602
0.9370114304654344 0.010648188367058862 0.3491363562587256 2.3721628546453477 -0.009649729255306884 0.9999428643923378 -0.004598986425913433 -1.0281434569445362 -0.3491653790146145 0.0009402315385551993 0.9370606458827705 62.16999181578205
0.9271642582424363 0.008823622512361542 0.3745511739716108 2.636219939741598 -0.008024906406336694 0.9999609839603922 -0.0036920772112298706 -1.0482136441324394 -0.37456913796377034 0.0004174239134180453 0.9271988927098409 62.788553778697356
0.916075366063012 0.0077576857178574595 0.40093109383636116 2.908346995931032 -0.007283469765983253 0.9999698116682277 -0.002706810000194627 -1.068887937625272 -0.40093998897676203 -0.0004405275384084093 0.9161042141453135 63.36811621424741
0.9037890843940128 0.0065968276077574325 0.4279272984932661 3.1816661476162484 -0.006258581455390597 0.9999780009776754 -0.0021972070586228198 -1.089383702674354 -0.42793237910725745 -0.0006924060988685646 0.9038104887006996 63.90666735965542
0.8898333619590433 0.005359671249675853 0.4562541636727944 3.466049362070139 -0.004907487104552189 0.9999855909832508 -0.002175866769252481 -1.109218124316052 -0.4562592514294744 -0.0003029025821635791 0.8898468428527699 64.42243404144742
0.8742516899802094 0.002808800064025477 0.4854648218037509 3.770182744375983 -0.0018836874472334324 0.9999953613793676 -0.002393520701689348 -1.1284124211740225 -0.48546929283771223 0.0011780755275493941 0.8742529255597055 64.93188594668987
0.8563017399595662 0.00036743769257326087 0.5164757449597813 4.095619985559369 0.0012024181274269353 0.9999956185631312 -0.002705003731494889 -1.1476358914879077 -0.5164744759742399 0.0029373191999921694 0.8562975463138106 65.43015859097703
0.8359737891508934 -0.001165302642579681 0.5487681349371957 4.4315271501306 0.0038973162656511214 0.9999851336719334 -0.0038135758876505885 -1.1667916145728507 -0.5487555328000095 0.005326772463375512 0.8359659028432332 65.9178173041188
0.8133313587997845 -0.0015737739435797153 0.58179861122941 4.784278880121479 0.005521465769232403 0.9999721869741728 -0.005013850202096269 -1.1857121606870533 -0.5817745389828046 0.0072903027141796774 0.8133174271326552 66.38729289781745
0.7891537689139169 -0.0023942001140520807 0.6141910100406661 5.152846256559765 0.007537155331287202 0.9999548540948112 -0.005786282203347255 -1.204596220932713 -0.614149428314048 0.009195519454527696 0.7891361873108409 66.83362465721956
0.7630380421781183 -0.0029847219228365043 0.6463466853199039 5.53817032070354 0.009189858768258664 0.999938355893654 -0.006231445138627353 -1.2235920856307227 -0.6462882427251815 0.010694664451940622 0.7630184345528345 67.26195622539915
0.7347702535635107 -0.003926023731476567 0.6783046961475894 5.950777910932077 0.010963235905130927 0.9999213667405803 -0.006088332623834665 -1.2438546554581082 -0.6782274559000853 0.011909940105218177 0.7347555181078864 67.67865719531657
0.703846229427229 -0.004848726132267729 0.7103358185928441 6.381730011077013 0.012803809676103731 0.9999008474383417 -0.005861548418643243 -1.2644760832428423 -0.7102369659338003 0.01322063338044932 0.7038385234371376 68.0875323337563
0.6711991399152192 -0.006640186726674359 0.7412473423205672 6.84032833402392 0.014900636499971214 0.9998786928646481 -0.004535480920310299 -1.2836082615488544 -0.7411273072886772 0.014089268097302675 0.6712166616790122 68.47610359077045
0.6368760162402631 -0.008883424441373869 0.7709150567397979 7.313861529976126 0.01710441980662672 0.9998503048251702 -0.002608977595342652 -1.3013326931373583 -0.7707764778202628 0.014847650023108902 0.6369326247946336 68.83905770930073
0.601817759308684 -0.010666448224449312 0.798562215148544 7.794812253104082 0.01878768409943374 0.9998231724641977 -0.0008041951302530904 -1.317319796808752 -0.7984124294541352 0.01548711354329077 0.601911739217008 69.17916711259454
0.5655329211531841 -0.012279097940149756 0.8246343061295244 8.291894546502148 0.02070600690850139 0.9997853716133192 0.000687012316338415 -1.3319906293676849 -0.8244657520903165 0.016686355557578116 0.5656657928214819 69.49233945286291
0.5273604123237124 -0.010981091745967763 0.84957072168115 8.787709366130189 0.021092645787694243 0.9997775108758548 -0.0001704128960881709 -1.3431472358881693 -0.8493798301157373 0.018009563319162616 0.5274747006460264 69.79065550200808
0.4862838007917035 -0.01062865770001658 0.8737362855708066 9.290366852575453 0.022408015891429336 0.9997488608944141 -0.00030978077931157703 -1.3499867345144052 -0.8735135636676652 0.01972933794676494 0.48639984304355915 70.04692161200687
0.44309151088305887 -0.011856236390079638 0.8963979822835559 9.787141203909862 0.024137343754668354 0.999707817614996 0.0012915246537536604 -1.3559082807514204 -0.8961513832047782 0.021064402629194894 0.4432482254020188 70.2729033839509
0.39759102112730565 -0.014016849560205843 0.9174556707805301 10.282918001646408 0.026380345096329267 0.9996446016964352 0.0038402723568247282 -1.36260722165004 -0.9171834371114347 0.02267593939801775 0.3978194872814467 70.46257189336886
0.3518061320495472 -0.015537092336518787 0.9359439321957607 10.786710231678004 0.027267648318843995 0.9996080346534486 0.006344478814736154 -1.3715204243589199 -0.9356756493611964 0.023288963437587372 0.3520918962068098 70.61960840085321
0.3072424158526499 -0.013035323306954892 0.9515420002539615 11.287054923267675 0.026898627862419665 0.9996256179997264 0.005008758108100076 -1.3817328784508773 -0.9512510508378673 0.024056271218739562 0.3074780221331348 70.77868865503142
0.2642270157892094 -0.012715392388836736 0.9643766914041041 11.823081281532366 0.027863068536945933 0.9995963661921508 0.005545638570499287 -1.3895199969984386 -0.9640579513384219 0.025405186317897174 0.2644746546822946 70.90493715469744
0.22247751661893284 -0.01677286729355054 0.9747935296881207 12.406034016461735 0.030418846800944192 0.9994846293974987 0.010255211233644866 -1.3950603587657795 -0.9744631590565 0.02737054111447072 0.22287306952776553 71.01163110435976
0.18227456599233535 -0.017294769461468948 0.9830955566686181 13.032977228636376 0.032703804357872235 0.9993987176105109 0.011518004123528894 -1.39997394876726 -0.9827036398491807 0.03005152554766985 0.1827305722626353 71.11262064051783
0.14498654753408435 -0.013907191607371777 0.9893358838411465 13.709807773117811 0.03137426766734893 0.9994630164495846 0.009451670637318554 -1.4059979605137034 -0.9889360729402507 0.029669323738411284 0.14534502009501837 71.2027133180655
0.11160348939524355 -0.011363903768662744 0.9936878397393933 14.427776848876585 0.03341142994308951 0.9994121984109916 0.007676849384246567 -1.4140478318300207 -0.9931909874258649 0.03234376846390908 0.11191757296148538 71.2694671873528
0.08202907601611749 -0.012219796904141444 0.996555019681083 15.211451006965117 0.0354786287512522 0.999326850282752 0.009333445552763463 -1.4242987870042079 -0.9959982417604328 0.034590791658722066 0.08240739980456943 71.3230722521569
0.05623403895371328 -0.013876533610375491 0.9983211781174995 16.06003235260606 0.03756120879001571 0.9992249718632616 0.011773325745031309 -1.436739047929627 -0.997710824065363 0.03683608855220504 0.05671167536750327 71.36472982528217
0.033471777006259126 -0.015186807656219976 0.9993242722046014 16.97802198328523 0.037666590385089266 0.9991933609303467 0.013923197961728915 -1.447924730884087 -0.9987296271327921 0.037175103845619194 0.03401681262643971 71.39752085626455
0.01408579538645094 -0.013547794980675943 0.9998090055703103 17.933800581128544 0.03820213281415147 0.9991854520195661 0.013001135369924229 -1.455656770478151 -0.9991707498805106 0.03801170508696942 0.014591876493457372 71.41877806658546
-0.0032109171190972774 -0.013751650149737001 0.9999002860932752 18.93037964351555 0.037474500912597714 0.9992014292673801 0.01386237827280615 -1.4608180956063839 -0.9992924255655133 0.037515275131416725 -0.002693016748574453 71.42673828075631
-0.017992268902030782 -0.013030604732947105 0.9997532103474591 19.95111836902414 0.036341696915243756 0.9992458119847023 0.013678022384672353 -1.4659543096198444 -0.9991774413611823 0.036578826817282334 -0.017505145060629144 71.42145707674403
-0.028942149056250886 -0.010072807913708803 0.999530334981755 20.981856199993352 0.039196765879314914 0.9991686949157966 0.01120413516822823 -1.4679634098802792 -0.9988122774338575 0.03950262827963832 -0.028523267807051084 71.39779786699668
-0.03643763962154392 -0.007895250883196942 0.9993047400229331 21.986705830030104 0.04202423335812234 0.9990721291239929 0.009425742321709004 -1.4677973481866513 -0.9984519328588001 0.04233846739248549 -0.036072038331411656 71.36281043136508
-0.041838009783160615 -0.008558586562019304 0.9990877496663867 22.94546715782259 0.04170554148349114 0.9990768016275264 0.010304962847228134 -1.4675563865681893 -0.9982535893984825 0.042098634725776754 -0.04144244451371831 71.32829511710965
-0.04615000813290344 -0.012533261147713208 0.9988558925662582 23.88075559792897 0.03889250462385196 0.9991405886420738 0.014333778708204419 -1.46883585588201 -0.9981771134590383 0.039509511424153855 -0.04562289637460564 71.29601188835962
-0.04967195893247213 -0.020533483765125895 0.9985544915227602 24.808658374623196 0.03660583794668553 0.999079481661734 0.022365195075024158 -1.4703743505271687 -0.998094539171532 0.03766384694890047 -0.04887458960418948 71.26130502010446
-0.05166436069926303 -0.027675087069743375 0.9982809641524868 25.742674792395587 0.036858769927376876 0.9988820309104048 0.029599314244554878 -1.4681074803973178 -0.9979840804907553 0.038324638028158005 -0.05058653187394313 71.21923778681894
-0.05211048561761277 -0.030436826594721595 0.9981773874795699 26.646268698571856 0.03797201296096931 0.9987522146332642 0.03243670755246786 -1.46140951860947 -0.9979191467851439 0.03959309727711632 -0.05088971534225943 71.17507535274747
-0.05100089314737905 -0.02838647748536494 0.9982951050636993 27.516816874453163 0.039812734117673776 0.9987435945118133 0.03043318293738797 -1.4526129785361397 -0.997904732477127 0.041296977100000645 -0.04980667206466345 71.13260038617018
-0.04909472238670059 -0.020969066847030846 0.9985739864773855 28.35507666806299 0.041125522644560736 0.9988892836499474 0.022997617191984843 -1.442977178296781 -0.9979470925960884 0.042195938724741124 -0.04817782824239088 71.09375258292762
-0.04688168697001938 -0.012071913235908251 0.9988275007916381 29.201142704623773 0.041443558534265616 0.999042480804736 0.014019736215001929 -1.4319531636748721 -0.9980403493260498 0.042052234879326474 -0.046336493812025654 71.05617673350979
-0.0450903688321907 -0.010280364118606592 0.9989300139409997 30.0967713688223 0.04415662033246464 0.9989492221154019 0.012273732759463479 -1.4224544325370418 -0.9980065388159504 0.04466280050136831 -0.044589042734548015 71.01226718993289
-0.04396249184607306 -0.01518480440798282 0.9989177749073119 31.039760155878323 0.04525110196398782 0.9988279926987979 0.017174946065064117 -1.4173408563264749 -0.9980078341785348 0.04595718351231276 -0.04322383835208094 70.96965239150765
-0.04302393326425533 -0.022262923201274664 0.9988259625265089 31.98835373313451 0.04588231758985278 0.9986528211780824 0.024235422126381335 -1.4116823252182924 -0.9980199166845609 0.04687115321382817 -0.041944497819726104 70.93316592582029
-0.041108732538703494 -0.0250969932736744 0.9988394330610314 32.9034735363154 0.04596583231272971 0.9985785404693996 0.026982230704754553 -1.4048916450646405 -0.9980967960918723 0.047021691192764725 -0.03989669395467339 70.90185286233766
-0.0385374362869498 -0.019975660872543072 0.9990574753121738 33.78167070469533 0.050727178195096256 0.998471950832272 0.021920693272866144 -1.3955581183803611 -0.9979687467034193 0.051524133897672464 -0.037465240280858216 70.86782723346714
-0.03634772131494937 -0.013619243073048747 0.999246395726964 34.665808473256426 0.051329218493230085 0.998561852452039 0.015477020269733332 -1.3863882159747998 -0.9980201172742392 0.05185309099439208 -0.03559638282525675 70.8387030829636
-0.035144780779374336 -0.012644846184318452 0.9993022326848596 35.58089076696276 0.04859832169202911 0.9987153640958417 0.014346590104678121 -1.380495461475911 -0.9981999035827889 0.04906861913574218 -0.03448511422952902 70.81524738317083
-0.03387167673056635 -0.01689254094545973 0.9992834190437999 36.51533798078391 0.046498575643896235 0.9987477787815306 0.018459600267906814 -1.376193840842356 -0.9983439246965696 0.047090513262949406 -0.0330437828052885 70.79128549057225
-0.03147858616008421 -0.02103935597464584 0.9992829649871626 37.44502109990312 0.04946938038929591 0.9985203301980621 0.02258164265626026 -1.370607244882418 -0.9982794593786163 0.050144747295484716 -0.030391204342879265 70.76376077598562
-0.028511065916643562 -0.020131299220909088 0.9993907393567221 38.3572774970307 0.0533529824853151 0.9983413772318 0.021632239062042643 -1.3631982018027407 -0.9981686121994716 0.053937234806707784 -0.027389711958828156 70.73641200831082
-0.02599106624308884 -0.015289936607202497 0.999545237752697 39.25163212597486 0.054921839143897505 0.9983509946063625 0.016699795014960626 -1.3541130703041993 -0.9981523210715887 0.05533090824338226 -0.025108455395805824 70.71285011947724
-0.023827671962945895 -0.013730838184570165 0.9996217815411865 40.148036299803756 0.05295845287516142 0.9984843888091945 0.014977569008400063 -1.3467772887573994 -0.9983123981589612 0.05329530361186837 -0.023064394529733377 70.69623587669204
-0.02120801342232315 -0.014195505826911495 0.9996743008505306 41.041521891454444 0.053493168462804275 0.9984507966880868 0.015312985363340552 -1.340499260677773 -0.9983429776857697 0.05380050378245508 -0.020415795313075885 70.68014965888419
-0.017368078796401194 -0.01762135921499889 0.9996938719119661 41.93919362034883 0.05686666162218426 0.9982088205099444 0.018583149681810174 -1.3346630820788308 -0.9982307011081509 0.05717200674774798 -0.016334901578076513 70.66430337956896
-0.012986063142376313 -0.017137569542435935 0.9997688062118366 42.80841505495809 0.0600151050720948 0.9980371872403528 0.017887427108264898 -1.329139995048675 -0.9981129942683084 0.06023351721048873 -0.011932060895172656 70.65240210236107
-0.008785925850060895 -0.0160183865471083 0.9998330954711317 43.652392465506054 0.06240815414572442 0.9979137145289685 0.016536040974877434 -1.32310377860676 -0.9980120389068867 0.062543022372018 -0.007767917963812035 70.64625228303892
-0.005153254637198127 -0.016498029613653386 0.9998506183353151 44.49038714748918 0.0634823256298426 0.9978416811783561 0.016792070622213332 -1.3193863369603285 -0.997969658005328 0.06355937635016398 -0.004094798982536629 70.64545442900332
-0.0019321929022021998 -0.01829386942415668 0.9998307861693804 45.35007584727724 0.06476712560269125 0.9977311122813376 0.018380615523240752 -1.3177379525573727 -0.9978985349582163 0.06479168100412187 -0.0007429676347021429 70.64774964429526
0.0012377359264882926 -0.019506729404173098 0.9998089595106304 46.249188825897306 0.06756945222364058 0.9975263611007478 0.019378545747834312 -1.3162458919703734 -0.9977138052247116 0.06753255820014611 0.0025527332352688575 70.65039224372003
0.004389251285598213 -0.019407470834605027 0.9998020226769679 47.175509813775804 0.06645290767590051 0.9976072507400746 0.01907313116012919 -1.3162777054530581 -0.9977799083638488 0.06635603474166615 0.005668431775428274 70.66215923985024
0.007267544471990853 -0.017571959487730597 0.9998191881720963 48.11079359408426 0.06618609424407544 0.9976615649165798 0.017052941591374077 -1.3160940528995413 -0.9977808295041863 0.06605019400399981 0.008413569157735805 70.67521663765389
0.009868916089223469 -0.017456374438207963 0.9997989195266703 49.04206516249392 0.06854966746867622 0.9975072556240014 0.01673971527267965 -1.315782397200339 -0.9975988911306778 0.06837068062371147 0.011040944067093265 70.68705561170891
0.012047246659191133 -0.01768279419174022 0.9997710651131616 49.96195853321108 0.0672662695112115 0.997593040821588 0.01683371291147566 -1.317175203619133 -0.9976623240525713 0.06704807002377838 0.013207705028083633 70.7077476661718
0.014322781741142977 -0.017788557442015705 0.9997391785597523 50.87862039013024 0.06690044171027014 0.9976183374379383 0.016792370485975993 -1.3175326341013698 -0.9976568492333254 0.06664247918332306 0.015478732058345422 70.72933639430985
0.016806439215950354 -0.01814470068187923 0.999694109934657 51.78611890998162 0.06507753228609794 0.997735135971929 0.01701508855786511 -1.318648522132855 -0.9977386723949475 0.06477166266389286 0.0179491872607773 70.75564533003225
0.020678308580367257 -0.01684446940187873 0.9996442724313609 52.67092947207629 0.06615542226299594 0.9976898174233361 0.015443066890972041 -1.3187324431775629 -0.9975950419180419 0.0658125524528833 0.021744890898247937 70.78179258468667
0.025538908754214572 -0.013075323510146 0.9995883152852225 53.53486784736934 0.06750740699206838 0.9976544936320584 0.01132525218140003 -1.3176968878524136 -0.9973918558625047 0.06719038064239627 0.02636168826685418 70.81047665128816
0.030059515317930274 -0.010864074116175532 0.9994890681905679 54.38962085329349 0.06934254736075303 0.997554467672599 0.008757576831719103 -1.316717980416603 -0.9971399283271997 0.0690438695326384 0.030739346375406398 70.84211816049373
0.03275926030197324 -0.008973903396836388 0.999422983487118 55.27864661301744 0.06751487713746579 0.9976954651834987 0.006745377483810207 -1.3187923650845148 -0.9971803107911731 0.0672549463616651 0.033289637431325896 70.88004357847282
0.03481204753540318 -0.010134607134159791 0.9993424893822085 56.202074125478966 0.06672628012176249 0.997740877061794 0.007793957985383843 -1.322769050545543 -0.9971638405435213 0.06641108324822062 0.035409647474848475 70.92033460666339
0.037511355953480804 -0.00994484477021885 0.9992467153996695 57.16053771146941 0.06891705222197778 0.9975953815980093 0.007341289216429467 -1.3293772064790483 -0.9969169163413591 0.06858975635488387 0.038106524843040564 70.95809873948869
0.04084284077935463 -0.008192190380953568 0.9991319984735926 58.139494977257186 0.06932393603886317 0.9975798796398414 0.0053456178168094035 -1.3381739528075192 -0.9967577711004576 0.06904543253920566 0.04131191107080569 71.00063365100499
0.04409088646708513 -0.007871701886836047 0.9989965115254167 59.14334555367954 0.06847699452600114 0.9976409611992962 0.0048387765018549425 -1.3492266939796862 -0.9966779293990776 0.06819493270583735 0.04452590484216751 71.0493272105559
0.047860018533120906 -0.01013176188178959 0.9988026662094873 60.149520271494886 0.0685061038724439 0.9976272682524134 0.006837204944258976 -1.3613171578370322 -0.9965020483462276 0.06809685044407411 0.048440547079592486 71.10243349401556
0.052214844700014744 -0.011026730910837466 0.9985749952799609 61.132491492586375 0.07042222486418524 0.9974903236891834 0.007332420584714313 -1.3731578303638785 -0.996149747898443 0.0699390116592521 0.052860329264918446 71.1572606597533
0.058071801709629806 -0.008561955579291333 0.9982756927637055 62.07582488187404 0.06981831918315008 0.9975495997844956 0.004494249240678518 -1.3875565718251288 -0.9958679973533828 0.06943694179941837 0.05852728390167313 71.2202595124899
0.06581006427316165 5.8881373386929226e-05 0.9978321662350571 62.98204782700376 0.0713156553061494 0.9974424281136017 -0.004762342606524765 -1.40198212593998 -0.9952804191526211 0.07147446489363396 0.06563755113920651 71.28526909126552
0.07461715727976236 0.006399793410761256 0.9971917180180485 63.88246723021167 0.07140693124191129 0.9973781251231014 -0.011744177133580249 -1.418458473601466 -0.9946523664125575 0.07208271755581598 0.07396453082166066 71.35664636647996
0.08353454362708303 0.01020233235374737 0.9964526543873318 64.793304055418 0.07015646828603665 0.9974061714901814 -0.016093446831995817 -1.4386709474402142 -0.9940322177769922 0.07125195778255942 0.08260210974004946 71.43596816138204
0.09250742224768885 0.00816478580431217 0.9956785189517037 65.72700528815511 0.06997662514634226 0.9974405993952856 -0.014680688373048303 -1.4620438141327186 -0.9932500434242209 0.07103229512516095 0.09169931453961933 71.5261110271054
0.10107001005834255 0.006915425599523346 0.9948552809105377 66.67453830399282 0.07082658848240911 0.9973885802019148 -0.014128497682247079 -1.4870498420078695 -0.9923550007082902 0.07189017298345617 0.10031627782996565 71.62181783323086
0.10898450935503401 0.004032638784114011 0.9940352682601761 67.63209503370908 0.07082799080281696 0.9974186063134534 -0.011811837222450886 -1.5110788523707237 -0.9915169047673767 0.07169282812227779 0.1084175537279415 71.72811315933345
0.1164488910646153 -0.0016648581849780745 0.9931952899692216 68.59773180211728 0.07050188094039045 0.9974898511721431 -0.006594057358572969 -1.5335621053722224 -0.9906912438059039 0.07079000675098893 0.11627396265074444 71.84395154732597
0.12380124431381252 -0.01022823058996684 0.9922543198219653 69.56575158745665 0.06929340669386361 0.9975949787893197 0.0016377066590129502 -1.5546353248692333 -0.9898846779777486 0.06855393200495966 0.12421224863735862 71.97240807807343
0.13092966580848936 -0.01436553363033214 0.991287573842623 70.5203537663678 0.06857596706617812 0.9976312833730526 0.005399923738323878 -1.5710642179975205 -0.989017067270437 0.06727149380649329 0.13160466089325007 72.10674343943722
0.13758927045319522 -0.011452509563306823 0.9904231583928461 71.45230884750421 0.06668868763095788 0.9977712422851324 0.002273105991676993 -1.5848934761093803 -0.9882417779056999 0.06573726563746964 0.13804637013804774 72.24590522622583
