0.9999996884249838 0.0003167569930170265 -0.0007230594323332113 -0.007655923502861022 -0.00031549555761356426 0.999998429412454 0.0017440284339257674 -0.021135366477549076 0.0007236107299075383 -0.0017437997684912883 0.9999982177733513 1.0695422386264801
0.9999985746993095 -0.0009924703138983622 -0.0013658704278027177 -0.012279853714263378 0.0009956246579102732 0.999996834778884 0.0023106630549650795 -0.039566499469964114 0.0013635728400333232 -0.0023120196558528627 0.9999963976106218 2.115460823665521
0.9999927553136235 -0.003307628043492436 -0.0018838569461428138 -0.015164534684897776 0.0033105294723606406 0.9999933357248794 0.0015391232702956234 -0.05549732930175443 0.0018787535443106154 -0.0015453486837721526 0.999997041086905 3.140286360608127
0.9999894005223948 -0.004064819213239764 -0.002162426328306035 -0.01927795177451948 0.004069447039724905 0.9999894298794543 0.0021400304097683714 -0.07023500264875321 0.00215370463447253 -0.002148807605984317 0.9999953720804011 4.134291908000539
0.9999851826997002 -0.00516639169779487 -0.0017154526728072412 -0.02230180192803303 0.005172117429382201 0.9999810123384167 0.003350248338797779 -0.0830823565977682 0.0016981114051693128 -0.003359071219830371 0.9999929165040098 5.128739651793839
0.9999832476877242 -0.005548313270474696 -0.0016494131576540489 -0.025578394530777506 0.0055553536755284134 0.9999753454625235 0.004294940354227643 -0.09436319575489169 0.0016255428175722814 -0.004304031477493461 0.9999894164057881 6.1378983162763125
0.9999831538775116 -0.005539094421095973 -0.0017350487541308854 -0.029334986234776254 0.005543801842606342 0.9999809332631271 0.002720178548345096 -0.10482519356220725 0.0017199483465913062 -0.002729751490364244 0.9999947951036974 7.1761396120004814
0.9999849348336993 -0.005089531673647845 -0.0020559117162505837 -0.03341408536078788 0.005090041631021491 0.9999870161564637 0.00024288821790119592 -0.11590948255181445 0.002054648835336372 -0.0002533492349752211 0.9999978571138682 8.23848755962679
0.9999905459109236 -0.003863350802661368 -0.001995647601267025 -0.03930580854079946 0.0038624552702113835 0.999992438357223 -0.00045240210089925013 -0.1304960675041832 0.001997380298912391 0.0004446897242544915 0.9999979063593036 9.322701667301548
0.9999904406092136 -0.003961181369820052 -0.0018514136074932503 -0.043549235143505484 0.003959916920130983 0.9999919241078635 -0.0006861319392760194 -0.14784625533109721 0.0018541165487317556 0.0006787939362022078 0.9999980507434082 10.420631228448007
0.9999876310267759 -0.004677581122206055 -0.0016905704072654557 -0.04643570465564539 0.004676320832643698 0.9999887856973777 -0.0007486674520247674 -0.16597567151090156 0.0016940534014377063 0.0007407525421625533 0.9999982907329115 11.521053295797062
0.9999782805845148 -0.006530786256982309 -0.0008872373431759659 -0.04586959501551031 0.006531456199001511 0.9999783853218429 0.0007543003644977978 -0.18412678132387766 0.0008822919913722457 -0.0007600789333798531 0.9999993219201986 12.62349514313949
0.9999623267705082 -0.008677979376388196 -0.00019420003668730668 -0.04215555033358154 0.008678373535322224 0.9999600730586589 0.002130286671408378 -0.20264397990417382 0.00017570569907355725 -0.002131891757088669 0.9999977120799044 13.739502101448945
0.9999452853542943 -0.01046029499288549 -9.233840369353084e-05 -0.03890188968518708 0.010460237350910931 0.9999451077464776 -0.000604093078345155 -0.2216536859139652 9.865232683311644e-05 0.0006030941439871622 0.9999998132725685 14.86421938672864
0.9999404008600327 -0.01091484353139854 0.00024681685951484544 -0.03871702170253393 0.010915563202119422 0.9999355200961371 -0.0031314741014397875 -0.24356603980006636 -0.00021262139494762972 0.003133981613305896 0.999995066463525 16.011808518969342
0.9999408024872086 -0.010817908323019617 0.0011680671008041084 -0.0408742164934809 0.010822896677697183 0.9999319590744633 -0.0043522556231807485 -0.2686756452898918 -0.0011209053221075645 0.004364639850017445 0.9999898466935744 17.171695440846708
0.9999307035681814 -0.011530025112262317 0.0023762538905753887 -0.04313294159794143 0.011536856503772893 0.9999292964914174 -0.0028814857608904414 -0.2934802247713207 -0.002342862277904349 0.0029087005843609764 0.9999930252043047 18.339098701356402
0.9999279685197531 -0.011518112749793058 0.0033750334283810845 -0.04550837246192187 0.011514745304926886 0.9999331874777063 0.0010154906382403382 -0.316425855921198 -0.003386504469552521 -0.0009765548406230661 0.9999937889447718 19.509186637219635
0.9999132542232173 -0.012682864537379546 0.0035537270382542743 -0.046663282008342945 0.012674108167970126 0.999916615277325 0.0024757775514520092 -0.3370006303709808 -0.003584830663020478 -0.0024305224673228923 0.9999906207308412 20.67777030971716
0.9998777069466048 -0.015315480614030035 0.0031634166277778085 -0.04621151929663945 0.015315807720681859 0.999882703001141 -7.920223670866353e-05 -0.35659124962376454 -0.0031618325481803313 0.00012764283163675455 0.9999949932485885 21.84581827001709
0.9998704956668449 -0.015837266451484925 0.002858826032278555 -0.04834857336068001 0.015846106097999316 0.9998696482775564 -0.003096348631176566 -0.3790432415410551 -0.002809415681082448 0.00314124890123508 0.9999911198300069 23.021231717377955
0.9998586803061849 -0.016491015671132113 0.003265856474087866 -0.04998688859832329 0.016509222779143927 0.9998478695807095 -0.005628788337139151 -0.40519693117747085 -0.003172535201295874 0.005681909630590225 0.9999788252374878 24.211668519795765
0.9998659358492143 -0.015859910234091463 0.004071065676419308 -0.051957618902864926 0.015885693581604705 0.9998534524132049 -0.006381099969879675 -0.434889065064787 -0.003969265398851691 0.006444916195017323 0.9999713535834076 25.430342666152054
0.9998458995750998 -0.016929359150399035 0.004644771427797225 -0.0488079993340685 0.016966163048457057 0.9998240417880474 -0.008002173081435904 -0.46713431306513215 -0.004508482480042581 0.008079743892530756 0.9999571947460341 26.68230625642369
0.9998425423976349 -0.017045180030097105 0.004934799851639753 -0.04501400230834149 0.017083438739139138 0.9998235068601108 -0.007817368533941885 -0.5018681390515967 -0.004800680439296559 0.007900440980791129 0.999957267336774 27.970544049149485
0.9998323643269256 -0.017561782966447264 0.005179481003909809 -0.03818692977693429 0.017595168485093685 0.9998242450490092 -0.0064721756897729524 -0.5359077264808813 -0.005064907739695305 0.006562224563174078 0.9999656413689275 29.27440732812918
0.9998390825284771 -0.017085549492318598 0.005467453443731209 -0.02944083154732488 0.017113629762250032 0.9998403855332239 -0.0051309972845721245 -0.5664728304556641 -0.005378914851014658 0.005223739591441056 0.9999718895147535 30.571142659907117
0.9998390881081455 -0.016695678435959246 0.0065614184926694975 -0.017535605467428717 0.01672621145083907 0.9998494037059547 -0.00462641971162957 -0.5924648942981685 -0.006483189151545675 0.004735422938807096 0.9999677714946698 31.825014661217505
0.9998393638691895 -0.015943949547974217 0.008187608348411285 -0.0033464165195316933 0.01598353691767029 0.9998607691947841 -0.004792574758469494 -0.6160856676731746 -0.008110055810954217 0.004922671838107932 0.9999549961356848 32.99223471101729
0.9998168419927463 -0.016342424888131535 0.009960302024972025 0.013095945214373841 0.016384147710244205 0.999857275035256 -0.004121803353007109 -0.6385681849895589 -0.009891520179516508 0.0042842394713344676 0.9999418998725329 34.05455171004924
0.9997906435963233 -0.017209531698819145 0.011068016803303273 0.029832597532555544 0.017254807148226144 0.999843090468547 -0.004008250563772879 -0.6615674732240231 -0.010997300010838495 0.004198387906304137 0.9999307140654596 35.03317471063765
0.9997614221196209 -0.018282099706731756 0.011952559209957596 0.04677901565619212 0.018336005211028267 0.9998221290011879 -0.004416024505436039 -0.6855168846152967 -0.011869698995996809 0.004634133127628737 0.9999188142323856 35.98698578268532
0.9997386561174413 -0.01892074976458727 0.012830615450531858 0.06370641299269186 0.01899468255571863 0.9998035353989696 -0.005665036480767497 -0.710617138058078 -0.012720907951126533 0.005907269425616128 0.9999016364967268 36.95452270370042
0.9997051880242936 -0.019977740879263746 0.013799525595966729 0.08112618578641842 0.02005748524854045 0.9997827804049562 -0.005664741056707325 -0.7363784693343105 -0.013683359339625948 0.005939854804282492 0.9998887357111724 37.9598873536168
0.9996853455840099 -0.020360403460788472 0.014651409334724915 0.09843450894532747 0.02043422505086056 0.999779159588193 -0.00490657718755806 -0.7644853127026859 -0.014548273820303693 0.0052044235070366485 0.9998806237270572 39.01376453505837
0.9996699360406315 -0.020438969869156547 0.015564944176206403 0.11648038727844126 0.0205273579441473 0.9997739412437827 -0.0055402153122486525 -0.7935449510816749 -0.015448189290449643 0.0058578938673325975 0.9998635099487759 40.10777126749624
0.9996561770474213 -0.020647907645707276 0.01616142322910298 0.13607068738053726 0.02074501301485912 0.999767601707336 -0.005864043943795186 -0.825063419655086 -0.016036587104155658 0.006197296686118767 0.9998521997714639 41.256834148866204
0.9996640505550098 -0.01986954010507579 0.016642938561592775 0.15565163458001707 0.01997318201957261 0.9997820018516811 -0.00608446985841714 -0.8595585423191157 -0.016518414813933815 0.006414838225376401 0.9998429835842112 42.45930110173512
0.9996594652857747 -0.019761567246195946 0.017042122066645994 0.17677007831377073 0.01986010413213305 0.9997869044920417 -0.005632217155057704 -0.8960962441497917 -0.016927189028932657 0.005968757508474462 0.9998389091275574 43.70856288146437
0.9996508454256249 -0.020164511377245477 0.017075705571122472 0.1990474977010074 0.020272924371556884 0.9997752601018752 -0.0061998246469416665 -0.9335535520816673 -0.016946851544161822 0.006543834437440201 0.9998349776106032 44.972047735132286
0.9996060241192983 -0.02229263596542431 0.017053883021854867 0.22509236780669137 0.022433588401894432 0.9997153680079404 -0.008118933437495273 -0.9695752581386848 -0.016868036513608412 0.008498314565910223 0.9998216080850195 46.23332759505999
0.999561588674792 -0.024152257257906772 0.017125971951252386 0.2516011851082764 0.024290003601861097 0.9996738878165364 -0.007881227238959062 -1.006922562462255 -0.016930037535362066 0.008293761940062256 0.9998222778783902 47.49942014075286
0.9995339505158711 -0.02493204398753851 0.017614623150678594 0.278819322326218 0.025078770658574476 0.9996521858707295 -0.00815858726292799 -1.0452807600906717 -0.01740508627934952 0.008596538051775968 0.9998115634984089 48.765958937363166
0.9994493448420382 -0.02782044191008755 0.018083973754371208 0.3078803178426688 0.027954371944397566 0.9995832995794482 -0.007195852350961315 -1.0831939828550086 -0.01787624636257903 0.007697416046310744 0.9998105768605344 50.038810820970895
0.9993483359229888 -0.03096002806860457 0.01855748231697707 0.33882127271110524 0.03111202095428182 0.999484220433141 -0.007958345135545736 -1.1211209071845416 -0.018301520158009486 0.00853051974661295 0.9997961215131608 51.300380601673474
0.9993055692828247 -0.0319787063652356 0.019124370304304396 0.36713481253096536 0.032168822764365786 0.9994352102654035 -0.009717372263293564 -1.1585235154065978 -0.018802820062026347 0.010325832700302975 0.9997698890928657 52.55087818132586
0.9992695560280458 -0.03222375538711409 0.02054224876355775 0.39745607630614016 0.032431312146621843 0.9994254086016623 -0.00985203704057494 -1.1953761603988873 -0.020212975732455413 0.010511052761351685 0.9997404430060273 53.800742357182635
0.9992160183143393 -0.032459572656955114 0.022665499927558588 0.4314232937794319 0.03268944172891415 0.9994170590175475 -0.009845940491805127 -1.2303275296001683 -0.022332692257993222 0.010579143993920084 0.9996946196558558 55.03953298478007
0.9991656664268934 -0.032399524068165424 0.024864470110154174 0.46694034212821145 0.03260300824005965 0.9994377693567789 -0.00782234215853116 -1.2616048922308636 -0.024597050380096016 0.008626472239734046 0.999660226821742 56.25554759220043
0.99909077428251 -0.03301950852661669 0.026969182416896244 0.5024424810633449 0.03317507599331618 0.9994352829670947 -0.005341300714388823 -1.2901671554017178 -0.02677758533573989 0.006231148942572597 0.9996219954094864 57.40280795114926
0.9990342772153159 -0.033042235057064114 0.028960726014824183 0.5355258088475592 0.03315590247222435 0.9994442257497976 -0.003453367434874381 -1.3163535635784862 -0.028830523410516437 0.004410251446530963 0.9995745848119862 58.468092256191525
0.9989741077041536 -0.03320945419544203 0.03078740470925192 0.567615826435824 0.033295590128384456 0.9994429264682619 -0.0022891943034954246 -1.341886134546272 -0.03069423096761108 0.003311930645011723 0.9995233340451388 59.46532797607746
0.9989250307361468 -0.03325451079460074 0.03229427937886431 0.5988505163408084 0.03335002130023248 0.9994407956737764 -0.0024232255864848834 -1.3669269868923992 -0.03219563709669986 0.0034976355986208177 0.9994754661807149 60.4253327771707
0.9988542155755192 -0.03405505683665108 0.03362304464005338 0.6328759812470951 0.03414862863466108 0.999414316534678 -0.0022124800326457643 -1.3910326278464238 -0.03352800604549221 0.0033581258724647038 0.9994321366662365 61.38558929003802
0.9987657532830192 -0.03572934341232926 0.03450194325436682 0.6699814742263054 0.03580116872215144 0.9993578573513319 -0.001466038295404327 -1.4164827477708979 -0.03442740749942914 0.002699438734142942 0.9994035554486433 62.36712511782261
0.9986638165685496 -0.03796017707249322 0.03506574444331375 0.7078448101203068 0.03807468664308508 0.9992715050358089 -0.002603355623218141 -1.4426912695914984 -0.03494137538463114 0.003934994294153902 0.9993816168542105 63.37169708472071
0.9985316952411096 -0.04109343140813476 0.035295658288535765 0.745885596371213 0.04124198863043167 0.9991430887258476 -0.003490934714540311 -1.4705429150773008 -0.035121958554777434 0.004941472096325374 0.9993708170047785 64.39926715387081
0.9983949994909095 -0.044426864472812966 0.035123762678017055 0.7843011622658164 0.04457607258899611 0.9989999452768729 -0.003476073840766426 -1.5003937748059664 -0.03493420593183567 0.005036174135216324 0.9993769249917634 65.45365237614801
0.998311614862101 -0.04663425343356912 0.03462897685636217 0.8207768778472649 0.04677963361438957 0.9988994490026484 -0.0033995089512732983 -1.531150291647049 -0.03443233233936226 0.005013700120665615 0.9993944553081995 66.53847494194827
0.9982048798772892 -0.049187851057753966 0.03416976876549471 0.856982527438388 0.049332500450144694 0.9987766148955368 -0.0034026367936994912 -1.560806178839715 -0.03396059758755192 0.005082208784925956 0.9994102505804929 67.62217087130449
0.9981196663271342 -0.050741123061445646 0.03438706328656229 0.8925435606852886 0.05088217845478116 0.998699411238721 -0.0032388126109673342 -1.589558069462436 -0.034177998869252324 0.004982411253237549 0.9994033419853058 68.67632774553522
0.9980119121812174 -0.052280409394601955 0.03519917524493139 0.9279232745159643 0.052397580282011386 0.9986233856238469 -0.0024139730232211826 -1.6171049156838195 -0.03502451605633894 0.00425352544361573 0.9993774015837665 69.68898787298649
0.9978788070566702 -0.05446204302690328 0.03566191661272812 0.9644992384611645 0.05455872488983872 0.9985090425536202 -0.0017428359213852611 -1.643419510773568 -0.03551382780766286 0.0036848077276456425 0.9993623918411476 70.67842701279702
0.9976937957301363 -0.05769612378055631 0.03575258399462067 1.002076540819935 0.057795157016722346 0.9983269433794545 -0.0017418231968048448 -1.6688013589041835 -0.035592271450500146 0.0038041324024336845 0.9993591540530663 71.65062910064883
0.9975451474888379 -0.06006929838682417 0.03599108379568388 1.0395248362720855 0.06019116584357094 0.9981841924585257 -0.0023111642766865917 -1.693799026191045 -0.03578690089774457 0.00447183600289413 0.9993494385883747 72.61073004004655
0.997325567489406 -0.06315901882180784 0.03677840090870771 1.078549378288817 0.06329965676504866 0.997990991608899 -0.002670977520461829 -1.7179051074183285 -0.036535816473183345 0.0049918943252345955 0.9993198762686977 73.55333262733541
0.9971184515546144 -0.06557526662267431 0.03814024091027826 1.1203562388865071 0.06576725004703161 0.9978277566412945 -0.0037995917483687803 -1.7412337342373496 -0.037808231783304856 0.0062970218014734665 0.9992651725772561 74.49771005150889
0.9969788965283481 -0.06668283264231491 0.03983063780452486 1.1635961658582163 0.06689728786097078 0.9977515484304487 -0.004074368845616623 -1.763600772894201 -0.03946939008858169 0.006726621398647707 0.9991981384142969 75.46003617653145
0.9967404962903199 -0.06899432377890231 0.0418110791683219 1.2116011733640792 0.06923655115686612 0.997590692395256 -0.004371547810365778 -1.7856044599724914 -0.04140873143227574 0.007252153655822148 0.9991159708605022 76.4550182454566
0.996584130179966 -0.06983003273534881 0.04408897823290276 1.261132433185689 0.07013154942087087 0.9975235247196065 -0.005327607981308283 -1.807922736526155 -0.04360776592843527 0.008401437921848482 0.9990134026085826 77.47229084338193
0.9964595882200785 -0.07026102394428772 0.04617009376828985 1.3113802999365989 0.07056723331529717 0.9974943226204918 -0.005034076093246157 -1.830920688376428 -0.04570070706779991 0.008274349170080667 0.9989209080399292 78.51246295297496
0.9963412104522873 -0.07092637583774096 0.04768271767627795 1.3621002735737668 0.07117702341877785 0.9974572847287335 -0.0035772166312176426 -1.8533945986122358 -0.04730775509062821 0.0069580422611128494 0.9988561267550896 79.54905703018562
0.9961879531782171 -0.0722233997296583 0.04892179957938672 1.4134046280091077 0.07239397875508924 0.9973746277003874 -0.0017215863390067148 -1.8742760674157066 -0.0486690228235926 0.005256667290685537 0.9988011281863839 80.5782569168138
0.9959602682918326 -0.0742226338518093 0.05053854576619771 1.4670822175402776 0.074435906876697 0.9972230345822396 -0.002348417772492836 -1.894298669373593 -0.05022389621988227 0.006100813281089656 0.998719350130859 81.61214422488172
0.9957586511258074 -0.07547781599492612 0.052609961041131706 1.5230085273552931 0.07583764411756973 0.9971082654685935 -0.004874286502727384 -1.9147647431818628 -0.05208992650033372 0.008843428455633105 0.9986032411975947 82.66205370731053
0.9955301875700964 -0.07718940257098811 0.054419130527633156 1.5834298795682544 0.07765089890855933 0.9969599754584207 -0.0064144549759931 -1.9376328584626685 -0.05375856708788235 0.010611477968703287 0.998497577863852 83.7351768822713
0.9952155772247046 -0.08024264232711335 0.05574112666301326 1.647379630113364 0.0806720005200127 0.9967255714273036 -0.0054921393842304565 -1.9624483945688649 -0.05511790254897414 0.009962610866620147 0.9984301493861871 84.79429110018717
0.9949592307827887 -0.0824009591995792 0.05715077430019701 1.7107269735497181 0.08275492092168582 0.9965624895538177 -0.0038506463800451704 -1.9881269861207944 -0.05663702096127856 0.00856074396813219 0.998358132895879 85.83428907462834
0.9947458641845851 -0.08366323079399382 0.05900109745399008 1.7732059219936918 0.08401823350134284 0.996457866392392 -0.0035576599103414037 -2.013570581662541 -0.05849446236164709 0.008496135464712236 0.9982515782883538 86.8500254881651
0.9945099068985801 -0.08468842196349817 0.06146475629099542 1.8379146171615408 0.0851854747024094 0.9963498911946478 -0.005507196758807849 -2.039280184810874 -0.06077400743989289 0.010712866177990502 0.9980940609571578 87.87281476244539
0.9942992684329093 -0.08524812092927785 0.06404469276848601 1.9075130546881363 0.08589839217685917 0.9962759399925009 -0.007464423185409683 -2.0673300530662426 -0.06316985843907721 0.01292320664880036 0.9979191148157759 88.94121419184322
0.9941415811874909 -0.08505780784426846 0.06669097299308346 1.9813025643969056 0.08585811586840492 0.9962646919326468 -0.009222122742492678 -2.0974111890206038 -0.06565744811949556 0.014894056971743614 0.9977310592405954 90.0510335740927
0.9940446887353991 -0.08436749669288371 0.06897305487450131 2.058156232516172 0.08516028051214533 0.9963298864068008 -0.008630415731925072 -2.128268368935915 -0.06799178935752051 0.014452783620790673 0.997581191495497 91.19239529217235
0.9938567410778718 -0.08502100487276919 0.07085341872131186 2.139998644908951 0.08567410753137815 0.9963037691057793 -0.006224705962667212 -2.157615527525991 -0.0700622973700895 0.012256769396719868 0.9974673158009655 92.35174506361753
0.99378910754017 -0.08464414083286972 0.07223973392239671 2.22488488610334 0.0851252858418553 0.9963637434097615 -0.0036022949394815696 -2.1859446826416598 -0.07167213855366529 0.009729349472287452 0.997380792031806 93.54655645300662
0.9937713656091592 -0.08391688079018092 0.07332414345735093 2.31060678398587 0.08439073881301118 0.9964269961372436 -0.0033829826344873577 -2.2131172803491768 -0.07277826665909097 0.00954978991170364 0.9973024242499076 94.7537379803738
0.9937819423482427 -0.0829737281295229 0.07424830976421407 2.3972693389496516 0.08346748438650915 0.9965041184727983 -0.0035666394464176276 -2.2410445720599554 -0.07369280909792028 0.009741781512686006 0.9972334067710621 95.95864453111717
0.9938089125355211 -0.0814585606207458 0.07555361186973109 2.4845400349291262 0.08197062000920294 0.9966278923287107 -0.0036961720388105804 -2.269237867610323 -0.07499775210146337 0.009866465123331078 0.9971348905969039 97.14572275277143
0.9937724615286545 -0.08033275420340964 0.07722009653823078 2.574693516618073 0.08084362302204469 0.9967206257131089 -0.003507548252003766 -2.2954259864719058 -0.07668509192762721 0.009728457234586946 0.9970079005684398 98.32148166187329
0.9936718088267951 -0.07986024141683519 0.07898530359332825 2.667384026269555 0.08041540479522924 0.9967539323462123 -0.0038679482912307955 -2.3204133876347126 -0.0784200166698838 0.010195106336327388 0.9968682765502612 99.49648964605258
0.9935294448261018 -0.07960093945414062 0.08101192937806476 2.7604248927967157 0.08015089196529909 0.9967764052947512 -0.0035542038268640665 -2.3449705320883556 -0.08046786178782972 0.010024384554384777 0.9967067948667765 100.65107070797532
0.9933154535329708 -0.08008819096678692 0.0831281627383691 2.855809075297628 0.08064686865128279 0.9967370078103599 -0.0033793250798438085 -2.3685828901582053 -0.08258627216028126 0.010060761845904116 0.9965331347836608 101.78858646229386
0.9931027503496672 -0.0804159339943124 0.08532411621429058 2.9500771631534697 0.08090033223645332 0.9967197034910223 -0.0022291067273567276 -2.3912501094539707 -0.08486497211428783 0.00911648137127878 0.9963507546418832 102.8945786191409
0.9928972509374016 -0.08102969410769162 0.0871162312876609 3.0457506243688246 0.08145469452151965 0.99667615928377 -0.001329005553369947 -2.4132079083184377 -0.08671898189760546 0.008415591967824038 0.9961972676084168 103.97977175726473
0.9927449100651164 -0.08135989845053818 0.08853310377436517 3.141171312741732 0.08176792993193632 0.9966509086701304 -0.0009858405808859188 -2.434822160779904 -0.0881563904345587 0.00821785684488928 0.996072747169818 105.04553331424742
0.9926341209444427 -0.08155156347537777 0.0895926583575656 3.2367492392232955 0.08197486282555061 0.9966338450575564 -0.0010491665855645136 -2.4567383766256317 -0.08920551441242973 0.008385784430423981 0.9959779389212904 106.10650011628933
0.9924663789904727 -0.0824137428114093 0.09065573103425384 3.3342908190552913 0.0828014465641137 0.9965659298485035 -0.00051760224065554 -2.479740682419081 -0.09030175535630704 0.008020128490504201 0.9958821569435647 107.17361279672734
0.992269978021363 -0.08362855849729517 0.09168726695211946 3.4343990588188387 0.08406853792535479 0.9964595309375852 -0.0009402843943843351 -2.5029826317123316 -0.09128401639157827 0.008641030454385966 0.9957874075042875 108.23482536470226
0.992056371574135 -0.08495951736450014 0.09276872333040828 3.532083107217859 0.0854148749146944 0.9963450265741676 -0.0009418939587841487 -2.5262968484009956 -0.09234963325574042 0.008858240802421723 0.9956872384476051 109.25676248771583
0.9918961317793273 -0.08593845884714792 0.09357694722625519 3.6265366480844485 0.0863166817316245 0.9962677503675804 5.688880595225757e-06 -2.5497398254817423 -0.09322818359299796 0.00807160879248914 0.9956120504069107 110.23105456983217
0.9917410283814522 -0.08686287211774228 0.0943640507415696 3.7198011912155913 0.08724759229839751 0.9961866568289063 4.893036782311999e-05 -2.5722114259568944 -0.09400845846536036 0.008184509973421782 0.9955377559557765 111.1703027855868
0.9916239993436723 -0.08775454216297886 0.09476805503663933 3.8117428513447984 0.08818004883613254 0.9961045060145381 -0.00030345476024566214 -2.5940566720026474 -0.09437225711467764 0.008657564744210837 0.995499333831913 112.08910261347488
0.9915079020056721 -0.08865594113366447 0.09514307311631151 3.9021721763884556 0.08918784373472455 0.9960139162638763 -0.0013442985709459644 -2.6156776440363942 -0.09464464480498588 0.009818488193286925 0.9954627007072328 112.98010012411298
0.9914176965951383 -0.08956495877598589 0.09523165984822034 3.987022738266173 0.09017932043504312 0.9959232054910766 -0.0021584555251581896 -2.637899154348077 -0.09465009796014485 0.01072785737396908 0.9954527974908202 113.82525089021924
0.9912986110866715 -0.0907340915332583 0.09536450225986222 4.070143369532552 0.0916358892398027 0.995779465540448 -0.005110754466000194 -2.6613156136594855 -0.09449829342833438 0.01380509477024465 0.9954293003008893 114.65493868130027
0.9910395803591939 -0.09316441772201069 0.09571280704269731 4.156532416546829 0.09429750135709507 0.9955167504875857 -0.007374329559230869 -2.6851644941675183 -0.09459667752771539 0.01633373102381069 0.9953816744503389 115.50593518104743
0.9906669360707726 -0.09628310788558304 0.09648100803806829 4.246817707990122 0.09736368647207307 0.9952273531536804 -0.006544317480760774 -2.7105321923433183 -0.09539043103328808 0.015876985564467722 0.9953133109713093 116.40722303000916
0.9901980204586026 -0.10055660471723768 0.09693425363413512 4.340543733766156 0.10163011618855267 0.9948030034058221 -0.00618901432043751 -2.736788014094052 -0.09580814038152981 0.01597978918817496 0.9952715441396561 117.34956917817088
0.9898098791115437 -0.10405681086314714 0.09720382361915146 4.4377522093476385 0.10553729760547692 0.9943630173101121 -0.010201402847841936 -2.7641738497969564 -0.09559436190134277 0.020356078181275262 0.9952122125726522 118.33400988277583
0.9895439088291667 -0.10624290633708582 0.09754638564367206 4.5387931301776865 0.10809971404723334 0.9940423649732055 -0.013936587149798833 -2.794248542275864 -0.09548457635660944 0.02433560131837237 0.9951333951719604 119.37797589830203
0.9894332116162524 -0.10680355261279015 0.09805570304697284 4.644063857303124 0.1088745288565364 0.9939266796790975 -0.016002886875586757 -2.829575447944247 -0.09575101418270406 0.026509556227378984 0.9950522532568892 120.4711243939062
0.9892832133825673 -0.10789692193540812 0.0983716318677654 4.753908886848768 0.11004450896354372 0.9937870675648621 -0.016657442414901396 -2.86788736903723 -0.09596316880155258 0.027304186083779453 0.9950103274116648 121.59142655514707
0.9889235289875502 -0.11117776716858639 0.09833492717350575 4.869097967927451 0.11304290987851368 0.9934972156786253 -0.013586131348498624 -2.9076237264414995 -0.09618500060305316 0.024551711268830455 0.9950606308827439 122.73977845782304
0.9884377922684503 -0.11521545948754783 0.09857042513120448 4.988035484600135 0.11692869512172863 0.9930706278158709 -0.01176471106841024 -2.945554496779572 -0.09653191737763742 0.023154396223321393 0.9950605322606922 123.89947185148806
0.9879228293063714 -0.11915865715273313 0.09904391834359605 5.10974759258056 0.12085199284193883 0.9926067280519384 -0.011255187788685558 -2.9807788618114817 -0.09697050665757863 0.02308891187527059 0.9950194083468876 125.08524832551556
0.9875212269027697 -0.12148726652748039 0.10021312532862628 5.231654960102479 0.12326418525847085 0.9923047875498383 -0.011711073317041742 -3.013946814390618 -0.09801921775353752 0.02391762273623149 0.9948970701904964 126.28051852009528
0.9873675688267565 -0.1205245933477771 0.10285478320182725 5.354115258823093 0.1222932945441135 0.992432559803265 -0.011043747185047198 -3.0461020326330335 -0.10074539264248582 0.023482688106209376 0.9946350733915528 127.48348821735937
0.9873350693822158 -0.1174524579410043 0.10665074257422333 5.478544731365963 0.11931755245630465 0.9927923322385631 -0.011256408137288492 -3.077597547734022 -0.10455994665192614 0.023839152080827996 0.9942328260443904 128.68586920309272
0.9872429825687733 -0.1147609713281954 0.11036853187627042 5.609070667786122 0.11683761965933444 0.9930721833680871 -0.012514361864776868 -3.109213108152228 -0.10816775860234389 0.025249912482046034 0.9938119429341727 129.8990689123886
0.9871603566195031 -0.11303793521982454 0.11285767816190224 5.746941479261714 0.11514532670833927 0.9932723600244436 -0.012311480361972521 -3.1441199343696966 -0.110706748015135 0.025148439568135634 0.9935348871233473 131.13034066216426
0.9872417604606111 -0.1106877053269973 0.11446369857766502 5.886910920007302 0.11270460070045148 0.9935644932507852 -0.011281433076683708 -3.1821144739467226 -0.1124783507328702 0.024038087294036357 0.9933633730793877 132.3698955625277
0.9872311939447518 -0.10950070962850733 0.11568994897256459 6.0308908996413875 0.11156960274712276 0.9936895940703807 -0.011541853364722686 -3.220023523773938 -0.1136960572987055 0.02430195932629436 0.9932183150383572 133.61408878163678
0.9870968232432049 -0.10982709317633245 0.11652412259962168 6.180268503550323 0.11215076210964851 0.9935987326687167 -0.013555994885908904 -3.258640633425491 -0.1142894050268857 0.026449348641487496 0.9930953447957767 134.87056737398706
0.9869912380117435 -0.11021056424011219 0.11705523319323663 6.332585062180697 0.11278367526970412 0.9934975650790637 -0.015570188651112109 -3.2996367896062284 -0.11457808988067857 0.02856955918192303 0.9930033442075846 136.14168107736228
0.9870915651933357 -0.10880327960392092 0.1175248410830772 6.483931151753854 0.11145021084919789 0.9936384472373829 -0.016170549568698712 -3.342842824100281 -0.11501779177953683 0.029059981402530657 0.9929382785727645 137.41405014606406
0.9872506054062933 -0.10734511971301988 0.11752985747760453 6.633312442295377 0.10980473311235815 0.9938453933417413 -0.014637442383331565 -3.3856761991864635 -0.1152352494292975 0.027356158487605677 0.9929614684778911 138.66588339699464
0.9873696375618226 -0.10673900565506025 0.11708109793132893 6.779691967746804 0.10898062667885194 0.9939602232559541 -0.012895642429162872 -3.425457974605322 -0.11499748618870385 0.02549233721621367 0.9930386291144647 139.87092496914372
0.9875453137943433 -0.10632249179102873 0.11597319061826263 6.9194382987335885 0.10825991354430801 0.9940669731319302 -0.010518747439873946 -3.4633474556107706 -0.11416673912402077 0.02294298733102443 0.9931966446832762 141.02473916112152
0.9874172739485468 -0.10862327781283425 0.11492654447610134 7.056481264764889 0.11049320556203629 0.9938264874839794 -0.010008211622651718 -3.4992622270946954 -0.11312991926385818 0.0225808833408713 0.9933235752134852 142.13328643952096
0.987454805172525 -0.10945645176160435 0.11380814078725351 7.1906552250197 0.11130900433423813 0.9937351943038065 -0.010033402020198732 -3.5363880166086625 -0.11199693431434767 0.02257540187323295 0.9934520813478883 143.2317536447132
0.9873135902786963 -0.1115841816372746 0.11296390954340904 7.3268647376778775 0.11400308254244303 0.993364657818861 -0.015164226562564088 -3.575897373779269 -0.11052226753832335 0.027850080875279057 0.9934833674367322 144.33545777470528
0.9875360992646885 -0.11044886935534146 0.11213161867738781 7.463327400304925 0.11340290236411642 0.9933417308361502 -0.020297475577977057 -3.6181144664210216 -0.10914318295010039 0.03276054086199788 0.9934860404544955 145.47064753278414
0.987735466220499 -0.10927381427061825 0.11152525402313587 7.597598449521034 0.11224117739742034 0.9934660742336112 -0.020665852106796164 -3.6611295890690387 -0.10853831980740897 0.03293012088665335 0.9935466975798251 146.5979359959855
0.9878305803772164 -0.10851779961794358 0.11142096588027232 7.727139550452192 0.11126340483601818 0.9936148419038635 -0.01870830544595114 -3.7007989227610696 -0.10867934125632757 0.030877712260505057 0.9935971858201136 147.67463824833348
0.987768479860601 -0.10839523203406917 0.11208882132558541 7.8504310538030575 0.11075035139129959 0.993735296545639 -0.014983993661811523 -3.735609110223187 -0.10976242462966268 0.02721459299041363 0.9935852132896226 148.68422972746285
0.9875846537932081 -0.10850322268569691 0.11359402386995794 7.972770638257 0.11067220152412428 0.9937726371987435 -0.012946403549280564 -3.7673058261148684 -0.11148190616397863 0.02535737016875558 0.9934428963841715 149.68121037022146
0.9874724374941846 -0.10781099602732593 0.11521707479749276 8.09872469204868 0.10995242453066892 0.993859793265302 -0.01237641589805236 -3.798427553097585 -0.1131753044136515 0.024889766295607303 0.9932632329874235 150.72435041186762
0.9872034882162997 -0.10876368598455988 0.1166178951303096 8.229590629427008 0.11091088672397197 0.9937571258519342 -0.012064411490342701 -3.829161171278625 -0.11457769442467454 0.02484422326332893 0.9931035779367474 151.79228102155972
0.9869522793534389 -0.10916067491864033 0.11836023542710736 8.359670959118304 0.11135081712943039 0.9937083246219298 -0.012031670777093616 -3.860048237180077 -0.11630216594570157 0.02505419382832286 0.9928978263486898 152.84801663194756
0.9865314494262385 -0.11012135436855126 0.1209503476845057 8.485469631783467 0.11241640285082102 0.9935850869374301 -0.01229745443675582 -3.889348904361087 -0.11882024938136086 0.0257286285599941 0.9925823824798498 153.84339877280667
0.9859498237580199 -0.11153617134492279 0.12434881387953457 8.611829388817872 0.11387869537491499 0.9934237515512573 -0.011869818597414856 -3.91687374394372 -0.12220715106424185 0.025863726250180356 0.9921675664388646 154.80899155086385
0.9852701233263882 -0.11334850254240858 0.12804257515294978 8.743003178580167 0.11565245769559439 0.9932323208804564 -0.010680158584627066 -3.9435336093802893 -0.12596544410819166 0.025331279671932376 0.991711164180786 155.77703127468465
0.984615285700581 -0.11517359666034621 0.13140693207393847 8.884096979182036 0.11758798308361738 0.9930044126365499 -0.01073791034928968 -3.9708127981572057 -0.12925093964490825 0.02602458677217341 0.9912703543858493 156.79235157152877
0.984212091909641 -0.11550816172709047 0.13410601296466287 9.037271177906545 0.11844635298536604 0.9928601275145181 -0.014114838161411453 -4.001731426212714 -0.13151813412345878 0.029776362542881313 0.9908664635713534 157.8758170438534
0.9841310608624568 -0.11329390512558891 0.13656700226310578 9.197626480613469 0.11679691032070562 0.9929946723520937 -0.01789028842408782 -4.0374089521430605 -0.13358344502697236 0.033556992442024425 0.9904692784094685 159.01479394930124
0.984242801883527 -0.11052728235858605 0.1380211099610911 9.362498749203398 0.11392518708232387 0.9933448668662965 -0.016941877659783357 -4.077729161491803 -0.13523002140325105 0.03239900191066038 0.9902843763215043 160.19781504434818
0.9844379987094077 -0.10760094166162648 0.1389383462207229 9.52441464859807 0.1104907616290202 0.9937890424806753 -0.013233693361393437 -4.118743705903235 -0.13665144818719366 0.02837915430162828 0.9902126061152063 161.3821892005723
0.9843739382155418 -0.10687877103202098 0.13994598266728422 9.687059269122317 0.1094500061221367 0.9939337909781619 -0.010784957656181506 -4.15684606342816 -0.13794435806473293 0.025933519901205924 0.9901004022944563 162.557906564066
0.9841838053964929 -0.10812569216006654 0.14032487979751496 9.850206935217871 0.11073047768297116 0.9937910682763749 -0.0108661826877979 -4.191459186222875 -0.1382786986754704 0.026232561998594747 0.9900458848879734 163.71580385636182
0.9840399860491269 -0.10999929620906138 0.13987659092910298 10.013671035934928 0.11275614362859883 0.9935512504205417 -0.011914900829918341 -4.2232274339607025 -0.13766393111648115 0.027496683823530255 0.9900972550453149 164.86090664355453
0.9839680981464702 -0.11132207144894934 0.1393347703853406 10.176035548489343 0.11426871651636838 0.99336078461877 -0.013304585949417533 -4.253574117513849 -0.13692860276699836 0.029012893511310364 0.9901559522390303 165.9930233878773
0.9841074641743256 -0.11030426530462108 0.13915986494671728 10.336750281899715 0.1133945150193353 0.9934449233827131 -0.014452272092890628 -4.284672286696603 -0.13665351411475152 0.030002554236681155 0.9901644630157994 167.13235079004957
0.9843088490155013 -0.10862070805322614 0.13905981278499238 10.497249925825772 0.1117163657652285 0.9936324457395924 -0.014629299155025848 -4.317797141748681 -0.13658529704910052 0.02993500552151932 0.9901759197609471 168.27490992149902
0.984444302669975 -0.10755815029981108 0.1389268125478744 10.658667845698307 0.1105545101540485 0.993771292433444 -0.014011374656409961 -4.3538893084155745 -0.13655444051815893 0.029152403661570812 0.9902035256125519 169.41585757823438
0.9844205518712617 -0.10808011121910294 0.13868982158885823 10.820779312220408 0.11115309544791353 0.9936962866954109 -0.014583524268856549 -4.392869505832177 -0.13623937179035303 0.029772123985696133 0.9902284858594771 170.54906859347716
0.9843527268020172 -0.10830857686572126 0.1389926667661208 10.98158068268501 0.1115593241006404 0.9936323080963512 -0.01579093136352934 -4.434659936973467 -0.13639731098391955 0.03104977430580755 0.9901675035426667 171.6807292470643
0.9841900889448966 -0.1091057818518136 0.1395198809816855 11.14419420744224 0.11241394117596755 0.9935321465446286 -0.01603058363598461 -4.477174165499435 -0.1368684574762402 0.03146112122809146 0.9900895026204188 172.81361405475923
0.9840974984485847 -0.10935381982062581 0.1399780541294901 11.308451021601844 0.11267377997557018 0.9935033259772663 -0.015992516316333173 -4.519022423804749 -0.13731981959373965 0.031510051773196254 0.9900254460285329 173.9544057283574
0.9839869281347603 -0.10945971926309765 0.14067087516172075 11.475099708670369 0.11285679772847447 0.993476264077814 -0.016378520093873583 -4.5589348290680585 -0.1379603873088026 0.0319919141789779 0.989920930661016 175.10410228229352
0.9837654426654739 -0.11032790478586134 0.14153906613641504 11.646669308209997 0.11375303063021945 0.9933750781189463 -0.016315703926551756 -4.597398209870678 -0.13880130345082128 0.03215132342129126 0.9897982069910081 176.26699413119348
0.9837229766796032 -0.10979824888269442 0.14224433097637765 11.815566231789276 0.11326699927673776 0.993427604242424 -0.01649793938656262 -4.635870863239842 -0.13949800008411203 0.03234099057625045 0.9896940781378262 177.41846306497078
0.9836673942114633 -0.10979276242342739 0.14263241877169794 11.97903917662823 0.11332969813940476 0.9934138633334106 -0.016890105287436404 -4.671651061801008 -0.13983861085145127 0.0327787348203395 0.989631606942056 178.52817872567107
0.9837215168005614 -0.10934679149123958 0.14260174113304708 12.13987176863624 0.1128756698707271 0.993465868643131 -0.01687160313619702 -4.7066150873544474 -0.13982510695450898 0.032693226083121536 0.9896363435289955 179.62301980817102
0.9835685717243153 -0.11094109772530208 0.142425199847842 12.30496268727736 0.11447752620209531 0.9932828386009632 -0.01685522279482532 -4.740263156913524 -0.13959856987391164 0.03288275195782144 0.9896620453027595 180.7172847817791
0.9836333780548677 -0.11080262456756501 0.14208503075732978 12.475879147308058 0.11440876082683095 0.9932806401123762 -0.017441485717080638 -4.7759136403905265 -0.13919774790721706 0.033411799815176 0.9897007823633724 181.8504524492728
0.9837028896719291 -0.11075978222957397 0.14163649067791928 12.648687777429851 0.11435691305787311 0.9932857715843015 -0.017489208216918687 -4.811536224561735 -0.1387484100340363 0.033401296511334014 0.9897642305642242 182.99410631963116
