0.9999990983365799 -0.0004877941593294105 0.0012511526228471824 -0.0045907448717937465 0.0004892145462166954 0.9999992359856745 -0.0011352079963812915 -0.019346363519012928 -0.0012505979191183966 0.0011358190548684008 0.9999985729589416 0.8620340239453316
0.9999953225521943 -0.0006187537832473503 0.002995332617405125 -0.006169561805354561 0.0006273587947489505 0.9999956769409741 -0.002872720018708397 -0.040809139379155035 -0.0029935421620256317 0.002874585729971176 0.9999913876940169 1.7498564456471628
0.9999892343072994 -0.00012656122132911072 0.004638453595609749 -0.007316558062774388 0.00014876365098055245 0.9999885332463466 -0.004786569251237461 -0.06393321111757944 -0.004637794613554623 0.004787207753795598 0.9999777865048028 2.631177201337977
0.9999833722526277 -0.0003511967985556126 0.0057560298011274606 -0.005855431022573346 0.00039334000833495854 0.9999731158522174 -0.007322080062794993 -0.08736908315880465 -0.005753303564094825 0.007324222389907421 0.9999566266916196 3.5038986013247335
0.9999777157032537 -0.0005941076620130838 0.006649446066311948 -0.004816014180194158 0.0006539692708884211 0.9999592498204315 -0.009003944843958866 -0.10976601345657425 -0.0066438257875705755 0.009008092730775876 0.9999373549599287 4.3614225916870035
0.999969233809208 -0.000723001233869092 0.007810806887993987 -0.0033226729150807903 0.0007891871238851396 0.9999637846657193 -0.00847387400750247 -0.13327532688824642 -0.007804397395648462 0.00847977748690117 0.9999335901723992 5.2277940691859826
0.999957268435304 -0.0005580441713183541 0.009227669809249727 -0.0009475460766264769 0.0006455712321724834 0.9999548077326431 -0.009485026629248168 -0.15848536093260662 -0.009221959726103375 0.009490578437387955 0.9999124383563464 6.106880169503976
0.9999479947832737 -0.0012011048082290038 0.010127441737689993 0.0035581251060570586 0.0013288554942621463 0.9999195190994948 -0.012617030827854245 -0.1848489721584568 -0.01011147229566622 0.012629832583027545 0.9998691141629183 6.998275494618831
0.9999489460160652 7.685676884721304e-05 0.010104427465115882 0.004986903512069676 9.611705386875207e-05 0.9998534885150642 -0.017117016847834454 -0.21466838769667487 -0.01010426260905077 0.017117114163730265 0.9998024346238779 7.907567926023975
0.9999508065100285 0.0012311212368010655 0.0098421999798964 0.007676337213110777 -0.0010179140283068286 0.9997653465555709 -0.021638291930062652 -0.24769188287907057 -0.009866529834493556 0.021627208953536644 0.9997174177845985 8.865898741793247
0.9999413115290489 0.0022253238783278635 0.010602897302279528 0.012106571029673486 -0.0019839700758910173 0.9997399125515309 -0.02271939951221559 -0.2834829607768675 -0.0106506976440096 0.02269703031443181 0.999685654320698 9.876682965877835
0.9999122662700003 0.0033071759265324314 0.01282662660965689 0.017792631976520076 -0.003096612895885438 0.9998606936437562 -0.016401350395632883 -0.32168220499651373 -0.012879081930232053 0.01636019234661546 0.9997832131792455 10.939039940220205
0.9998691540063773 0.0037655953616556725 0.015731978837512674 0.026926258403802587 -0.003659270488662357 0.9999703077083414 -0.006781846443003441 -0.3562523174814743 -0.01575704940851789 0.006723391499678632 0.9998532449318149 12.014523777939337
0.9998525076719276 0.00301097063984784 0.016908487749187504 0.041527313752441807 -0.0030052134028443808 0.999995417397128 -0.00036589226273017403 -0.3811545731362575 -0.016909511955163395 0.000315024682422828 0.9998569743542763 13.06732662944418
0.999864998104374 0.0025393089096778904 0.01623383737758002 0.05681533788911123 -0.0025233779454424746 0.9999963145223231 -0.001001751224734283 -0.4007550969428915 -0.01623632130394499 0.0009606518792115088 0.9998677207603426 14.094201036238086
0.9998822198365614 0.0027709391848650122 0.015095308898602482 0.07163273261390982 -0.0026597429870568747 0.9999692200430575 -0.007381377494922995 -0.4192979988078029 -0.015115297613783501 0.0073403584730947205 0.9998588134909516 15.104002943700458
0.999893608271038 0.0022647243371298237 0.014409828673550843 0.0889076750915586 -0.0020773762748761094 0.9999132979392422 -0.013003119321199472 -0.43990396322499803 -0.014438027792494989 0.01297180126064152 0.9998116201192694 16.12274250527531
0.9998982432081223 0.000878410527560141 0.014238385591631814 0.1052682373947791 -0.0007130238394237212 0.9999322723406938 -0.011616467990803436 -0.46319123382189314 -0.014247625286879567 0.011605133627925993 0.9998311487682126 17.15840861585233
0.9998899331911271 0.000908816473004136 0.01480863112046212 0.11840190617335096 -0.0008590722143407824 0.9999939688466157 -0.0033651545766556247 -0.48667188159585223 -0.014811600115249877 0.0033520625013019854 0.9998846834405527 18.206015651569007
0.9998771538041924 0.00041177564385417296 0.01566868664714309 0.13322264098003656 -0.0004827256184635733 0.9999896473171841 0.00452462533604337 -0.5043257002897062 -0.01566666130368913 -0.004531633179485652 0.9998670011678169 19.246683952834438
0.9998783329894154 -0.0013254273668769543 0.015542279774945057 0.15057411995602285 0.0012057770771961246 0.9999695873815807 0.007705219889912738 -0.5153319890438894 -0.015552019802830778 -0.0076855418941628555 0.9998495222411453 20.262654310327427
0.9998797386987964 -0.0035181139473978934 0.015104006550558007 0.1709586116092311 0.0034080375204615224 0.9999674926290262 0.007307459577594086 -0.5234217875136324 -0.015129224034473846 -0.007255105751963213 0.9998592251015357 21.25969451419207
0.9998697740972159 -0.005234979947626716 0.01526531466200696 0.19214538675139073 0.005155600528401506 0.9999730084273412 0.005234711067939874 -0.5313740935298117 -0.01529230623462937 -0.005155327508627596 0.9998697755049435 22.2447968673362
0.9998527184759701 -0.004802732034796 0.016476502092810104 0.21078267893694705 0.004765714658420582 0.999986032801688 0.0022852057536572224 -0.5419919854947616 -0.01648724719311706 -0.002206346877527916 0.9998616417852272 23.23029247537253
0.9998162200830737 -0.0054496772569759214 0.018380072812407486 0.23300865630813228 0.005504926556482767 0.9999804767218773 -0.002956680350563669 -0.5566336580978163 -0.018363601019471425 0.003057317923029558 0.9998267004659938 24.225051266500532
0.9997669105912923 -0.006546901512293404 0.020573346041203228 0.2576068204106914 0.006731927583564217 0.9999374024342321 -0.008937133997583505 -0.5773115389370566 -0.020513547663736982 0.00907354912200544 0.9997484008832318 25.24733262476248
0.9997161588216544 -0.006839966081837105 0.022821407819759974 0.2822790805918455 0.007174230626527273 0.9998677145344775 -0.014597391771083414 -0.6042634669109103 -0.022718543214605143 0.014756974473123317 0.9996329823983433 26.286948053612686
0.9996765221488423 -0.0062123422880553435 0.024662884415481298 0.3051072223217722 0.00660503320814481 0.9998522007122583 -0.015872941352314728 -0.637499418770709 -0.02456063111393221 0.01603070597792741 0.9995698033980095 27.342605764579986
0.9996534637825689 -0.006764380796657347 0.025440037341765594 0.32988585329555103 0.007149283112512788 0.9998608909586068 -0.015069388920555689 -0.6745779106021726 -0.02533456331752639 0.015246044860869324 0.9995627634208926 28.394999435793242
0.9996552702153056 -0.006975327063728682 0.025311766890486476 0.3556331726430779 0.0073878324144640295 0.9998408248087909 -0.01624022715029689 -0.7131419037852766 -0.025194456989189262 0.01642162775218886 0.9995476824439086 29.43758141276284
0.9996811898881396 -0.005768349535352588 0.02458138986045118 0.3782332349750139 0.006227788538002904 0.9998065815281855 -0.018655138242597076 -0.7520190692826101 -0.024469026007575664 0.018802278493908267 0.9995237571412088 30.46551504081103
0.9997042868675444 -0.00445919032800829 0.02390511326627193 0.39927380206279 0.004929712564377581 0.9997945651290886 -0.01966025107596025 -0.7925906436013543 -0.023812533520969813 0.019772282618751306 0.9995208952730087 31.487006191797292
0.9997176349298614 -0.003777061106008922 0.02346026895937436 0.42006570322135545 0.0042466077978645985 0.9997910196740799 -0.01999708231906147 -0.8350403851282426 -0.023379836022860073 0.020091062402612745 0.9995247533098309 32.50591772270756
0.9997308567422503 -0.0034661969873000086 0.02293903999411854 0.4401846368760986 0.003935844568616189 0.9997829180966364 -0.020460347252838684 -0.8784421427561271 -0.022863140749648382 0.020545124984294467 0.9995274756776031 33.52501946432251
0.9997500251218551 -0.003128204979463933 0.02213823846779475 0.4582995352139511 0.0035817612155217937 0.9997838971024139 -0.020477550666655464 -0.9227988034190117 -0.02206939635435175 0.02055172567734676 0.9995451807278336 34.55620398646897
0.9997717233203729 -0.0034280740610612716 0.021089086211687463 0.47586011244357085 0.003836657574378567 0.9998051326904219 -0.019364315235637836 -0.9675728333037183 -0.021018594331426433 0.019440806416403365 0.9995900528407686 35.60634078582583
0.9997926721603809 -0.004178762297348583 0.019928638690777722 0.49243305864643694 0.004513364253761986 0.999849108262561 -0.0167746907475092 -1.011541302839816 -0.019855534178615516 0.016861158092609314 0.9996606719833774 36.6600754895554
0.9998111544329169 -0.004401179939345421 0.01892842007827669 0.5075781507992818 0.004691191148402448 0.9998718749457581 -0.015304457457346293 -1.054579565188228 -0.018858637202283625 0.015390364115123298 0.9997037003508971 37.711911129738176
0.9998164144382199 -0.0045230163549828265 0.0186193378763687 0.524672234178081 0.004823590760255483 0.9998582679921976 -0.01612999999444778 -1.0948520573646112 -0.01854374266644678 0.016216850825479797 0.9996965256302656 38.748676726331055
0.9998146383012746 -0.003314965531540576 0.01896575972683244 0.5412393490852523 0.003638694614142896 0.9998478437507047 -0.0170601655493691 -1.132779679462189 -0.018906320107208843 0.017126013855873472 0.9996745724031454 39.777466295892246
0.999806623776063 -0.003814159466446797 0.01929163655769628 0.5603911424139595 0.004130220362159077 0.9998574705485159 -0.016370090655955898 -1.168010190148921 -0.01922644879507748 0.0164466037797693 0.9996798752054785 40.796030654026254
0.9998031476249035 -0.004809886804925644 0.01924918149581245 0.5806848930875596 0.005085744573551025 0.9998847060645097 -0.01430768256644367 -1.2001595008228143 -0.019178143848337437 0.014402762485485957 0.9997123382410155 41.80347019462871
0.999807382260737 -0.004557824291478863 0.01908990871272247 0.5968335283311983 0.004748719338852489 0.9999390581729584 -0.009966423873103234 -1.2307437306012252 -0.01904332012997946 0.010055156781749286 0.999768096000528 42.800350157701004
0.9998047969510225 -0.00521395236603233 0.019057352766025486 0.6151301770996068 0.005349342020086078 0.9999607678145658 -0.007060267109466691 -1.2596484692968242 -0.01901979320802766 0.007160833221743225 0.9997934636383125 43.79060007612833
0.9998029991437685 -0.006459510951756885 0.01876799460222918 0.6342821727639324 0.006569191775923824 0.99996167007174 -0.005788273209584552 -1.2870829814315798 -0.018729885812153423 0.005910423470597703 0.9998071105327573 44.78633348249054
0.9998039460663154 -0.007039954788032265 0.018506984270978626 0.6540496333856466 0.007177524367194391 0.9999470263947842 -0.007377502842297585 -1.313380168201986 -0.018454066602841768 0.007508890784412808 0.9998015122938178 45.79395706525694
0.9997984871867269 -0.00799937630803625 0.018411816798296204 0.6742321472472148 0.008149399081673328 0.9999340866530214 -0.008087622889101927 -1.3385760617136213 -0.01834590727489966 0.008236038372368817 0.9997977772320705 46.803963414216945
0.9997923014547857 -0.008939835770591046 0.018314837922761694 0.6951010949176535 0.009070134390912369 0.9999340572789923 -0.0070437032663654715 -1.3638030377372754 -0.018250660642096173 0.007208358340751346 0.9998074579418568 47.80237207379214
0.999780191805746 -0.010616946356944176 0.018078952484004686 0.7164967785849574 0.010718134479598308 0.9999273817228056 -0.00550934426704398 -1.3878920558712675 -0.01801914720907668 0.005701905912002941 0.9998213833494598 48.79008901059906
0.9997744137776435 -0.010919386198855616 0.018217808886055016 0.7350492745577341 0.010980006658194116 0.9999344984301027 -0.003230836288903297 -1.4115699117438933 -0.018181336841789086 0.0034301391196164184 0.9998288219171643 49.78122879391315
0.9997644070506174 -0.010935968771302566 0.0187492661658994 0.7537875303085804 0.010994325193476682 0.9999350235768381 -0.003012214788043579 -1.435459496522518 -0.01871510641879253 0.003217640660844433 0.9998196795324195 50.778212924144576
0.9997408132147213 -0.011645829558763709 0.019562235216232664 0.7739958618376767 0.011783373969804119 0.9999065548853295 -0.006930627333807657 -1.4597044541106219 -0.019479694316254844 0.007159340140027176 0.9997846194846687 51.77476308274574
0.9997293512853154 -0.011567451690695927 0.0201846040343923 0.7945548213593396 0.011810914610097558 0.9998584260723232 -0.0119845779337583 -1.4846384320249457 -0.020043115394438423 0.012219732957833317 0.999724437858615 52.77706252124282
0.9997196295572487 -0.012233212722075008 0.02027340090890679 0.8167641435426345 0.012503451349446098 0.9998339440725534 -0.013256997573923124 -1.511950598134041 -0.020107858719138536 0.01350676818559609 0.9997065775670935 53.80143359368001
0.9997163807438177 -0.012560792390208034 0.0202332539896972 0.838937548835722 0.012778541707850005 0.9998614326335455 -0.010668852038318436 -1.5417903915268465 -0.020096441085481875 0.010924377626431865 0.999738361287178 54.848835243493404
0.9997056235080818 -0.013466157430408968 0.02018239159208266 0.8614987795818916 0.013637567926719276 0.9998718910325602 -0.008379633883225478 -1.5708862460303392 -0.020066964577654636 0.008652405852260039 0.9997611978895792 55.905064207846316
0.9996725154505484 -0.015418680405789684 0.020423666353434546 0.8857373905748526 0.015567548009427229 0.9998532526891686 -0.007150142366734278 -1.598605343152213 -0.02031042347531129 0.007465747212068399 0.9997658472446528 56.95244867398517
0.9996495275230466 -0.016028946857417157 0.021068815476690105 0.9088993721398427 0.016196896277316967 0.9998382008176235 -0.007825134935604012 -1.6272889057156958 -0.02093997788753742 0.008163641860142507 0.9997474042365142 57.98389993665786
0.9996241533138711 -0.016300413893473364 0.022041974013843467 0.9318002240109879 0.01651834648586051 0.9998161068521555 -0.009741494155074568 -1.6582235760929434 -0.021879130259188785 0.010101929810771428 0.9997095851662117 59.00077939289763
0.9995843511105543 -0.017713209141166676 0.0227457080965266 0.9557691466870551 0.01799032845685715 0.999765700979833 -0.01203707715013844 -1.6925038183843812 -0.022527163534397814 0.012441276712029109 0.9996688159269892 60.00917427527224
0.9995396282980208 -0.019573846033826406 0.023181803495353974 0.9811000971729504 0.019925660431659487 0.9996882772331545 -0.015043816635771222 -1.730870832446619 -0.022880111848838227 0.015498803632944216 0.9996180708489274 61.01658723418463
0.9995066289531084 -0.020746046101101912 0.023581777922013755 1.006580843225477 0.021195144322160138 0.9995956248229608 -0.01895660022150778 -1.7728289338513425 -0.023178967534276076 0.019447066770241182 0.9995421687243006 62.03742809691959
0.9994692055308327 -0.021942627346824197 0.02407962418068614 1.0320686597948014 0.02245552284305498 0.9995221833564476 -0.02124039717626737 -1.816944195646841 -0.02360204841554475 0.021769843441764854 0.9994843756793353 63.076158580958875
0.9993986788794675 -0.024520675508777994 0.02451565064539404 1.0591082730570243 0.024990169652610212 0.9995065267264449 -0.019031406988791764 -1.860686532027237 -0.024036889871769072 0.019632613270588458 0.999518278182775 64.12536135988907
0.9993143102102287 -0.02762507127754788 0.024652887172989264 1.086135318976525 0.027949481272215682 0.9995259286984747 -0.012912953034325384 -1.9011067250726088 -0.02428447869870394 0.013593134162621447 0.9996126703868696 65.17589097194097
0.9992410909238874 -0.030203400308173794 0.024596683090662957 1.1110592690195116 0.030365773984309837 0.999519282882657 -0.006254831418496858 -1.936063697631983 -0.024395941866878417 0.006996981889658562 0.999677888254443 66.21306608117048
0.9991861083401131 -0.0318413403625951 0.024763883864447736 1.136581422009866 0.031972760601766445 0.9994765862132341 -0.004929116659448945 -1.9665345692172247 -0.02459397242497877 0.005716874622877135 0.9996811761081154 67.2324911051497
0.9991057787455266 -0.03387278267506366 0.025303704692029215 1.1643766303973277 0.034080611341849885 0.9993884329074316 -0.007827649800192764 -1.9954729224968306 -0.025023085498381076 0.00868301587448684 0.9996491636706665 68.24231243468726
0.999045916914731 -0.034815665350277115 0.026365229796469443 1.193152275820766 0.03511509234796488 0.9993229532954641 -0.010980223414222851 -2.026881728640347 -0.025965095520660557 0.011895564847869198 0.9995920714729344 69.25964553000844
0.9990119958295487 -0.034531775136281945 0.027974786765902378 1.2221874494181 0.034977281528612646 0.9992664160835942 -0.015595495000737359 -2.062320986684559 -0.027415724785761562 0.01655856857905024 0.999486964317736 70.28485075488037
0.9989967301675128 -0.03374170720332585 0.02944537840853031 1.252116536157811 0.03434767510230241 0.9992033089596392 -0.020322022024766177 -2.100784096948605 -0.02873621982243301 0.021313013843974125 0.9993597876196553 71.31429575867708
0.9989962282483237 -0.032888258976468264 0.030412141771315175 1.282226387822949 0.033550932104149674 0.999204815693625 -0.021542313005159575 -2.1426365023883664 -0.02967946934438956 0.022541045143610387 0.9993052738694357 72.35519361154603
0.9989814058329853 -0.032868053809733504 0.030916691910863724 1.3129484960171658 0.033452926734922166 0.9992673048270112 -0.01859449371803097 -2.1861836992966537 -0.03028287457984687 0.019609807304571476 0.999348989575042 73.41304765623129
0.9989268910380229 -0.03389156386060654 0.03156625191863649 1.3462580868792355 0.034416768602400984 0.9992755141000438 -0.01624601363605863 -2.227622136009482 -0.03099277980558021 0.017314988281158183 0.9993696207013423 74.47233497298487
0.9988979413104778 -0.03444951345794686 0.03187685474130758 1.378187514265429 0.03494000506858791 0.9992774362215077 -0.014959996804099067 -2.265731590946155 -0.03133845706946561 0.016057287475857815 0.999379840014507 75.51839819306925
0.9988286848212198 -0.03649262886420278 0.031773360176264545 1.412376531706237 0.03696079775560369 0.9992147686182443 -0.014273948453702258 -2.3013515436992282 -0.03122751683340261 0.015431597900708176 0.9993931698679199 76.54948723187853
0.9987564462356086 -0.03862328418427069 0.031524641498952746 1.4466756724933578 0.03905647735044907 0.9991492443264057 -0.013243078907396491 -2.33513828638817 -0.0309863305312244 0.014457851873453944 0.999415237946377 77.5738687158426
0.9987046719075191 -0.03992680707905858 0.0315409002180407 1.4801351138990462 0.04029995147474957 0.9991239035049762 -0.011284474117706066 -2.3672992725604516 -0.031062714324823503 0.01254095376962949 0.9994387586327242 78.60032119816852
0.9986185716867265 -0.04144161654330247 0.032303880581724655 1.5151182597471167 0.041775500130733084 0.9990796444215324 -0.009729937891519502 -2.399501219954499 -0.031870925169934616 0.011066007447294794 0.9994307317708353 79.63561171934602
0.9985177408014866 -0.04301953158589283 0.033341283820868185 1.5503114459497425 0.04339931277760921 0.9989999507885647 -0.01075164986769537 -2.432372200450226 -0.032845409955191106 0.012182701940728688 0.9993861920290361 80.6696697746541
0.9984862498254284 -0.04307880236009619 0.0341968667683137 1.5840138908171355 0.04359624157674034 0.9989435329441932 -0.014532230020097889 -2.465230700213516 -0.033534707840273896 0.016001086719167064 0.9993094558713391 81.69810233887753
0.9984552414118442 -0.043672331357315894 0.0343490665234254 1.6183599926439098 0.04427441975624115 0.9988753097729015 -0.01696735929187329 -2.49837819928635 -0.033569430326743206 0.01846193380738204 0.9992658556898802 82.72474124207473
0.9984908402394002 -0.043261255029505 0.033830544945161856 1.650486883906483 0.043794479553501874 0.9989251913761356 -0.01518241070416842 -2.53390212261931 -0.03313737344226903 0.016641089129749514 0.9993122578223095 83.76074281598711
0.9984661437337371 -0.04388085820648578 0.03376136994466615 1.6836106475664283 0.04427394121438395 0.9989590377426397 -0.01098449095980783 -2.568569626571102 -0.033244216742519206 0.012462391237764648 0.9993695566995283 84.80802436048043
0.9984287040200746 -0.044569208724106496 0.03396628655740449 1.7172104648310837 0.04483923606031348 0.9989680550306201 -0.0072296568292682 -2.600823923444647 -0.033609015134635725 0.008741319239595854 0.9993968298126774 85.86063273203627
0.9983959947881157 -0.04509959517889227 0.034226657823212076 1.7511064640625436 0.045342720675121066 0.9989512417592014 -0.006360367090760836 -2.629748539028633 -0.033903912352782506 0.007902094814118623 0.9993938571077581 86.90716282786828
0.9983397059153976 -0.04607760365624761 0.034564230557814594 1.787469651735379 0.04639585588504243 0.9988872880329513 -0.008462290639765628 -2.6553532588897646 -0.034135848450717966 0.010051877808411996 0.9993666512362082 87.9489951467858
0.9983370864679019 -0.04578074949289107 0.03503119693428482 1.822070604023202 0.04612769462768608 0.9988935511331042 -0.009160201582554943 -2.6797054835127585 -0.034573075812175516 0.010760877314013597 0.9993442379622334 88.98037469676501
0.998297423756642 -0.04616361349048804 0.03565353433182961 1.8569734634075585 0.04653340181532811 0.998870487475026 -0.009612063612899732 -2.704039916975439 -0.03516953562877031 0.011254778580942393 0.9993179842886594 90.0029549426523
0.9982487139770462 -0.046713205826660054 0.03629574967634721 1.893014247460513 0.04710669195463127 0.9988391823083834 -0.010062179615405594 -2.7276403528160538 -0.03578358026055313 0.011754330560150784 0.9992904338063173 91.03309057592655
0.9981587529089136 -0.04828583510820281 0.036709428206173005 1.9322264401534928 0.04865015585154139 0.9987744588325093 -0.009096302515321416 -2.7504991561448473 -0.03622521672732213 0.010865473378226733 0.9992845816689678 92.07498912363695
0.998133171769479 -0.048865665265759126 0.03663766056304416 1.9708001358258813 0.04915836294758579 0.9987655427065135 -0.00713064194010888 -2.7728703197411253 -0.036243989373570464 0.00891837767194193 0.9993031751045264 93.13069768450842
0.9981376166258568 -0.04977405007069959 0.03526814732888575 2.0079160283681636 0.050053202915552354 0.9987214834135719 -0.007076400645091797 -2.7935285141115194 -0.03487083529752403 0.008828505408889924 0.9993528317555801 94.17894216209339
0.9981960527957985 -0.05062000088078287 0.03228398509656192 2.039450090268113 0.05089564309598467 0.998673722205945 -0.007773679255686068 -2.8141788028336707 -0.03184766391325497 0.009402770131917128 0.9994485050352085 95.22150954818271
0.9982982217335249 -0.0507544893179843 0.028716585760685052 2.063169541825135 0.0510373210794806 0.9986543439204015 -0.009202892259692824 -2.8367505705639875 -0.028210855015581716 0.010652848585431099 0.9995452288297435 96.24592363266285
0.99838227682796 -0.05094306294463336 0.025251408943583506 2.0800716290326493 0.05122499365699979 0.9986303898593765 -0.010646336184406425 -2.860758014403832 -0.024674467383457376 0.011922616622628963 0.9996244404136041 97.21616371833852
0.9984476110761149 -0.051185218033645126 0.02196454850994745 2.093948915608731 0.051444184596318214 0.9986109013806913 -0.011391378971150582 -2.8846927069373893 -0.0213509673695963 0.012503643408728518 0.9996938506832422 98.12576007757617
0.9985293254764935 -0.05094727717987366 0.018535401571431052 2.10392479182069 0.05115562144335215 0.9986307158432717 -0.010945125357908701 -2.9080612421874283 -0.017952397004342834 0.011877218626976889 0.9997682947160728 99.00243897181086
0.9985758707949746 -0.05128849460673256 0.014687429558353641 2.1114991036282014 0.05144661390439914 0.9986195124214028 -0.010597892668475866 -2.931093590737522 -0.014123603783316936 0.011338418417751652 0.9998359685888253 99.8778132090775
0.9985860161846345 -0.05210656309357662 0.010529689600084931 2.1164733096109605 0.05221072937956033 0.9985872905218395 -0.009872332343818133 -2.9550389673938917 -0.010000400899630868 0.010408135799824879 0.9998958259193893 100.7849482465247
0.9986229137763007 -0.05202647540114385 0.006746994757908008 2.1171986631198934 0.05208897979149287 0.9985977812610447 -0.009445075161239602 -2.9795537660086286 -0.006246140024888631 0.009783512551951245 0.9999326320392459 101.71674384280011
0.9986415764800453 -0.05201358448855126 0.0030965713459291206 2.1145713189721684 0.052039288372304746 0.9986054049568914 -0.008897058872917005 -3.004371349782311 -0.0026294849594933555 0.009046116268121844 0.9999556258101208 102.68425189987973
0.9986505397446016 -0.051933527092481876 -9.072788233202801e-05 2.1091002890420234 0.05192989602268332 0.9985985512128674 -0.010208791046768835 -3.0299194825645657 0.0006207792582602465 0.010190303199499701 0.9999478848189108 103.6609923231033
0.9986673728411221 -0.05155525288910164 -0.002352514006430625 2.1001299980434496 0.05151756749064921 0.9985744828983546 -0.01396217547989707 -3.0561965238314825 0.0030689839452307213 0.013822373306556557 0.9998997566424932 104.63062933653993
0.9987590121839863 -0.04966916052885758 -0.0036619767373357935 2.089615499640492 0.04959714229306508 0.998613107314899 -0.017663107745937438 -3.0843579356390145 0.004534209702657262 0.017459564463116257 0.9998372890381363 105.56493760240093
0.9987361309000666 -0.05005173483633413 -0.004578719759559706 2.0838673928859115 0.04994967198535173 0.9985474422701356 -0.020199896146450295 -3.114710529137481 0.005583108750423707 0.019945660571786084 0.9997854767504052 106.4855952919929
0.9987186043234214 -0.05036666027712733 -0.004934461551582897 2.0788672443827125 0.05025012435219167 0.9985068341486045 -0.021424919162555366 -3.1481174345765353 0.006006195207024404 0.02114950805719128 0.9997582827504221 107.41535219958848
0.9987229866625209 -0.05036339675207787 -0.003990511180938428 2.073668721329123 0.050268371025494564 0.9985123301290575 -0.02112385984342678 -3.183659279431965 0.005048443951914689 0.020896287896042892 0.9997689024798826 108.36892301047568
0.9987838942384122 -0.04929771727499659 -0.0006838723748276254 2.0702783964601728 0.04927356415216921 0.998577308045235 -0.02038322184727492 -3.2188576357488694 0.0016877457428823798 0.020324736864413762 0.9997920066622351 109.30866850250052
0.9987988763744433 -0.04871223553503076 0.005284189845916778 2.072720937857333 0.04880714172199879 0.9986152781855052 -0.019631329333903207 -3.2521107521327703 -0.004320586774586338 0.019865655883134777 0.9997933227653879 110.21033235773938
0.9986503788366184 -0.050138079162289434 0.013549681449872163 2.085570728448859 0.05038534268037716 0.9985572185222014 -0.018568752790290452 -3.2834068848918383 -0.012599130623101628 0.01922639735160883 0.9997357688671639 111.04776066978135
0.9984180298831715 -0.05129682121533296 0.023023330284891893 2.106778673700412 0.05168921410568253 0.9985221642903562 -0.01678429522026571 -3.313877873674449 -0.0221283245941026 0.017947800815316845 0.9995940244401978 111.835560959249
0.9980094847384782 -0.053242160600366774 0.0337985311314105 2.137178604430501 0.0538022960142104 0.9984252525713324 -0.015884834637847844 -3.344014333434147 -0.03289956406451997 0.017671654208852108 0.9993024223536568 112.58288241528362
0.997337312489323 -0.05612361898396497 0.04656634523683523 2.178186152531062 0.05690897545520266 0.9982557054234044 -0.015713532456517163 -3.373673480599595 -0.04560321950490495 0.018321735228018124 0.9987916000793263 113.29284055720112
0.996347221861575 -0.05863785186335711 0.06207910934905215 2.2346627734878846 0.05974492348069477 0.9980833761569193 -0.016128185189067404 -3.4053844486088263 -0.061014404913975154 0.01977818414460511 0.9979409129928157 113.98773127149694
0.9948498586180865 -0.05990581465928514 0.08176216837621042 2.3046001662341182 0.06166088953925652 0.9979141985459652 -0.019109867649814035 -3.4396277673367783 -0.08044683653693294 0.02405297716236344 0.996468645156899 114.6595795641274
0.9924775803914062 -0.060678837724442575 0.10633123281909998 2.393942129549491 0.06347419806252373 0.9977160528324315 -0.02310203672393383 -3.474184529215047 -0.10468657316360291 0.029677543242075125 0.9940623545967202 115.30730375122522
0.9888274156976439 -0.06222111572765813 0.13545801830206755 2.4975192595026448 0.06645254029109839 0.997425853886949 -0.02693930004198693 -3.5054353553867648 -0.13343313626523898 0.035639847860191844 0.9904167806488962 115.8950486350208
0.9837629331513809 -0.06449649154707915 0.16748341391167157 2.6185582251738593 0.07011133841506308 0.997151032002105 -0.027824801936174468 -3.5345211213263914 -0.1652116569223832 0.03911549507875849 0.9854821593827578 116.42750354720434
0.9772984898025022 -0.06700103955881541 0.20099383703931195 2.7574449216277137 0.07381878816445808 0.9969165806362632 -0.026610482266082605 -3.5640254296692473 -0.19859115877520406 0.04084350561032536 0.9792310042608843 116.9310351431015
0.9692753807384108 -0.0691991108860027 0.23604389283985844 2.9061293356405353 0.07749733497759242 0.9966521907191968 -0.026049449245588028 -3.5932797153140985 -0.2334510641778673 0.043541862468368664 0.9713931782996038 117.41625073073591
0.9593814020620252 -0.07147324532490894 0.2729082273956339 3.074108037638306 0.08143721587245646 0.9963561964457325 -0.025343829133297892 -3.620824388183946 -0.27010239770954386 0.046539284555311394 0.9617061868079221 117.88037514983863
0.9478129818426712 -0.07415484579170252 0.3100832312397949 3.2562071385161904 0.08551883932510544 0.9960664993054724 -0.023196057463075036 -3.6466415199748283 -0.3071434185702017 0.04850348242087661 0.9504263951627482 118.32991680344622
0.9344523427361138 -0.07519269861382769 0.3480587266973172 3.4594526122725506 0.08805602986454371 0.9958885679483916 -0.021262545336781836 -3.669130186742646 -0.34502891872925995 0.050517504935162605 0.9372315759382216 118.77101338714195
0.9190785578506822 -0.0755155291358985 0.3867712623223635 3.6801281676241566 0.09014194349599995 0.9957322824705662 -0.019790191225016605 -3.689436396984617 -0.3836261650642109 0.053053053684816526 0.9219633067388537 119.21149617181364
0.9016241095258243 -0.07512229458708754 0.42594671729892913 3.9254926920259288 0.09175071377836892 0.9956078539462789 -0.01862277319968985 -3.7082474159418175 -0.42267691165111304 0.05587165664680159 0.904556568900264 119.66630827402253
0.8815752054021687 -0.07502217184081222 0.4660438079756133 4.207275906709018 0.09325443156606178 0.9955113631928738 -0.016147344895032386 -3.725679933228015 -0.4627404977019122 0.05769574929018647 0.8846142844768162 120.12617407937455
0.8582386123720339 -0.0756412212114835 0.507646422116181 4.514110927867153 0.09537368841067433 0.9953575752526556 -0.01292891898421753 -3.742196930950919 -0.504311752582337 0.059512209174187564 0.8614684864616574 120.57016689090364
0.8315808959063864 -0.07512919000453418 0.5502988446042687 4.826473479844459 0.09655313764441222 0.9952773324217878 -0.010026124794352931 -3.7572579489023767 -0.5469467114578438 0.06147061392759417 0.8349075747942488 120.97604446503705
0.8019110038941678 -0.07386911883880316 0.5928592540522797 5.1365481408066636 0.09794641305070378 0.9951554800319818 -0.008489448322434843 -3.7693630978592676 -0.5893600274907925 0.06487621940508803 0.8052613452487052 121.33593573701955
0.7692455213596326 -0.0728074703416059 0.6347916194552364 5.445320627285539 0.10077810321878673 0.9948766323081909 -0.008016258400200925 -3.7781150720012517 -0.6309557050853644 0.07013956622029663 0.7726417924696143 121.65423692208971
0.7340520632625692 -0.07135669241898822 0.6753338366074852 5.751181097363971 0.10287424336866803 0.9946716670052482 -0.006720484233057358 -3.784729596705726 -0.6712558815170918 0.07440764277965398 0.7374815551759152 121.93752437021737
0.6967955810537877 -0.07098953822081212 0.7137481374316217 6.0740388512867955 0.10495731698166727 0.99447037627661 -0.003554197556384795 -3.791396894815952 -0.7095490679550803 0.07738963865696634 0.7003934351438627 122.20453708303505
0.6584652659676377 -0.07072403530637429 0.7492807246580881 6.406769853009049 0.1066709530639036 0.9942943708844193 0.00010862779254236683 -3.798452847201092 -0.7450132893355699 0.07985496138338262 0.6622525076251896 122.46497187293932
0.6188948139547983 -0.07034232521158176 0.7823178168389638 6.768538142065286 0.10703421766396483 0.994244121902681 0.0047225322690119574 -3.803683533128269 -0.7781470847525662 0.08081202475991363 0.6228615665982967 122.71676087920301
0.577425004680475 -0.07080456190399602 0.813367738469713 7.1318329063322405 0.10774088423374162 0.9941281835770519 0.010052685329055684 -3.804934898003539 -0.8093035684057521 0.08182828747674414 0.5816630171622899 122.95804906536492
0.5324999867517785 -0.07152141311020613 0.8434028999096896 7.522464878185268 0.10800309980412875 0.994020117956166 0.016103898009840283 -3.7997485930152726 -0.8395112235950478 0.08251480209714576 0.5370402339609329 123.16706535664527
0.4843727338416764 -0.07196272251676517 0.8718970244694693 7.936915665236837 0.10745914103667599 0.993958491559794 0.022339428458238664 -3.790398750836248 -0.8682370573284692 0.08287269528714512 0.48917944423027787 123.38118445322449
0.4352008591692365 -0.07247447813791956 0.8974116459000259 8.387266192143969 0.10702600943942893 0.9938516557862555 0.02836052881016114 -3.772479872673507 -0.8939494647248405 0.08370386078047348 0.44028174866625275 123.5722252800318
0.38581948066145916 -0.07382336131286217 0.9196159196461267 8.86336516890574 0.1069569803421104 0.9936511715328249 0.034893461673274874 -3.7505329219995898 -0.9163533885451718 0.08489676457861899 0.3912659027641727 123.75746232280255
0.33644365968730655 -0.07510248758889956 0.9387040429305553 9.381779840337671 0.10427628179389842 0.9936558454840388 0.04212502570493756 -3.727348751941696 -0.9359124536576328 0.08371186948910714 0.34214061728357714 123.91688191429805
0.28760512345396355 -0.07365555793316672 0.9549126408989376 9.927507285882163 0.10007488534526725 0.9938917461818211 0.046521115579750735 -3.7010728253460363 -0.9525063308378381 0.0821830618631771 0.2932194298757009 124.05341731934463
0.23964172125986893 -0.07116821269812758 0.9682494156636297 10.490401904405687 0.09571701641134661 0.9941827966837358 0.04938440591338772 -3.6714895765729594 -0.9661315118558739 0.080843381172872 0.24505968562703315 124.17022821143549
0.19274423438651406 -0.0699029264522924 0.9787559660018226 11.056783866649356 0.09170291885638665 0.9943771118843774 0.05295973974356049 -3.642102043133837 -0.9769545715047219 0.07954709444028774 0.19807075751390546 124.25415587990352
0.14744007297481634 -0.06857434609326235 0.9866909262474552 11.624170832763484 0.08758513361501606 0.9945797793625533 0.05603487175658396 -3.6107411751964595 -0.9851853984153539 0.078157671031182 0.15264700851363197 124.3080054247988
0.10696180866176862 -0.06668472086318913 0.9920243542833012 12.255286377408442 0.08523581762140489 0.9946902060146815 0.057673646086261264 -3.5753891998523657 -0.9906028603240618 0.07838712944017805 0.11207779019910634 124.35457125828515
0.07307976634475778 -0.06554898776506596 0.9951696729472665 12.98618837718346 0.08365530162547709 0.994724196082085 0.05937646199296974 -3.536477750862161 -0.9938114198684501 0.07891200119010623 0.0781777321698868 124.39633838194239
0.04633084753458104 -0.06805834620940002 0.9966049940061344 13.807199358844814 0.0828368179611149 0.9945018340440318 0.06406374694892679 -3.4961444673901396 -0.9954855670258625 0.07958745877523934 0.0517138496816376 124.43057784082514
0.024263351728485004 -0.07520452570141442 0.996872895146078 14.667625733000042 0.0821549927685484 0.9939436115836516 0.07298393080157282 -3.451617137579768 -0.9963241675911 0.08012725070832184 0.030294830711296385 124.45169885584824
0.002253029575100528 -0.08203678545255605 0.9966267554557943 15.504941432157352 0.08040141173109154 0.9934176078170567 0.08159086634351961 -3.4054091254914676 -0.9967600196884804 0.07994637147269305 0.008834072615103397 124.45397166499602
-0.02132255193030383 -0.08508306164028252 0.9961456828200853 16.28552960477999 0.07851160375965524 0.9931527068995764 0.0865079698821631 -3.358772324048809 -0.9966851442929533 0.08005356581665919 -0.014496542545428058 124.43709766244193
-0.04452619986673242 -0.0846700120566062 0.9954136861545357 17.021361154989208 0.07740560890148188 0.9931140318413078 0.08793686070411572 -3.3108147029025656 -0.9960049142629857 0.08096609672102473 -0.0376656600332853 124.39913817632169
-0.0644981237241855 -0.08194735181936134 0.9945474466137109 17.758488950243848 0.07797578565734584 0.9931615681448699 0.08689002480805622 -3.2616598134512924 -0.9948667091058871 0.08315486209367871 -0.05766714855966046 124.34370630003389
-0.07947701386027944 -0.0775198240067462 0.9938179315920068 18.493154880299027 0.07695538632209496 0.9935192096754283 0.08365075326577424 -3.211814287830177 -0.993861797627753 0.08312795493621482 -0.0729963719937681 124.27714684209563
-0.08963635046255093 -0.07280889695953413 0.9933097146405494 19.21628809721653 0.07620035342550437 0.9938998319170753 0.07972847830631136 -3.162387975116955 -0.9930553009845834 0.08283712113990699 -0.08354148997755195 124.20903448927852
-0.09581311844630734 -0.07236678901469681 0.9927652764784308 19.940007905528045 0.07824323620200128 0.993720259376124 0.07998776215202544 -3.114773626881731 -0.9923194255491676 0.08534104494997387 -0.08954922514804266 124.13286709788643
-0.09851733668941029 -0.074088592764414 0.9923735258428719 20.681522900173483 0.08143654029628375 0.9932796880107625 0.08224081279885495 -3.0682757616183833 -0.9917975722274154 0.0889176124703836 -0.09182175078035469 124.0516820687348
-0.0988674907272468 -0.07513393463534943 0.9922601025656064 21.457250274235005 0.08352491737273025 0.9930001443566471 0.083512283441174 -3.0201000736490435 -0.9915890315323049 0.09113509298778043 -0.09189987688203 123.97199484666054
-0.09797052693560063 -0.07598845571646629 0.9922839968727634 22.251231510981242 0.08405375723547558 0.9928861189211307 0.08433339047101379 -2.970484878776767 -0.99163337062977 0.09166738488450148 -0.09088646104825616 123.89598575868146
-0.09675060937271757 -0.07586920652791565 0.992412808808326 23.066449130655986 0.08334675755322116 0.992970814925595 0.0840373649715808 -2.9175135291322247 -0.9918128037040914 0.09084505603953652 -0.08974707907113794 123.82310780631636
-0.09556578813939767 -0.0748822565930217 0.9926025527797274 23.89851807880211 0.08390380359525214 0.9930118871081485 0.08299122727231917 -2.859855221523756 -0.9918807044597365 0.09121425167951103 -0.08861505747333073 123.75014381585743
-0.09446938750042937 -0.07355078114700889 0.9928070393676495 24.73759465646494 0.08509393135506636 0.9930206824335528 0.08166362167907308 -2.799066156810365 -0.9918843469234865 0.09219656637786607 -0.08755133052272114 123.67542299926009
-0.09341628105291892 -0.07337357548024387 0.9929197937675963 25.57830575855543 0.08645546002756327 0.9929159206171323 0.08150722677442543 -2.7382045782038102 -0.991866347783643 0.09345743954485433 -0.08641096648027624 123.59970746340686
-0.09254472708483949 -0.07480558995861908 0.9928945549250103 26.39547856973789 0.08708861262592796 0.9927443025944577 0.0829115385042247 -2.679338164005102 -0.9918926590310475 0.09414283497531484 -0.08535853550247331 123.52400842298447
-0.09208943221984632 -0.07594586124551865 0.9928503223714548 27.20250568188323 0.08814637766612264 0.9925510628008313 0.08409877429121129 -2.621077783979477 -0.9918415965151725 0.09526076785654834 -0.08470911125500727 123.44451286143374
-0.09255270270600496 -0.07807425671667705 0.9926421347393789 28.035060917649577 0.0890538269411186 0.992276827411566 0.08634879089588324 -2.5596422015589786 -0.9917174058818135 0.09639039485435268 -0.08488509086327717 123.36296383235353
