0.999994480066657 -0.0001649205874698252 0.003318529405639108 0.001068972619236946 0.00016963596345856858 0.9999989764283143 -0.0014206920720861561 -0.014256016267307103 -0.003318291707515228 0.0014212471718936086 0.9999934844770841 0.9034653522598743
0.9999771158942959 -0.0011979437196970469 0.006658274443892286 0.00905720536399364 0.0012053452457506492 0.9999986600413634 -0.0011077266434080574 -0.03006563718113765 -0.006656938527904327 0.0011157268135203072 0.9999772199020903 1.818232514558317
0.9999497393322003 -0.0028339675036493832 0.009617038923327695 0.02022741051664598 0.002831966897478873 0.9999959654117314 0.00022163878538016316 -0.045931574841876405 -0.009617628239650592 -0.00019439250978416978 0.9999537306488716 2.7491020544615314
0.999915411756344 -0.0048658209566664855 0.012062052833511902 0.03511488062605489 0.004863077520805378 0.9999881422044148 0.0002567636852403803 -0.060761914500920666 -0.012063159170275615 -0.00019808326806179265 0.9999272178283035 3.69920855639974
0.9998718203265246 -0.006357531277717442 0.01469437691686264 0.05349708493268493 0.006356532183653841 0.9999797904674748 0.00011469622412273788 -0.0742417970093165 -0.014694809135206693 -2.1276242607403518e-05 0.999892025236626 4.66058475103905
0.9998225324367715 -0.006982495583302523 0.01749709653484999 0.07317873360391518 0.00698347678711755 0.999975615216063 5.021984472138757e-06 -0.08878639376739321 -0.017496704937915858 0.00011716947426028788 0.9998469140761649 5.620963188183649
0.9997544378427116 -0.009562930628354258 0.019990356965313656 0.10015593009927626 0.009534230459790875 0.9999533768982927 0.001530516004739597 -0.10512912044601196 -0.020004061171246607 -0.0013395474976469225 0.9997990013743555 6.588211168851373
0.999699590075073 -0.011986868926127903 0.021378600914892878 0.12628137929323047 0.011938407567588207 0.9999258712167564 0.002393009853923128 -0.12430389243501766 -0.02140570084067752 -0.0021370645190657567 0.9997685876875512 7.569101284113989
0.9996603087030661 -0.013701156263371136 0.022170825892078905 0.15125232636120525 0.013680781709545847 0.9999058407922303 0.0010704024470494817 -0.1439707477014729 -0.022183404055869035 -0.0007667246113041235 0.9997536240083675 8.560456728051328
0.9996459300484899 -0.013494080620751891 0.022933040044658144 0.17163778345800326 0.013506671027844117 0.9999087030568131 -0.0003941940985808753 -0.1638374127634944 -0.02292562704125762 0.0007038035538470786 0.9997369255385751 9.546475717234845
0.9995972539005532 -0.01442313628087844 0.024439785888904452 0.19429809119342112 0.014443414260755235 0.9998954749751225 -0.0006533825571032947 -0.1834508845606959 -0.02442780749401178 0.0010061133618645825 0.9997010903049662 10.506939773690737
0.9995437247461345 -0.014832386337405107 0.026312404606208734 0.21667726688042804 0.014872176494824866 0.999888535516318 -0.0013171595723616048 -0.2020066132579064 -0.026289935087969608 0.0017078813103501241 0.9996529009883879 11.429082685475638
0.9994546430706561 -0.0177107506822854 0.027870158858115727 0.2432294949075094 0.01775067259501328 0.9998417414017362 -0.0011856530554088518 -0.21823086220104976 -0.027844749360181432 0.0016797205163607094 0.999610848516589 12.348828143900713
0.9993748733021284 -0.021108025537001213 0.028360427893169147 0.27176782683563 0.021143820054034514 0.9997759808480484 -0.0009628046764866473 -0.23425506541431462 -0.028333751708465128 0.0015618505856071308 0.9995972984841799 13.302308549640427
0.999316941272963 -0.023624514193689092 0.028417128883144325 0.3003772862351833 0.023644930218207724 0.9997203463506104 -0.00038258017679908317 -0.25097304423723055 -0.02840014365852998 0.0010542398815142932 0.9995960786329879 14.287317565204397
0.9993013729090845 -0.024331476766821312 0.028368033776847636 0.3276946153573747 0.024368822869676246 0.9997025641337424 -0.000971460944763198 -0.2701975870517535 -0.02833595902673983 0.001662077846098414 0.999597074287069 15.287859856244593
0.999252859390307 -0.026379802379994467 0.028245867426717936 0.3579460177120505 0.026461865448314022 0.9996466082541381 -0.0025354058833298976 -0.2908493942654016 -0.028169002064159322 0.0032809499219491342 0.999597790458902 16.294109894005228
0.9992108250474021 -0.028059184925767193 0.028114217922455487 0.3875040538106851 0.028128638103253844 0.9996021519189292 -0.0020778829375635854 -0.31415350562669153 -0.028044729033205058 0.002867057785891595 0.999602557596321 17.297958371729752
0.999151804379614 -0.0291517525036955 0.029083451152238326 0.41670927882346265 0.02924570072756158 0.9995683030339694 -0.0028100816260206926 -0.338577613117621 -0.028988977110537283 0.003658264035615594 0.9995730370064663 18.284984166471748
0.9990720062426521 -0.029705713468082894 0.03118808954768303 0.44572854533178724 0.029872656340303953 0.999541700026091 -0.004900439993144616 -0.3625721467735905 -0.031028224980753184 0.005827563496391281 0.9995015201380333 19.262879224980225
0.9989566198731883 -0.031019103051592216 0.033518455474700004 0.4768786861357254 0.031202512158972653 0.9995007632676454 -0.00496260640830444 -0.385729543978173 -0.03334778623093158 0.006003288537900137 0.9994257779746462 20.243485771237285
0.9988392579815005 -0.03264159202811149 0.03542122506120075 0.5098450829956241 0.032781534907636335 0.9994568355008772 -0.0033771200263257124 -0.4095144371578056 -0.035291750935102804 0.0045343621870246355 0.9993667654447448 21.229449108437816
0.998713300211821 -0.03398715103529242 0.03763798008020364 0.5453147226266416 0.03410970652328303 0.9994146640053629 -0.002618643149243249 -0.4342804854471517 -0.03752694899547643 0.0038990941963227203 0.9992880091162604 22.221718627114697
0.9985899056009886 -0.03437019124633215 0.04045850201749701 0.583522819870454 0.034579399178404704 0.9993919020657337 -0.004482325054662445 -0.46007082514024045 -0.04027984091663971 0.005875035244631637 0.9991711657051583 23.21956809445598
0.9984300886018894 -0.0360028885492393 0.042908626062071645 0.6266277419912487 0.036310064643252864 0.9993200729871567 -0.006400853891981852 -0.48720000668944213 -0.04264900209883509 0.007948820104566174 0.9990584962247802 24.242068680146076
0.99829029223291 -0.03701472479787072 0.045237181407215755 0.672636877054406 0.03736609469337705 0.9992775014240558 -0.006946230277038326 -0.5171659240143764 -0.044947384805982135 0.008624691057305177 0.9989521246302393 25.28999188027764
0.9981239086882525 -0.03819433418954373 0.04785243714486107 0.7235029637301221 0.03860465368275152 0.999225051199422 -0.007679698532326189 -0.5492248518091568 -0.047522032983872343 0.009512617480485848 0.9988248928064168 26.348536234420013
0.9979537865069833 -0.0392188045380076 0.05049876599467008 0.777735864181027 0.03968024029110282 0.9991790499528784 -0.008167292434086235 -0.5787313855125654 -0.05013699758477003 0.010154383579178874 0.9986907278869229 27.395316794075935
0.9978004226421835 -0.03990175948754651 0.05293549059826091 0.8355416490666909 0.04040524414613918 0.9991474317314925 -0.008475016805515571 -0.6048923737954671 -0.052552191396472374 0.010595246772061428 0.99856196999749 28.420468835276836
0.9976835214946296 -0.03941492616319494 0.0554441568934508 0.8953532194717974 0.040031341498353204 0.9991478713124871 -0.010051017339969267 -0.6267403281390395 -0.05500075123048706 0.012247238353034122 0.998411199114276 29.428575777836514
0.9975275226596813 -0.03893035880513203 0.05850870618756919 0.9574790436483599 0.03958740234497417 0.9991649380079067 -0.01011257787280454 -0.6470998381079243 -0.05806616150579229 0.012403782445692998 0.998235677116894 30.436085272334857
0.9973129950484528 -0.03950798491778975 0.06169205001636067 1.0209532805203851 0.04011872190373989 0.9991571118225888 -0.008692183106305906 -0.6689981708717506 -0.06129663987769503 0.011143833365537485 0.9980573815756417 31.44076409526856
0.9971000085855808 -0.03942904635487065 0.06509165216969716 1.0839154604241217 0.040057420418717245 0.9991622679360154 -0.008376479114570295 -0.6931421499183088 -0.06470684622227786 0.01095959107376544 0.9978441318239354 32.46380358027771
0.9968108181553362 -0.041468109560466836 0.06818055953107954 1.1546556765363094 0.04214019273361008 0.9990759885879893 -0.008448265106307671 -0.7178430327117618 -0.06776722633297132 0.011294463971936787 0.9976372277129214 33.502116180718815
0.9965652954608436 -0.04306551501602504 0.07073169939600454 1.2285297196270846 0.043755052002468944 0.9990084090878874 -0.008227636109478373 -0.7432038573485125 -0.07030723509926604 0.011294245795681791 0.9974614442195769 34.55979219945781
0.996367355540141 -0.043201336142676454 0.07338758321020272 1.3039013189407365 0.043817621444213764 0.999016351320196 -0.006807778334725623 -0.7679492160389922 -0.07302129049064068 0.009998717436284426 0.9972802598992482 35.624730564737895
0.9960788018480953 -0.044521827274008774 0.0764514709148689 1.3828329209824526 0.04506443325733555 0.9989695624121405 -0.005386114489325132 -0.789446783239743 -0.07613289278661929 0.008810236675611873 0.9970587557238851 36.679306862450545
0.9958008002692708 -0.044940798614090866 0.07975644678023373 1.4636497257849068 0.04526685547713924 0.9989723196967856 -0.0022839165561897696 -0.8092103642667445 -0.0795718416168202 0.005884649484172989 0.9968117640368 37.736115617286345
0.9955231696639548 -0.04569039014820175 0.08274060013281444 1.5482653721459163 0.045780500056722344 0.9989511958260938 0.0008088091085923762 -0.8268061986505054 -0.08269077624977064 0.0029827178416345834 0.9965707897171623 38.78685475073761
0.995174610963472 -0.04781794779056722 0.08567927148850646 1.6385805388534187 0.04784204393230357 0.9988533398220254 0.0017732339850268335 -0.8430067060893672 -0.08566581888992916 0.0023343940294445957 0.9963211922258977 39.82496221492591
0.994856752096084 -0.049725460191373194 0.08824636773027694 1.7315250723863165 0.05000648709489312 0.9987484167887664 -0.000975300139223752 -0.8574436702859044 -0.08808742280972573 0.005383174777902278 0.9960982016709258 40.84097132020832
0.9946487873015121 -0.049670562338218656 0.09059042530332209 1.8235966680410374 0.05024529695226359 0.998728600480478 -0.004073415825241355 -0.8717630228625528 -0.09027291982544096 0.008603360931148362 0.9958799034657136 41.82294043921353
0.9944784157016646 -0.049598611336415424 0.09248058421640104 1.9150170659892256 0.050318253774836605 0.9987182838771598 -0.005464685399220565 -0.8866625489478454 -0.09209100955336944 0.01008797318397089 0.9956994921945487 42.77825289717047
0.9943210118738333 -0.049716064065933985 0.09409589959179279 2.0063274302590313 0.050533662296282686 0.9987023312772275 -0.006324751090492954 -0.9011390642639286 -0.09365935255553533 0.011043843317585657 0.9955430473885375 43.70482244066307
0.994195741077439 -0.049220178952647436 0.09566714382352885 2.096896355347042 0.05014340220858834 0.9987155760809013 -0.007268927592277588 -0.9143575541271982 -0.09518648873884428 0.012023812925332725 0.9953868395173345 44.60571880162776
0.9940460752338123 -0.04914520340258434 0.09724787552832745 2.188532839624507 0.050095427746851266 0.9987173733871629 -0.007352293078128475 -0.9267445845330959 -0.09676181287633288 0.012180192000346438 0.9952330352694898 45.499175093389105
0.9938689364162576 -0.04915158506629406 0.09903867382133069 2.282613896846428 0.049998189694313716 0.99873078396611 -0.00608294219363117 -0.9400050059704116 -0.09861398609785783 0.010997401689057933 0.995064992300494 46.40790809463474
0.9935461277809565 -0.049750730762519645 0.10193604249755198 2.382863220198605 0.0505746869892042 0.9987050652780446 -0.005513041258773955 -0.9543311765975818 -0.10152976414535525 0.010632844237183412 0.9947756780380275 47.339020609022384
0.9932421385782854 -0.04889011533578649 0.10526068009892293 2.4864249449000773 0.04982292361482697 0.9987385167621057 -0.006249113401162137 -0.9704742149123886 -0.10482237564043956 0.01145127758300187 0.9944250287511938 48.30388836140499
0.9929730237593614 -0.0475435633003082 0.10837058491537431 2.5932605817741887 0.04858006579137105 0.9987951603572865 -0.006942971594975244 -0.9889456207689068 -0.10790992212904629 0.012158833643576164 0.9940863199292764 49.29177945725143
0.9927489250761204 -0.04792883524989422 0.11023791775880011 2.705289050533909 0.04907004207486229 0.998765957914924 -0.0076610887643962285 -1.0097270886541436 -0.10973469246769103 0.013014916898436623 0.9938757010849741 50.29443662561334
0.9925911850801792 -0.0486922393578026 0.11131848511118009 2.8195021323396423 0.049988010643343114 0.9987103640262548 -0.00887736326096254 -1.0325635150045631 -0.11074266609146893 0.014376182138124548 0.9937451319599436 51.29689164792308
0.9924804099656486 -0.049500115496993506 0.11194808797028546 2.931656274821767 0.05073617632193851 0.9986782803330546 -0.008217834461863237 -1.0569999911605412 -0.1113933402257408 0.01383585764590414 0.9936800756765507 52.2849907467644
0.9925138276558354 -0.04935294693064739 0.11171655446362332 3.039163844380375 0.05039567351100429 0.9987079998645371 -0.00652741127467026 -1.0821790733496368 -0.11125006967788954 0.012108576953429914 0.9937186746563781 53.25053856618536
0.9925047747465752 -0.049486270424240496 0.111738002240729 3.1463627964422987 0.05076581045352203 0.9986732671749965 -0.008633534560965323 -1.1045514553376123 -0.11116251433935498 0.014241294516905718 0.9937001967073551 54.173894873011534
0.9925217615489377 -0.04828915511673019 0.11211025978877391 3.2512938607474715 0.04983289286562144 0.998696915086313 -0.011007024381070553 -1.1249648729196227 -0.11143265069286254 0.0165114897933032 0.9936348097084606 55.06649667314299
0.9924881370357104 -0.0472219770045105 0.11286001387192379 3.353961052606365 0.048773196181855084 0.998749065925289 -0.011021735234038252 -1.1455251054170363 -0.11219836530712757 0.016443485066993696 0.9935497665548819 55.93462667233648
0.9924427283725553 -0.04597937861000408 0.11376874633692904 3.457903495373044 0.047509427949240096 0.9988126965052254 -0.010772722770809783 -1.1659053942761801 -0.11313834520786749 0.01609639843563332 0.9934488516280177 56.80349360683757
0.9923268286665543 -0.045063238769123 0.11513804592842562 3.562618199352931 0.04652221758013669 0.9988670538663819 -0.010014587945656456 -1.1853298406320938 -0.11455631095668925 0.015294221520949563 0.9932990176216137 57.676742946957276
0.992100475183944 -0.044405019809880895 0.11732366068051699 3.6712307227803844 0.04570375183689295 0.9989197095898711 -0.00840124162964788 -1.2057326868782001 -0.11682385975401058 0.013697007285246974 0.9930581945604214 58.5773942377255
0.991780114723941 -0.043975589920079515 0.12015969178284275 3.7843737332646383 0.04514181496311668 0.9989560660356873 -0.006999619442479246 -1.2276456775306048 -0.1197264406052503 0.01236630994617221 0.9927298997201168 59.50725565307045
0.9913815811632358 -0.044646074078020875 0.12316366590720929 3.9042482017116633 0.04615764315885367 0.9988895106788913 -0.00944549806548791 -1.2504410383414724 -0.12260518956513525 0.015049037348118924 0.9923414200599473 60.460472945421735
0.9909386137768086 -0.04642355264885548 0.12603776214117843 4.030553168839921 0.04875222636000853 0.9986913561722714 -0.015453010442363097 -1.2718384839052308 -0.1251554399578374 0.021457606256249477 0.9919050796234045 61.42805674185593
0.9904881200360179 -0.04951390873686451 0.12838090554717443 4.1578738039842635 0.05198492580212765 0.9985202220043908 -0.01596664453320122 -1.294351549370816 -0.12740035932783852 0.022488643576253662 0.9915963943829356 62.39030201209645
0.9901547317950371 -0.05143338837817125 0.13018530509945647 4.282935243045743 0.053363512980066904 0.99851031845636 -0.011378902346236511 -1.3200999940578835 -0.12940611494950544 0.018214019219248548 0.9914243828540614 63.34675306914077
0.9897564666831173 -0.054013955048945864 0.13215380932429452 4.407908065717895 0.05570354907184002 0.998405708605543 -0.009118971689011558 -1.3444488221214073 -0.13145056591644128 0.01638699740142589 0.9911872754613091 64.28075016941875
0.9893367491130858 -0.0570719936191639 0.13399844923985346 4.533843451346799 0.05899782087111705 0.9982034942812339 -0.010442276437369755 -1.366350405736097 -0.13316175872528524 0.018236544329147918 0.9909265232418195 65.19637787580938
0.9889193766470742 -0.058327167879901574 0.13651522984294504 4.6583090174312884 0.06075552319679853 0.9980588437576441 -0.01368615352237078 -1.3876971178703514 -0.13545195787822942 0.021828556623478407 0.99054342722704 66.09550044527556
0.9883059583775072 -0.05966001834723743 0.1403282396608913 4.788988943080893 0.06284634968181571 0.9978539262639738 -0.01838146270684023 -1.4086650114702397 -0.13893044650899325 0.02698562673682616 0.9899343952921491 66.9899421046371
0.9875803984298863 -0.06123805732373604 0.1446888280838657 4.9262459750602625 0.06472615102520944 0.9977121303857669 -0.019519996274500406 -1.432709583763977 -0.1431624322597568 0.028642716636337863 0.9892846469915327 67.8950302809368
0.9867670121485157 -0.06277962024300247 0.14949776927311045 5.069083069659682 0.0661149986521048 0.9976595680605428 -0.017441135584695188 -1.4614285385069976 -0.1480529320504123 0.027094382063371197 0.988608225624226 68.81532347619738
0.9860002840382097 -0.06224975712656751 0.15468809784289653 5.21307268291881 0.0656622597003149 0.9976963149036578 -0.01704496637456147 -1.4910738050551922 -0.15327070016026748 0.026963511739847342 0.9878163095976077 69.73872648519743
0.985030251188349 -0.062484630361781014 0.1606582559732623 5.364622622670054 0.06642868087779745 0.9976046699016435 -0.019291266087766563 -1.5203724661227969 -0.15906801878647536 0.02967479669660532 0.9868215501499554 70.66387714952694
0.9839708270063084 -0.06292514803986439 0.16685873469699739 5.5262386610336085 0.06751617458821328 0.9974760291928522 -0.021980385679840456 -1.5510655985448825 -0.1650544690988274 0.03289372173868107 0.9857357786449078 71.59969376008338
0.9829833069129256 -0.06302536187392936 0.17254455103302985 5.693873562797376 0.06782149023232868 0.9974540510313753 -0.02203773000481464 -1.5857248255023624 -0.17071632550285226 0.03336494929951507 0.9847551555412366 72.54916949686233
0.9819558324607691 -0.0640381800829338 0.17793778291286005 5.867900275412672 0.0687931506506093 0.9974166605351539 -0.02067625958592067 -1.6231213993355291 -0.17615403918116954 0.03254407440022748 0.9838244953758734 73.50489389080367
0.9809744567538742 -0.06399798435561037 0.18328495081391935 6.042891746531761 0.06859845112263428 0.9974659874761818 -0.01886415467868645 -1.6605415292740526 -0.18161323657712122 0.031078317627968574 0.9828788177966794 74.44856932096279
0.9798822028573548 -0.06499975982000801 0.18869525629108794 6.217913350779087 0.06947633983485825 0.9974353089140846 -0.017200079494469823 -1.6958285818617982 -0.18709331021329823 0.029963907535668008 0.9818850531088784 75.36382683048548
0.9787649138348876 -0.06627087091841831 0.19397787274196948 6.398048459729895 0.07065882373347442 0.9973756808413919 -0.01578232855987364 -1.7310674598661486 -0.1924229042354034 0.029153437771287764 0.9808789441066257 76.27868263833994
0.9776209635316833 -0.066885330006202 0.19945827707404126 6.58646974940735 0.07182842958677525 0.997260966518578 -0.017642033939687298 -1.7675809934632083 -0.19773196091295234 0.03157399702908804 0.9797474951971687 77.21024874114643
0.9763472097954298 -0.06792070817288978 0.20526301012596648 6.788990149013945 0.0737555940702368 0.9970572976143917 -0.020901139137197357 -1.8056277621615342 -0.20323936200457335 0.035546064130634394 0.9784836427129454 78.17499361355303
0.9751455599471396 -0.06826000447454394 0.21078830305430954 7.001566218480842 0.07483060469255809 0.9969229714276067 -0.023344584838825948 -1.8464790582726924 -0.20854619995753074 0.03853778443406261 0.9772529466080866 79.16384614269077
0.9741063218717836 -0.06930979345518824 0.21520461477539193 7.220329013441219 0.07623381916965946 0.9968003121990254 -0.024032112157129165 -1.8882448651076904 -0.21285036646487937 0.03981570206745474 0.9762732360177875 80.15806729894896
0.9734194548358022 -0.07079267431409521 0.21781405420823619 7.442793823623142 0.07752093534296049 0.9967370215830417 -0.022490317679377925 -1.9297562054745647 -0.21551118191574803 0.038777661987608854 0.9757311224922839 81.15102004126103
0.9730780650292924 -0.07144116470067412 0.21912379912976052 7.6626541920635445 0.07774032487548395 0.9967679775476866 -0.020249464776825675 -1.9693401674876545 -0.21696894074291548 0.03673906533521022 0.9754869142285778 82.13192037463075
0.9729042576216477 -0.07279288239732475 0.2194504540299703 7.878786390766559 0.07868032312386097 0.9967338077307829 -0.01819679311358964 -2.004317009350214 -0.2174090896324157 0.03497017012802771 0.9754539327648546 83.08996705475514
0.9729262995036397 -0.07341587140420294 0.2191449875313501 8.088632717186576 0.0790501478721535 0.996724969627172 -0.017041392052962078 -2.0356503207898418 -0.21717617239362327 0.0339034621782736 0.975543471812908 84.02253720399077
0.9731047131735625 -0.07403764807748063 0.2181413391967546 8.290775357458681 0.07943058673852027 0.9967112588518642 -0.016045197671137174 -2.0648742375806175 -0.21623598009991973 0.03294075204190986 0.9757852774894387 84.930263658564
0.9733821425836541 -0.07458398986892384 0.21671278908843097 8.490713424436523 0.07987484238519173 0.9966805288785162 -0.015745885442913415 -2.093862056236208 -0.21481902628304445 0.032636663580593576 0.9761084131064193 85.83904606974515
0.9738013969198054 -0.07533870505824597 0.21455749550454273 8.690194884387733 0.08061404557231491 0.9966180677397669 -0.01593118674541692 -2.122578010194716 -0.21263164160938053 0.03281015962776227 0.9765814243634277 86.75448458394447
0.9742015985232756 -0.0777842826261423 0.21185101088036062 8.891058240326677 0.08289031932746331 0.996440994274577 -0.015314695259225481 -2.1515188058983346 -0.2099057893353242 0.03247999854415332 0.9771819734819542 87.67872534562355
0.9746293759198918 -0.08007558328849514 0.2090107187562619 9.088983498504586 0.08491203340310814 0.9962864691999934 -0.014255450619305709 -2.181146875355568 -0.20709303749124802 0.03164130607319014 0.9778094403167887 88.59923833135325
0.9750556157495688 -0.08291118790105301 0.2058938588595234 9.284373889150485 0.08751518725562035 0.9960738685231589 -0.013339431956487832 -2.2107212878138958 -0.20397950434992934 0.031025527652956207 0.978483407339651 89.52112231824925
0.9755498081254741 -0.08606832631650997 0.2022246648443891 9.478590761056559 0.09051755576986568 0.9958120877699725 -0.012839702047058858 -2.2400162298739414 -0.2002726740316813 0.03083065124649094 0.9792549856803988 90.45197229286939
0.9761695832667624 -0.08926398473244648 0.1978001156078556 9.6685349498584 0.09358265193055987 0.9955320946727042 -0.012575203148311913 -2.2687406714583362 -0.19579385067575342 0.030786190187536998 0.9801617103984926 91.38686763105406
0.9767604733302481 -0.09254612360990203 0.19332406147308903 9.851638158063974 0.09676052832390732 0.9952298011640903 -0.012451627739517298 -2.296920040325202 -0.1912495173801711 0.03086839613044261 0.9810559434722297 92.30987633509413
0.9773652434457402 -0.09593187656547002 0.1885583622194381 10.029438699307272 0.10011205222214539 0.9948944858670122 -0.012749078056220817 -2.324511116954271 -0.18637263185382102 0.031337470383561605 0.9819792284187282 93.22469406216582
0.9779999752251158 -0.0993348904508896 0.1834356235816338 10.203648667185231 0.10353103353925208 0.9945357184060182 -0.013417522458309279 -2.35171138771483 -0.1811004515564978 0.03211361632913267 0.9829401518364681 94.14061990194134
0.9785891164740247 -0.10170973410540982 0.17893705906489787 10.373944867359663 0.10584170053487858 0.9942889791234286 -0.013673347124054568 -2.377856746378948 -0.17652443328466758 0.03231959130151002 0.9837655048189236 95.06269956812214
0.9790104136844491 -0.1029054197471634 0.17592351884857313 10.537121054822483 0.10692163001010296 0.994176081077436 -0.01347905224760795 -2.4031934132616724 -0.17351188700889306 0.032006161909407485 0.9843115516270462 95.97773005625716
0.9790056179253478 -0.10470763969107268 0.1748837049611334 10.69895758371593 0.10871153887392587 0.9939823841513401 -0.013446981537896589 -2.426368254428571 -0.17242332030868454 0.03217654716003764 0.9844972668456666 96.88732599088507
0.9788062175256014 -0.10643795550655032 0.17495528045992487 10.863223523874352 0.11037967540196317 0.993805419963497 -0.012927277723257883 -2.4488038156280982 -0.17249555296117836 0.031964806878230966 0.9844915110501744 97.8094430227452
0.9785326568190114 -0.10786299720308223 0.17561154111588198 11.032244978312042 0.11181419411331614 0.9936475533461921 -0.012732860005337032 -2.4711054088395414 -0.1731225737260077 0.03209538227679682 0.9843771944244697 98.7556691502018
0.9780648102922122 -0.11065726595610201 0.17647718367874038 11.208403636322556 0.11466939816828334 0.9933229272775665 -0.012668514847825997 -2.493089106381201 -0.17389696947268274 0.03262716101419778 0.9842232025167722 99.72277367831691
0.9780329167850471 -0.11049571669975781 0.17675494413435883 11.384162880381426 0.1141162468765097 0.9934127686796689 -0.010418887801207083 -2.51780038052123 -0.17443937595552508 0.030360626067350904 0.9841997442089925 100.71179805917177
0.977789040904212 -0.11232338135422665 0.17695211072144496 11.565589198993434 0.11551170512662343 0.9932755919445436 -0.007787453111018566 -2.544391227573379 -0.17488749945711282 0.028054526343698555 0.9841886537068337 101.71526021852135
0.9773516997274705 -0.11427445310709806 0.17811514367649486 11.74936801877407 0.11757725008821615 0.9930310007689767 -0.008063607967772954 -2.5706957630373464 -0.1759523949865927 0.028823269745788683 0.9839766124352979 102.71616098354562
0.9770475605146425 -0.11416885146502767 0.17984309229865608 11.933897498183391 0.11772301220671925 0.9930040438549059 -0.009179394575947476 -2.5966579075108993 -0.17753691697605656 0.030140375627399674 0.9836524797242555 103.71830903514163
0.9765390586338897 -0.11532519948618832 0.18185589164475183 12.124263674580046 0.11880893902545765 0.9928820818078302 -0.008343118876926405 -2.6233415984308825 -0.17959928443644207 0.029753486995985925 0.9832897980969285 104.73350815751995
0.9760084378020556 -0.11703540856598772 0.18360349256205247 12.320152587540266 0.12031765691403068 0.992712151670845 -0.006800394088509113 -2.6495746987733755 -0.18146953125499893 0.02872798403706295 0.9829768624740147 105.76722083592597
0.9754493256454386 -0.11898049207035591 0.185316636070686 12.519026382401233 0.12189417572874987 0.9925334907439956 -0.004368028725592856 -2.673437354532631 -0.18341325748502435 0.02684980927744047 0.982669153235461 106.80526380384124
0.9749050471142191 -0.12110208685955809 0.18680051838654588 12.718925882636162 0.1236017060377929 0.9923303686227469 -0.001748649075840388 -2.6954267834524037 -0.1851560622171722 0.024793629570989607 0.9823963093156081 107.83302917301684
0.9743845698902568 -0.12327335831107242 0.1880914381105356 12.919334969625664 0.1260557228319577 0.9920190505842768 -0.0028562246380473407 -2.7140073672688425 -0.1862381934542221 0.02649306340497974 0.9821473682143267 108.84354110149286
0.9739906513197102 -0.12546046986788492 0.1886846089174644 13.118341471366668 0.12823325088550439 0.9917408583922839 -0.002510610019855808 -2.73111733814721 -0.1868112537004726 0.02664095148199567 0.9820345285146508 109.85148669654674
0.9737315087415174 -0.1268602940960834 0.1890857336390656 13.317494005789309 0.12943478772025738 0.9915871125678138 -0.0012782477217799055 -2.7496775303839858 -0.1873328177650153 0.025718941877175765 0.9819597504057582 110.86735707186587
0.9731422536248318 -0.13017692490139524 0.18986343100555272 13.520190667553308 0.13255163712852114 0.9911760823493059 0.00019306276590816776 -2.76715426271347 -0.18821322404266047 0.02497883107551713 0.9818104910284721 111.88564226366167
0.9729336594133433 -0.13140923989736986 0.1900834186617971 13.718603327209165 0.13309338795066578 0.9910956871407791 0.0039356085630027435 -2.7859537731842834 -0.18890803176248003 0.02146976014172265 0.9817600546646232 112.90140982340404
0.9727852516898423 -0.13242174281201977 0.19014030641964813 13.910396022851343 0.13367819982364762 0.9910050157791326 0.006260798073010508 -2.8033080438892166 -0.1892590631558747 0.01932720184686252 0.9817369638972205 113.88683305900159
0.9724823161455626 -0.1333236758347849 0.19105743180013565 14.098555353317204 0.1347500550061684 0.9908639831773401 0.005566822951286684 -2.8174709494431234 -0.19005411718770246 0.020331362567166007 0.9815630739978796 114.83694983843128
0.9721518188401894 -0.1332661336243457 0.1927718308117915 14.284104419919226 0.13486463576912003 0.9908520813704069 0.004866504165828672 -2.830759017333175 -0.19165690998389434 0.021267121872775 0.9812315416774348 115.77093696472262
0.971642285289134 -0.13360542797058353 0.1950919246276144 14.473975102141413 0.13555825194342178 0.9907636498808796 0.0033690361770758927 -2.8458124097381483 -0.19374010882662734 0.023172822260481424 0.9807791752175065 116.71061364323467
0.971029638476678 -0.13406078452164122 0.19781088760049165 14.670393127725854 0.13673643764630294 0.9906074543942331 0.0001338595419071967 -2.8625608105988922 -0.19597088513259062 0.02691797451555967 0.9802401924162925 117.67153107033072
0.9704168003638284 -0.1344613130347971 0.2005277758032245 14.872799185541496 0.13774981411134737 0.9904639717488262 -0.002471715968788425 -2.88119109989333 -0.1982831870934076 0.03002125854289596 0.9796848992158564 118.65325646272906
0.9700254768381253 -0.13482749468222063 0.20216854592810315 15.076953525168744 0.1382173949348945 0.9903982927545771 -0.002678328999748987 -2.9024182390452076 -0.19986627034689788 0.03054125712106888 0.9793470812694991 119.6469252874034
0.9698595128655115 -0.13492747140608394 0.2028967785950116 15.281378989482256 0.13810207478650843 0.9904168590794861 -0.001504058106401781 -2.9239498466528704 -0.20074945141627276 0.02947919115386619 0.9791989762274983 120.64057388202822
0.969904675269958 -0.13383658059337927 0.20340277919573596 15.483590870436117 0.13670134869921685 0.9906123056174533 -3.497268593733935e-05 -2.9436957237367523 -0.20148861544338584 0.027839354416823475 0.9790951476707274 121.63012155281595
0.9699689356519395 -0.1333115267496311 0.20344114801565102 15.686039569547813 0.13579536966025146 0.9907353334937958 0.001765374117036926 -2.961730250093911 -0.20179167834447326 0.025914007845561464 0.9790855849966857 122.61887824198212
0.9699762942550366 -0.133534602985241 0.20325968215275989 15.888984451944646 0.13589564465928666 0.9907203437356165 0.002360989415315146 -2.977644255436481 -0.20168877595420098 0.02533200177554825 0.979122018616751 123.60517233739645
0.9698850924541972 -0.13370154953965677 0.20358487931525898 16.092637895266364 0.13596461694346512 0.9907094645405011 0.0028947900253629634 -2.9921856174362174 -0.20208050468694583 0.02487272644019611 0.9790530205790194 124.59538689890222
0.969762323370917 -0.13368939551518097 0.20417683927670874 16.298518406299735 0.1358075029091371 0.9907284537565144 0.0036678428007990756 -3.0062035133984826 -0.20277415595638962 0.024171810937787835 0.9789271501149425 125.5909716668489
0.9695104583005485 -0.13524009865411551 0.2043516257872347 16.508732800784564 0.1370794548199935 0.9905464318997487 0.005195124342138743 -3.0192055049853614 -0.20312236290500932 0.02297568207261819 0.978883764152407 126.59370716190497
0.9695922616755557 -0.1352083226789135 0.20398420423463176 16.71951237157526 0.136860883253126 0.9905717968241555 0.006050948003303113 -3.0319565996372106 -0.20287913824258869 0.022050506001433892 0.978955479299762 127.60359316815727
0.9697547175252798 -0.13475260831241695 0.20351295386403717 16.928702010303795 0.13649267281561148 0.9906256577290591 0.005527794905734333 -3.0434639055422514 -0.20235003855970934 0.022417421838154577 0.9790566485617754 128.61512459187438
0.9697209244250495 -0.13556311141463384 0.20313535279663003 17.138105512656153 0.13750831975265962 0.9904900489472818 0.00457437812300626 -3.05384430486891 -0.20182366246559927 0.023496930863316962 0.9791399815700398 129.6216710327438
0.9696239228524486 -0.13681238056873998 0.20276050097428647 17.347254579268476 0.1386396936711863 0.9903290654529798 0.005232347254136703 -3.0651522981061627 -0.20151546732444392 0.023037244673409073 0.9792143798917937 130.62305996699016
0.9691971901283422 -0.13974050833365953 0.20280383866676963 17.55986521315125 0.1417840730067078 0.9898874249091277 0.004490283777823463 -3.076956855933378 -0.20138044415721026 0.024402383847224474 0.979209089200881 131.62312836088887
0.9689936490049763 -0.14144554217498592 0.20259434046104463 17.77290498073186 0.14373891856934445 0.989609719079907 0.0034244986645521193 -3.08905524532431 -0.20097370842111856 0.025802373949163106 0.979256762050716 132.63200522895605
0.969037017600014 -0.1420548485267078 0.20195959628332802 17.983806941080147 0.1442481412161701 0.9895338880676718 0.0038933432107434367 -3.102511616653284 -0.2003989328228836 0.025359502671206114 0.9793861155579653 133.6409533629408
0.9691542806068661 -0.14366909113512108 0.2002477780995249 18.196521845174555 0.14545653781598872 0.9893474246316262 0.005836864000046358 -3.116282095550593 -0.1989532004969363 0.023470526776736216 0.9797279001768041 134.6545777581591
0.9692829766081039 -0.14511809648274723 0.19857303273848234 18.40556910129675 0.14670861757742085 0.9891566524872272 0.006760056862595274 -3.1292551561280746 -0.19740084292184873 0.022579967083402288 0.9800627797749781 135.65699824837782
0.9693042362380028 -0.1462500811433633 0.19763656386565215 18.610499943712462 0.1477921968055162 0.9889936156151755 0.007006770712839593 -3.141276666136546 -0.1964860406605566 0.02241744940849464 0.9802503220032915 136.64834638968696
0.9691984180566162 -0.14696727487218358 0.19762349696631942 18.809519548509883 0.14844762898229394 0.9888926876922398 0.007386046192228439 -3.151742063068055 -0.1965139381471147 0.022178195270638766 0.9802501720318394 137.61330843211599
0.9689618278717602 -0.14722771838483545 0.19858744941867018 19.001054556761606 0.1488009271515059 0.9888419514869785 0.007062510762919731 -3.1608973922456274 -0.19741139836967253 0.02270669325594821 0.980057725787166 138.53940568996762
0.968678579492918 -0.14742718732213086 0.19981750191078823 19.185914149487573 0.149097566716254 0.9887994662136937 0.006747682180311037 -3.1688111138462904 -0.19857423103432817 0.023255968132925575 0.9798098972327881 139.43015528193934
0.9685586171353783 -0.1471059113442314 0.20063413473381536 19.36424531474596 0.1487286829124531 0.9888529379889007 0.007045985370842838 -3.17684801529884 -0.19943415969169034 0.023015600759100367 0.9796409026116499 140.29517201360926
0.9682882865530993 -0.14852513444308113 0.2008932018828101 19.545424154400152 0.1501871100970498 0.9886325934094948 0.00703044871347598 -3.1841483243819284 -0.19965376551610411 0.023364068290451352 0.9795879206218095 141.16114269768573
0.9679218677113822 -0.14993742853132735 0.20160859488504482 19.732032766562746 0.15190645840567105 0.9883780901585587 0.005760103225272894 -3.1911880862888684 -0.2001291730377037 0.02505031776111435 0.9794492307819292 142.04559861999493
0.9674907912344959 -0.15132491146446383 0.20263844661544617 19.9234022264383 0.15341181353994127 0.9881472480426082 0.005461835973924594 -3.196972661773937 -0.20106313521586977 0.02580285558018683 0.9792383919664679 142.95357528433325
0.9673841552184517 -0.15076465649534648 0.2035630481794832 20.114545815900737 0.15199289491357554 0.9883341900288455 0.009679293146523597 -3.204877637601404 -0.2026476156486259 0.021576542166569818 0.9790139920859466 143.88490748802627
0.9671043414422018 -0.15190301620916555 0.20404574592527736 20.311340165420006 0.15203720957281083 0.9882592215172386 0.015112841938377596 -3.2121954408769926 -0.2039457762959509 0.016406850785547135 0.978844694309748 144.83252799340318
0.966708265373349 -0.15294007323419073 0.20514498204433507 20.510083480515625 0.15305800326700117 0.9880973565090685 0.015390311748272139 -3.2183073378642675 -0.20505700986498568 0.016521139758223474 0.9786105837596085 145.77469251174804
0.9665070208977614 -0.15198504182045575 0.20679633850280735 20.70595533188017 0.15260598148941001 0.9882010535088633 0.01304194224898074 -3.225120290575831 -0.20633853970838115 0.018953229455854138 0.9782970827536018 146.69973865881605
0.9661261409534205 -0.15122671792821088 0.20911900810570014 20.900125852987546 0.1522405405344311 0.9882784608996272 0.011335851959489546 -3.233842571782578 -0.2083820951623118 0.020884527921994935 0.9778244928969829 147.60197702749343
0.9658787820688791 -0.14999309279385023 0.21114035725856262 21.096652296992577 0.15086640609028792 0.9884805793797697 0.012061165052940519 -3.2440889781915785 -0.2105172341223833 0.02020436346855283 0.9773813369582486 148.51162519387535
0.9656012137732598 -0.14912313858383075 0.21301780559031766 21.29297246568148 0.14955620873541306 0.9886516354507323 0.014173360550033702 -3.2540111620510515 -0.2127139778864951 0.018172321246866574 0.97694551043147 149.4206458041128
0.9651995606180502 -0.14886126211949222 0.2150119364661274 21.491393782491684 0.1487386564639248 0.9887330813897635 0.01684356965756615 -3.261741253219761 -0.21509676951555726 0.01572318052095615 0.9764661598531093 150.3367914130368
0.9645583941909414 -0.14974891294608333 0.21726105787107394 21.691275692716605 0.1493008526038642 0.9886173848084469 0.018572072212487016 -3.266459106906611 -0.217569206478194 0.014523413027694106 0.9759368375394369 151.24280848160106
0.9640730277515961 -0.1491532138712012 0.21981018164261917 21.892957547764706 0.14881719902081197 0.9886975404450529 0.018182815884859982 -3.269991443297191 -0.2200378113812932 0.015181973185143673 0.9753731948606839 152.15331162181545
0.9632199637258669 -0.15014348067285543 0.22285474347964584 22.09898265413983 0.15005330829862493 0.9885241149353275 0.01743785709210543 -3.271714734966867 -0.22291546861664102 0.016643599453447597 0.9746956881245848 153.0553849055856
0.9627545775538197 -0.149154992577546 0.2255136616446058 22.301965902080223 0.14936999748624033 0.9886485178891499 0.016208390621752305 -3.274659153618117 -0.22537130973157632 0.018080272807095153 0.974105167055948 153.93759498038878
0.9621370299956304 -0.14970977296784174 0.22777032157220176 22.506381079882328 0.1500349814262697 0.988551408725541 0.01598801598594423 -3.277639662258698 -0.22755623449953166 0.018790853750301695 0.9735836193957509 154.80940785983438
0.961651132207616 -0.1503565249750148 0.2293905301472747 22.71424538926812 0.1504451384620877 0.9884686149079668 0.017206326018321644 -3.281569453597298 -0.22933242299538306 0.017964207173246042 0.9731823708964855 155.6927786610836
0.9613606715957236 -0.15062942222539172 0.23042663966881938 22.930744929243758 0.15003678408131316 0.9884741085540634 0.020196537841598812 -3.286569445404444 -0.23081296005977808 0.01515631479926528 0.9728800869532434 156.60502143781676
0.9611531062248353 -0.1502624930892006 0.23152945722946 23.14839967192117 0.14946055239442693 0.9885424280370244 0.02110476838577358 -3.2900117905503956 -0.23204794692542144 0.014319606882954913 0.9725989405641032 157.51502918908128
0.9608165241996008 -0.15051859833181924 0.23275686537935292 23.359646797994618 0.149542575802457 0.9885118615191371 0.02193895299089504 -3.2927201139191142 -0.2333851427305607 0.013727752627243912 0.972287469815611 158.3834877907538
0.9606177292223461 -0.14996070797636896 0.23393453008679482 23.552382394290593 0.14874039185667445 0.9886098134403429 0.02295501251955767 -3.296276436212565 -0.2347123220754 0.012744521673108803 0.9719813285414998 159.17810081008918
0.9604586406338704 -0.14955991149755402 0.23484256961756667 23.727460681882018 0.14814872891852626 0.988680010526708 0.023744281516473797 -3.299465104746067 -0.23573534684379194 0.011986227836662618 0.9717433697178933 159.89846376354993
0.9605658753698197 -0.1487541019384134 0.23491576411877546 23.889418046258324 0.1472380850429099 0.9888078591656072 0.02408244101466905 -3.3013910261503256 -0.23586891568816118 0.011455776220942748 0.9717173559236597 160.56669857711606
