0.9999891809260429 -0.0005799937738434651 -0.004615369766757335 0.0036460674782409666 0.0005842903330407617 0.999999397196023 0.0009296302477058173 -0.01093410853433609 0.004614827804838438 -0.0009323169059055398 0.999988917013343 0.2652157836151122
0.999950295436977 -0.0005696596999417167 -0.009954001372732831 0.0054512811194543445 0.0005865306074719761 0.9999983964730833 0.0016920499723372718 -0.02162772815277978 0.009953021518544172 -0.00169780419620471 0.9999490261126127 0.5347238703070253
0.9998644058172234 -0.0005441248841900158 -0.016458247412188678 0.004326039052567117 0.0005782665368989906 0.9999976908634262 0.002069752552384186 -0.030945991912296137 0.016457083203979768 -0.0020789891597127693 0.9998624116429675 0.8057661804589706
0.9996815495053745 -0.00116506850465488 -0.02520797877483088 -0.003043416718290319 0.001207378524093093 0.9999978878619834 0.001663282499164898 -0.04073083983265235 0.025205987694046465 -0.0016931883982388633 0.999680844718661 1.1098147567259218
0.9993086016589207 -0.0018010727733579375 -0.037135896210497406 -0.021870701430787984 0.0018654434850532355 0.9999968170844825 0.0016988059065341813 -0.05070397551818729 0.03713271833701163 -0.0017669062705960748 0.9993087807435372 1.4575829452176077
0.9986089472258655 -0.0019602615451752227 -0.0526908710795538 -0.05454316820511263 0.002115275983540268 0.9999935972623268 0.0028863544246764566 -0.05954121499700355 0.05268487570414407 -0.0029937950874932735 0.9986066998889066 1.8486350864449628
0.9974367965085821 -0.0030619830674186448 -0.07148749002721697 -0.09688386775453124 0.0033409172347613264 0.9999872649636838 0.003782615825294956 -0.06736660143633517 0.07147499732582772 -0.004011753998706627 0.9974343239467582 2.2565440642082697
0.9956533097615201 -0.0029278637275723723 -0.09309089308263517 -0.154811582857308 0.003398543011160258 0.9999822296083383 0.004897996829148967 -0.0728204338433488 0.09307489815375113 -0.005193080158232258 0.9956455670830553 2.6889293738217734
0.9931525629643693 -0.0031360853556012635 -0.11678249717293382 -0.2265008573606439 0.0038989906850424973 0.999972523138486 0.006304826697750685 -0.07728353252645001 0.1167595158817553 -0.006716988662570545 0.9931375018165232 3.147157135696483
0.9898978163094004 -0.001560208105341142 -0.14177404211119848 -0.3143649328864693 0.002610335992529605 0.9999705184963569 0.007221376886296873 -0.08218006190292818 0.1417585955485097 -0.0075185030954217245 0.9898727053006956 3.621783764469941
0.9859139107152768 0.00045353284645014823 -0.1672529669873324 -0.41135389260998345 0.0008367586728558907 0.9999704336657197 0.007644058432299813 -0.08789669483508541 0.16725148876178028 -0.007676333913412329 0.9858843813574782 4.075661768862112
0.9811217155188007 0.002453644099467305 -0.1933756938399387 -0.5165928446157593 -0.0007994925669915875 0.9999624269607933 0.008631655595307836 -0.09458800384157642 0.19338960713823242 -0.008314102315574012 0.9810868134643366 4.494749529311945
0.9749939434270462 0.004599929131870137 -0.2221838223916374 -0.6321336464937228 -0.002359258381417861 0.9999436632060262 0.01034912141215812 -0.10179446847024115 0.22221891049248402 -0.009566141651452403 0.9749498678154879 4.878559006226961
0.9674640696677478 0.00803703187584523 -0.252880762456429 -0.7685871093419178 -0.004879455055154658 0.9999021400457108 0.013111111713860448 -0.10779334536636363 0.2529613899793464 -0.011450609181840527 0.9674086100139285 5.262494105504161
0.9584361472591835 0.011717042833981136 -0.2850664177594381 -0.9140945622296679 -0.007607818873031295 0.9998506439488245 0.015518082585060024 -0.1114825519043009 0.28520566740330927 -0.01270435761257709 0.9583821401605332 5.652480479705008
0.9480486040101269 0.015443190516402713 -0.31775045602032204 -1.0784003211482196 -0.010136067454581626 0.999780268256292 0.01834871499407275 -0.11200941683132433 0.31796399885994137 -0.014174733579564303 0.9479968208580358 6.039720873778526
0.9365144951145258 0.020186258150827814 -0.3500473045493307 -1.2667141117981917 -0.013434081873620794 0.9996741132872256 0.021706972787855945 -0.11096368841951985 0.35037141134030425 -0.01562633051192768 0.9364804813289674 6.4317644326396275
0.9233449430013467 0.025969636630776165 -0.3830922789708821 -1.4883717380071049 -0.017438503180295786 0.9995169254197473 0.02572575375545877 -0.10838524066414908 0.38357530530610234 -0.01707318870982027 0.9233517701215548 6.850477724531474
0.9079400918787859 0.03062130960279886 -0.417979814054878 -1.732639265937046 -0.020579917834598817 0.9993816024613235 0.028511044241819047 -0.10388068642838456 0.41859438187947784 -0.017284329898707033 0.9080088079963154 7.280565862213095
0.8899361733980213 0.032063521565522446 -0.4549566329470349 -1.9934460306773711 -0.021234949855715248 0.999356923222607 0.028893198363454692 -0.09771299697851754 0.45559047859048946 -0.016052121101647505 0.8900447433841884 7.721438560457261
0.8693945009937996 0.033845694840737336 -0.4929580819729897 -2.267372957878222 -0.02201706890955855 0.9993139246854779 0.029781346617290875 -0.08901534989518768 0.493627845971409 -0.015038246920939856 0.8695432138836866 8.15181702745496
0.846019601884198 0.0399059780205262 -0.5316562292928836 -2.582076927014195 -0.025125701088828372 0.99907114774736 0.035007726055369684 -0.0790609705719706 0.5325594167531892 -0.01625898696100833 0.8462364403466112 8.57924950853132
0.8180901299833058 0.047706619476834126 -0.5731078586810594 -2.949794370529408 -0.028976766365312778 0.9987069266133562 0.04177106349513478 -0.06533927489812506 0.5743595443926277 -0.017565682241149974 0.8184146629750073 9.002642360625956
0.7874358913090554 0.05396191136925646 -0.6140299904725246 -3.3549099690402957 -0.03141961353090706 0.9983795087610188 0.04744643687017373 -0.044113194786100166 0.6155952606736677 -0.018068442309270804 0.7878553207465406 9.446015594790609
0.7549190862857537 0.05946586970649024 -0.6531163629105706 -3.79253096046552 -0.03289723687865145 0.9980605582462309 0.0528478370321061 -0.01833603904920378 0.6549923243574931 -0.018410117144463615 0.755411227491023 9.872247475937261
0.7211802337300021 0.06383078534182587 -0.689800479356012 -4.239328925141492 -0.032582651080621146 0.9977693589133325 0.058263858971370826 0.010598067495837898 0.6919808099403457 -0.019543215096882928 0.721651315676746 10.269715450343515
0.6846658431707695 0.06741994168983051 -0.7257322058843727 -4.682988608102022 -0.030900893252672933 0.9975023807855364 0.06351484175665859 0.04166692903399684 0.728201770110074 -0.021060669261120782 0.685039145026638 10.625339440700346
0.64588304723422 0.07198401314001979 -0.7600351249433767 -5.131399535951774 -0.028508439985399835 0.9971246078422226 0.07021242970509205 0.07486517935397535 0.7629038983679636 -0.023681602305399174 0.6460780321038717 10.945369199587935
0.6062578831809341 0.07804697879964353 -0.791429117597539 -5.585046579146739 -0.026515285725702675 0.9966031351378439 0.07796878001036452 0.10806838374535171 0.794825967557588 -0.026284218338544007 0.6062679450230519 11.227671315659492
0.5650951795097476 0.0842964870838809 -0.8207079507109465 -6.031200166247446 -0.024789505256419028 0.9960522134452667 0.08523771770716551 0.14265401466024585 0.8246532110675291 -0.027822479330597966 0.564953972567598 11.491490310018946
0.5231456226477632 0.09147148818613748 -0.8473202607948754 -6.496947709456073 -0.02378710836907836 0.9954032762153726 0.09277117642425327 0.18207905171124616 0.8519112811671885 -0.028377535987388004 0.5229167089234791 11.722777731876892
0.4795042345614062 0.09811886274172966 -0.8720369131017034 -6.9595951539889525 -0.021519517794320202 0.9947453689615701 0.10009276339181258 0.2230417989622754 0.8772756689841447 -0.029229090026530857 0.4790960873401503 11.946855118351609
0.4358664810752262 0.10418875134453143 -0.8939603541367845 -7.427428105156575 -0.018606340889121786 0.9941076183351375 0.10678879738417271 0.26751921016885627 0.8998189899939965 -0.02991232624366563 0.43523676083813867 12.146302994677466
0.39013016142597223 0.11011586371182722 -0.9141514938481157 -7.907097473126374 -0.015715059465371536 0.9934747712324884 0.11296422367525961 0.31584195497594686 0.9206255992811319 -0.029704805731607296 0.3893149502198736 12.322721318454429
0.3434938889183109 0.11495945801883838 -0.9320924156368768 -8.40578262390013 -0.012400951636963612 0.9929486129450668 0.11789515871724902 0.3693568929820202 0.9390730347924338 -0.028937433584935866 0.34249738723564677 12.484827275577334
0.2974028491650074 0.11948587236587789 -0.9472458348356563 -8.932274662319179 -0.008857522481692522 0.9924406106087534 0.12240579524683744 0.4291388556473581 0.9547109979486049 -0.028013580982971534 0.29621301402282824 12.626335746720521
0.2513640088859371 0.12213654788056989 -0.9601556117154167 -9.478544199617273 -0.004620892573343695 0.9921464577330048 0.12499621498140011 0.4916462446630856 0.9678815952318833 -0.026982773757863107 0.24995429088478502 12.75302159998592
0.2068325195256575 0.12342027553596216 -0.9705605310609401 -10.05635467917698 2.5816019837076112e-05 0.9920107366093369 0.1261534691767682 0.5581322082209169 0.9783763632673271 -0.026117695886656293 0.2051768938291309 12.86639625301316
0.1653057094508038 0.12314599375530262 -0.978523932586722 -10.666644272476832 0.0033434536128278207 0.9920982134760719 0.12541912188946783 0.6269252669535065 0.9862367077638636 -0.024004146300280877 0.16358776610581047 12.948812737272785
0.12833179580779622 0.12098653663046015 -0.9843237313703814 -11.287351764764995 0.006467643950705499 0.9924074727495685 0.12282335939283169 0.695317545495533 0.9917101994869632 -0.022128397704761958 0.1265749353092738 13.015402502479871
0.09751074359402014 0.11898590729036795 -0.9880961535954017 -11.939344740629245 0.00932290672111243 0.9926747322927933 0.12045729233923451 0.7647947956042278 0.9951908049685799 -0.020957808418780928 0.09568715677806997 13.062523876692941
0.07335480185679932 0.11706387498293967 -0.9904115923284253 -12.623173257423048 0.011342162953454865 0.9929249111288361 0.11820099914691884 0.8352785598192152 0.9972414092806648 -0.019904020542877637 0.07150805256851628 13.103592342351376
0.053300735171125664 0.1145475369763504 -0.9919868413456239 -13.335066043517688 0.013342133329196959 0.9932285858548104 0.115407814809392 0.9061364234638041 0.9984893685505334 -0.01938654207187597 0.05141150530816911 13.130000913223304
0.03600513505468158 0.1134506937136006 -0.9928910163485192 -14.058573625328274 0.014712822824750832 0.9933673633473529 0.11403865257383253 0.9764240759842671 0.9992432952460681 -0.01871420669519729 0.03409714612028089 13.141152269120603
0.021049749261433843 0.11342140599242356 -0.9933239616151072 -14.81593520656094 0.01679718723155302 0.9933637467400799 0.11378190174020686 1.0496028335995793 0.999637315508549 -0.019080129066957392 0.019004897201756195 13.14222739791816
0.010561413841708717 0.11351091697996651 -0.9934806129281183 -15.630463860356445 0.01801902081727076 0.9933530971728936 0.11368790272410735 1.130140709713428 0.9997818619211144 -0.019102252835371893 0.008445857574136276 13.136737422917214
0.0041951704277896976 0.11369882953289218 -0.9935064049657306 -16.510190486659287 0.01859907495268288 0.9933344169679427 0.11375768315969444 1.2161310691626248 0.9998182209561824 -0.01895553296025355 0.0020525141184548163 13.126226187520258
0.0005420903508188092 0.11402754340997831 -0.9934774408520484 -17.430215360514676 0.018328515943316002 0.9933095681171281 0.1140182765624866 1.3064821794938204 0.9998318716871185 -0.01827077532152306 -0.001551492115114896 13.112607738512638
-0.0009572240860944895 0.11513423100650878 -0.9933494815887242 -18.38233168955703 0.018326795588623688 0.9931851233677911 0.11509752075678197 1.4014019695125377 0.9998315919621169 -0.0180947387780237 -0.0030607422389482886 13.099417421273605
-0.0007823441866811438 0.11812594422067794 -0.9929983128080053 -19.344712520307247 0.018517937252884857 0.9928300567690996 0.11809133912258009 1.498919223162398 0.9998282222149317 -0.018295892376139225 -0.002964183646292152 13.088243102638137
0.0005496948934876948 0.1210934347716956 -0.9926409612194712 -20.310858341744723 0.01760168747028234 0.9924861578468874 0.12108429741515322 1.5973366587863853 0.999844927193073 -0.01753871538955643 -0.0015858842207289957 13.079703759726215
0.0017852309615011817 0.1207937138816809 -0.9926760255174311 -21.268949247812778 0.01885340069406296 0.9924971014999148 0.12080584752625435 1.6945318171158374 0.9998206650358263 -0.018930985207804247 -0.0005055357343377416 13.076460118126755
0.00243247304073196 0.11701109282384871 -0.9931276288730837 -22.22483458729789 0.018967844285295233 0.9929464972888925 0.11703620980229984 1.7920265324845193 0.9998171352592803 -0.01912217764502266 0.0001958673972092281 13.074969686358768
0.0034320865741241957 0.11638101370055072 -0.9931987114529393 -23.195208037486253 0.018434344171981948 0.9930284235252206 0.1164247612235645 1.8905700752962722 0.999824182412436 -0.018708546737983472 0.0012627518584642833 13.074693614311888
0.005157757893605905 0.1192777611867802 -0.9928475276797437 -24.17908817499454 0.019149587481047427 0.9926668869106673 0.11935554000711492 1.989545463002336 0.9998033260760918 -0.01962822756526219 0.0028358155492947215 13.07947242534629
0.0069451579219788825 0.12288339342692363 -0.9923968139818475 -25.169100582126738 0.017641369894936813 0.9922512433945508 0.12298882896506323 2.0900479012234667 0.9998202572711097 -0.018361416117812175 0.004723510186265412 13.084027933249981
0.008767209863087674 0.12481506174185102 -0.9921412885237634 -26.15785913542522 0.017606718327583395 0.9920063426901932 0.12495366954259472 2.1932346818359587 0.9998065510392242 -0.018563847252246378 0.006499544156750048 13.092148121916754
0.009843643245506885 0.12397567924825004 -0.9922364303141611 -27.15145831149495 0.016121469595991953 0.9921358610944261 0.12412304922328893 2.298128237038089 0.9998215845368212 -0.017218132458443877 0.007767561324043949 13.100347537129453
0.010587093514870784 0.11992488022172966 -0.9927265164962151 -28.148977632597795 0.01588332149828814 0.9926367367729169 0.12008342478042819 2.404780022703673 0.9998178001761564 -0.01703912886912137 0.008604332530305375 13.110034336359119
0.011109296367234713 0.11927747172729099 -0.9927988055354263 -29.14584433080414 0.0158875456362701 0.9927136907383772 0.11944502548974033 2.509987748250712 0.999812067054544 -0.017100086518335954 0.009133324322777525 13.119833155309083
0.011914545258707769 0.12195980590601672 -0.9924635254530234 -30.142815564259273 0.01776071911468984 0.9923515859404575 0.1221592679168781 2.6127007585038675 0.9997712740761293 -0.01908233803351222 0.009657324027258921 13.134099008003226
0.013076096740315936 0.12418698415274239 -0.9921726707892551 -31.13448190020096 0.018846455409677932 0.9920506298026753 0.12442009092829856 2.7147452181093774 0.9997368787898786 -0.020325867144148087 0.010631665547293855 13.14864959490825
0.014031236770130854 0.12622921742349447 -0.9919018646334686 -32.12555730987634 0.019576461572809612 0.9917746984419837 0.12648995882124472 2.8167466361479327 0.9997099011948357 -0.021192739298260276 0.011444704192207495 13.16343718081384
0.01442289580409342 0.12144823260252424 -0.9924929757304818 -33.098594622440885 0.021547741367560914 0.9923279608768344 0.12174117177019474 2.9148342488896115 0.9996637809376613 -0.02314184218567108 0.011695307677548264 13.178495495948807
0.0144597384054572 0.11374386016617073 -0.9934048772981455 -34.05893340322479 0.02313117382817661 0.9932048140035282 0.11405764436260744 3.0096762502555094 0.999627863138366 -0.024627864599167822 0.011730452792140045 13.192197624033343
0.014569143655156434 0.10847831643550968 -0.9939920497249826 -35.02098145342017 0.02322191234615598 0.993792720124036 0.10879693109392653 3.102762838917807 0.9996241707962761 -0.024667474369837024 0.011959634947211532 13.20586153632581
0.014421170025358674 0.10956170896053832 -0.9938753753789987 -36.01644710006012 0.023709537600828674 0.9936617945634193 0.10988219078522055 3.198067335396612 0.9996148696782448 -0.025148955339158636 0.011732108228890916 13.221144670940486
0.01349541058724205 0.11707241344726213 -0.9930316832320681 -37.053673412052255 0.023512707574039 0.9928103581681231 0.11736586086516183 3.2969973827629553 0.999632445689724 -0.024932764060891822 0.010645693996372949 13.233821459774974
0.012782731918306166 0.12376735376766299 -0.9922289271665357 -38.110389632945456 0.021966911145334698 0.9920357568996867 0.12402625466891291 3.4027367694232975 0.9996769761175042 -0.023381599043162334 0.00996214067091494 13.244362358306319
0.012963402785870621 0.13004465391239406 -0.9914233899686936 -39.1696780931177 0.021893243681859697 0.9912321004177421 0.1303058286590327 3.514929543783597 0.9996762656326784 -0.023394680810733696 0.01000264167437235 13.252072522224186
0.013144270495651962 0.13107853853377077 -0.9912848454853869 -40.22103029790823 0.02122183966802313 0.9911106157960744 0.13133689800444567 3.6284306462876725 0.9996883822843201 -0.022763215769662237 0.010245698296453071 13.259418677935425
0.01304257725350436 0.1265809968601507 -0.991870527040942 -41.266994444322094 0.0227322135253241 0.9916609899720507 0.1268531727466479 3.7446126173154126 0.999656509830664 -0.02420190491557073 0.010056348822123517 13.269085957983354
0.012566239292547835 0.12299833928268149 -0.9923273140268507 -42.31709047760753 0.02388076638971362 0.9920856910419907 0.12327080200264345 3.8598864016087373 0.9996358330045404 -0.02524658716415671 0.009529491585613642 13.278137261350244
0.01163540686131332 0.12386164246971033 -0.9922312789021904 -43.365849396049626 0.02541294195460708 0.9919413045347476 0.12412344959399961 3.9706933460273874 0.9996093235301393 -0.02665974273334281 0.008393951930318402 13.286009204713285
0.010279672145932606 0.12653994599159787 -0.9919082469709659 -44.41438224404024 0.02682162426821823 0.9915688565225583 0.12677461593773254 4.079872647014791 0.999587379278163 -0.02790779179706867 0.006798995868861681 13.291939781388864
0.008458333315882896 0.12545547435223467 -0.9920631938301976 -45.4549285436607 0.026925608591466664 0.9917103885610291 0.12564042670299552 4.187570115183038 0.9996016547602831 -0.027774613862075918 0.005010252021207626 13.295627822175556
0.006295995956032583 0.11942925177844145 -0.9928227506733325 -46.494009890284595 0.028020483737263326 0.9924315027493253 0.11955987973331451 4.294972251057765 0.9995875213937251 -0.02857212225853185 0.0029018793207375004 13.299196037081787
0.004568630791237525 0.11493679911158941 -0.993362300383236 -47.53485977645809 0.028054314156520113 0.9929669363542583 0.11502007983150007 4.401163239728594 0.9995959599107532 -0.0283935823245236 0.0013120262496872375 13.30065983498816
0.0033615018341132254 0.11575629843574152 -0.9932719565546355 -48.58586630684175 0.028006352349206315 0.9928770483066812 0.11580505677172818 4.504260292917541 0.9996020931018057 -0.028207203304592424 9.564633830032884e-05 13.30266306271541
0.002550671591674144 0.11789118773619778 -0.9930232433979473 -49.642777485814555 0.02855913047098555 0.9926128325222717 0.1179158207317945 4.607715828351332 0.9995888505486505 -0.028660644903072754 -0.0008350404584920096 13.303663808259838
0.0021572398790974767 0.12333579223179125 -0.9923626497761084 -50.70752390040893 0.029762543170425492 0.9919174177338189 0.12334515564180067 4.715766671284103 0.9995546695104437 -0.029801321293323246 -0.0015309830304507804 13.304346141556762
0.0023988857399600844 0.12908929703537567 -0.9916300715176593 -51.757009643614154 0.03111907804507159 0.9911430218103889 0.1291011746584617 4.8272019193902675 0.999512805485168 -0.031168312554298246 -0.001639501047945644 13.304509576907485
0.0028907718979564907 0.13191892925048412 -0.9912562935705571 -52.76684549805725 0.03141534649263307 0.99075918088677 0.13194438788111995 4.938525917794145 0.9995022358367097 -0.03152208105410208 -0.0012802200735914891 13.304025303883265
0.0034876406708851653 0.13185800603008513 -0.991262479169024 -53.73789797256282 0.032227144657450864 0.9907387871162572 0.13190173179543296 5.046484319955895 0.9994744856722348 -0.032405585154053444 -0.0007940661464047317 13.303725826603092
0.003791408178673175 0.12689030224623454 -0.9919095101973169 -54.68703617470462 0.03211526696926996 0.991389522905586 0.12694653796195485 5.151445272455654 0.9994769806511379 -0.032336744871627826 -0.0003163535870542905 13.304174240647788
0.0041009565251261156 0.12184500653134288 -0.9925406674484201 -55.62501251237597 0.03252250009519131 0.9920076988873342 0.12191395463938193 5.2541806078486335 0.9994625901669042 -0.032779867779354786 0.0001054762092129239 13.304680707113093
0.004168629204246835 0.11894780932269712 -0.9928917570349186 -56.565744707985615 0.029364593849658248 0.9924576449310036 0.11901908941866937 5.353532310681989 0.9995600748122155 -0.029652009634017467 0.0006443338125695751 13.300938954017834
0.004472175427929746 0.11786442081715234 -0.9930196261667632 -57.513115225598234 0.02756474201635361 0.9926376881204844 0.11794322837870304 5.45019524980357 0.9996100162786051 -0.02789979262030867 0.0011903475249174299 13.296551212766142
0.005055522098150715 0.1153593647422635 -0.9933109576877603 -58.47044037008049 0.027548648883820203 0.9929305729957265 0.11545539898616011 5.544696196235452 0.9996076798629504 -0.027948062126716633 0.0018417878189639328 13.295335535776891
0.005702723777763238 0.11108243913620983 -0.9937948332815298 -59.428490847359996 0.028711135073459498 0.9933830934757102 0.11120117049483497 5.638214187199523 0.9995714830187524 -0.029167127252748164 0.0024756864732626213 13.296573316985217
0.00642026661495009 0.10943495798458477 -0.9939732240596343 -60.36839075602397 0.029164440841560682 0.9935503832690509 0.1095767826518041 5.730060905389628 0.9995540083292109 -0.029692185450615565 0.003187248997832804 13.299496691684688
0.0066263278238173585 0.11244964952345632 -0.9936353295357517 -61.28670971589568 0.029108410188633353 0.9932143838596555 0.11259612848839276 5.81999892456199 0.9995542967922562 -0.029669243609101288 0.003308133582887775 13.30131833449009
0.006897158248339854 0.11809425018950431 -0.9929784374699558 -62.18794058684863 0.029722524319175138 0.9925391051857526 0.11824845125903878 5.909445863214883 0.9995343919826839 -0.03032940403707198 0.0033356400529192276 13.30546732438487
0.007111131269980444 0.12234543457823986 -0.9924621032814913 -63.088339252316395 0.02766815731271045 0.9920831450361228 0.12249696488547816 5.999000850863449 0.9995918691560973 -0.0283306895979706 0.003669760744684002 13.30574306110872
0.00747144067658606 0.12184540819159213 -0.9925209690867187 -63.99830843530915 0.026793564596432902 0.9921679227626199 0.12200376197939258 6.090407527219385 0.9996130663764021 -0.027504718568488528 0.004148250960972127 13.30842455213047
0.006720543221529921 0.11776240614982852 -0.9930190582242665 -64.92030721580004 0.02481312183871563 0.9927160812737109 0.117894405996143 6.1829914637032 0.9996695170322165 -0.025432217330959035 0.003749538399091525 13.309709467006215
0.005242493054541187 0.11322380188262657 -0.9935556788392967 -65.85619838276757 0.023180573768937885 0.9932885876595068 0.11331567687272835 6.27661928514468 0.9997175487438021 -0.023625247355857377 0.002582715830019905 13.310081878152818
0.00342115095839293 0.11147548594518059 -0.9937612951606662 -66.79708259146557 0.02083525783348819 0.9935434376598331 0.11152277576393504 6.3672788917027 0.9997770690294574 -0.021086809060801053 0.0010764415921734657 13.30887802294293
0.0017459317241515855 0.11241289033730997 -0.9936600494175186 -67.72428782906994 0.020916551155930028 0.993440069733709 0.11242475588243026 6.45114396838831 0.9997797005391519 -0.020980227203120604 -0.0006168114375351044 13.307636677432493
-3.709842776717199e-05 0.11447177689865709 -0.9934265000076099 -68.63298527602055 0.02165180019329722 0.99319370594648 0.11444414365394887 6.528692415756467 0.9997655716077127 -0.021505226387094612 -0.002515365966140542 13.303755138312145
-0.0019306398728605207 0.1135525058112542 -0.9935301208587817 -69.51672299246975 0.021574903400035487 0.9933054417055073 0.1134849021742785 6.601558836064527 0.9997653705609936 -0.021216217905448448 -0.004367599435396021 13.295033691056746
-0.003918208663867513 0.11268263563104625 -0.9936233045113758 -70.38671934079223 0.02136843466077558 0.9934134861448273 0.11257457770619686 6.672850567749264 0.9997639909703764 -0.02079108397417559 -0.006300252865101747 13.283903003788762
-0.006228746549720029 0.1142380789248524 -0.9934338750213713 -71.25247101854934 0.022478521705160064 0.9932181128757074 0.11407232932472376 6.74514432834104 0.9997279223760682 -0.02162039729460925 -0.008754407030362349 13.270913572291867
-0.008319176204724676 0.11705537112822698 -0.9930905454173384 -72.12169982462704 0.024084062640816438 0.9928602783996038 0.11682647603592859 6.820599016594711 0.9996753219090626 -0.022945754864313793 -0.011078948493374801 13.256398705125427
-0.010278878476897622 0.12250397130703924 -0.9924147931541831 -73.00027821272668 0.024864828417642558 0.9921916563528974 0.1222188912216681 6.8993695115376035 0.9996379769521655 -0.023419950420460283 -0.013244657688472803 13.239249003652004
-0.01226542673247871 0.12523369881275115 -0.9920514502729918 -73.87504040307097 0.026770423625176558 0.991811584330361 0.12487243733917724 6.9808660597750025 0.999566357840238 -0.025026023850689035 -0.01551755148939306 13.221979456298058
-0.014817149384243711 0.12575319643038144 -0.9919508988209376 -74.72710489633666 0.028353462333122928 0.9917137142914046 0.12529960119676886 7.063340007275092 0.999488135626356 -0.026268659537308187 -0.01825990876931783 13.203486950482622
-0.017550783371396494 0.12433707213632127 -0.9920848061005756 -75.54321515369949 0.02862274201899515 0.9918934579658759 0.12380673117326799 7.144112153794618 0.9994361953833591 -0.026223282347238835 -0.02096737514741985 13.181079537924425
-0.020226253279593386 0.12094277930144343 -0.9924533957889969 -76.34861754134333 0.0294260750892602 0.9922984405618985 0.12032419109748642 7.226539861912219 0.9993622990603112 -0.026770300582278323 -0.023629350892978875 13.155529100372437
-0.022512292018987298 0.11776688844970173 -0.9927860578659062 -77.166641955814 0.030639820996847453 0.9926525235643505 0.11705626352573527 7.310862583151858 0.9992769376290701 -0.02778358231403431 -0.025955239865320168 13.129638901197113
-0.024253959728974508 0.11546131232054298 -0.9930158260544906 -78.00894863632718 0.032579720947050195 0.9928716998097127 0.1146488094137177 7.395752932311499 0.9991748131435645 -0.02957149090236466 -0.027842767558807015 13.103585349068425
-0.025144972820326333 0.1142456583932323 -0.9931342607523722 -78.85385277135943 0.03322915994102258 0.9929949218394412 0.11338830685169779 7.48052354870947 0.99913139940224 -0.030149871299521045 -0.028765117575691244 13.075473300732455
-0.024302908621652918 0.11543189868511589 -0.9930180488785063 -79.69720122530366 0.036220967810200864 0.9927609136208971 0.11451554426143602 7.564789869450438 0.9990482521497245 -0.03318501397543234 -0.02830803285342156 13.051098942023756
-0.02210087596412723 0.11706364535081737 -0.9928784690075595 -80.53812143332627 0.03824822200284385 0.9924929948191608 0.11616681431679786 7.646994026501153 0.9990238359494927 -0.03540844775008153 -0.026412440869603957 13.029764484324097
-0.019144830485522325 0.11816774574268674 -0.9928090749644523 -81.37859492232104 0.03970852712202675 0.9922974810883388 0.11734113472919826 7.729081662011889 0.9990278816627087 -0.03717650994685093 -0.02368963420341956 13.010991422321597
-0.015475660828600033 0.11921405649858927 -0.9927479602875386 -82.22092831354014 0.040763076934263676 0.9921166551215438 0.11850280245331589 7.812463781485448 0.9990489855261195 -0.038633552303528204 -0.020213192613764096 12.995877287706897
-0.008068038504236317 0.1201699747120954 -0.9927205467463577 -83.0400459283832 0.04202313935400273 0.9919165860765159 0.11973112387822361 7.896494759220521 0.9990840617853572 -0.04075123855789902 -0.013052740802949613 12.988114718092069
0.0051751462528521665 0.12177294631576085 -0.992544491399171 -83.82104369446874 0.04254337226268992 0.9916323064845051 0.12188285446582434 7.977750032410807 0.9990812175883295 -0.04285695138245296 -4.8789571525795626e-05 12.994812178283949
0.02438529866489695 0.12317035357114674 -0.9920858940687449 -84.52592624241808 0.042457323401581 0.9913580144781298 0.12412357882188386 8.050365173401584 0.9988006472257598 -0.04514810218755091 0.01894507773183093 13.021803931461246
0.048972675317607135 0.12485520451881615 -0.9909656174544097 -85.1500508810259 0.04104180481991633 0.9910665624988692 0.12689617391315405 8.115764040581334 0.9979565357916944 -0.04688546257890731 0.04341089804878192 13.072687391562301
0.08018041605222927 0.1267401245991247 -0.9886900635175253 -85.67170059408754 0.0384497756118605 0.9907520945548325 0.1301226417292872 8.171247158858185 0.9960385111214769 -0.04844819864359442 0.07456578579416828 13.145771895201692
0.11738977162490981 0.12745393452363346 -0.984873157362051 -86.10489071415806 0.035097517500400924 0.9905780479421533 0.1323755838529921 8.219222670810558 0.992465518687254 -0.05010614243340659 0.11181041412714 13.236241375125424
0.1594751733522844 0.12872457616665442 -0.9787735450935383 -86.48272630926625 0.030297124094696936 0.990357134962658 0.1351844277279919 8.264788163197514 0.9867369220596991 -0.051212583602756295 0.1540373913206831 13.362152084339526
0.20452558743567656 0.12954719341991489 -0.9702508999022436 -86.84694843002791 0.025953078165397096 0.9901376203594133 0.13767327439535032 8.310498949878808 0.9785171034876353 -0.05333870476511195 0.19914633000923698 13.51616956702732
0.25352934999406995 0.12958787361328203 -0.9586082889814647 -87.21472692140716 0.021969193856175136 0.9899591168714281 0.13963631850077712 8.358993413765484 0.9670781887794253 -0.05646175639783715 0.24813675030429697 13.686637431948652
0.3057922882567189 0.12929800659512794 -0.9432778498052654 -87.59460290852222 0.017183577731150153 0.9898249645397029 0.14124894417422026 8.409172436815691 0.9519431711499784 -0.05940172610708136 0.30045903853341127 13.880338341648553
0.3601169156483262 0.1282684931786667 -0.9240470771132873 -87.98080408411454 0.012428693175602249 0.9897551420118624 0.1422332114768683 8.46055670030869 0.9328243857500098 -0.0627052830210591 0.3548333592425686 14.095338036686393
0.4154407545521342 0.12594545238580226 -0.9008588804471473 -88.35352338168592 0.00712578392960417 0.9898871112857649 0.1416782626718403 8.511670278128966 0.9095923277273956 -0.06527825008115636 0.4103419883533733 14.32513067004554
0.47054437122568094 0.12417104619128258 -0.873595756626364 -88.72045551438288 0.00014912797385064204 0.9900377376300505 0.14080218687654453 8.561560322205569 0.8823763213440601 -0.06638395405617475 0.4658381673662986 14.558652798046484
0.5255931607221865 0.12212126034284083 -0.8419253097361644 -89.08379909190553 -0.005316641409737338 0.9900955713874533 0.14029430794965084 8.611329032973138 0.8507194383145257 -0.06926151378093962 0.5210367357323191 14.795110712821916
0.5798018070242239 0.12002701062830905 -0.8058680917439747 -89.43734309055219 -0.009654158439237122 0.9900320898936956 0.14051070495001566 8.66120538857277 0.8147003509243598 -0.07368838239744473 0.5751811545099276 15.046448174964251
0.6329926796960756 0.11700057689710244 -0.7652654000129141 -89.76867409197118 -0.013405570580512342 0.9900218449891809 0.14027486275747342 8.709310344445718 0.7740417030939564 -0.07853414193815532 0.6282450401089096 15.297447639934948
0.6860602875479006 0.11345717092907835 -0.7186436893304364 -90.05755166693024 -0.016808372386808355 0.9899737792146762 0.14024762060411877 8.756725827931719 0.7273505072985093 -0.08413909217587491 0.6810887260118327 15.538603959177928
0.7365275302205432 0.1101562978113665 -0.6673775447823513 -90.31111029595483 -0.020955957461316187 0.9898925142521126 0.14026281786171887 8.804308838107769 0.6760828684962419 -0.0893218913823692 0.7313915193969438 15.809245439952413
0.7822639372689394 0.1054046826161959 -0.6139649707687523 -90.5572200007746 -0.025929593448192463 0.9902364455576024 0.1369650980106094 8.848382856821114 0.6224072530362323 -0.09122299475474048 0.7773593612968641 16.086496752006152
0.8236478537792881 0.10078175785493049 -0.558074592011177 -90.76651943064378 -0.03356923917182936 0.9910211027732102 0.1294228729382621 8.888605316932694 0.5661071622459807 -0.08786473207060488 0.8196355712827282 16.370039608874404
0.861186995160736 0.09769820132580306 -0.4988106061660321 -90.95894007814806 -0.04348038062640079 0.9919164246455933 0.11921100208825139 8.926480054450582 0.5064251335257817 -0.08097448966189674 0.8584734801712807 16.645302092004993
0.8960156514750495 0.09577308578794164 -0.43357060365112104 -91.08589143300692 -0.05353001903798714 0.9926385447147988 0.10864279363251617 8.965067306730214 0.44078394863417547 -0.0741366008469523 0.894546407427432 16.935301033735307
0.9250639207512816 0.09393410541746666 -0.36801239974175626 -91.16686750251405 -0.059765894858313635 0.9928640978527391 0.1031936093314406 9.003923560039281 0.37507969864556995 -0.07346609445509704 0.9240768110008302 17.270340283139102
0.9477055735237483 0.09305639057373373 -0.30527799476118733 -91.24692366062055 -0.06501729738025898 0.9927815249354129 0.10078489365118871 9.041202755414211 0.3124530315957749 -0.07566605527119256 0.946914859491764 17.665576511351475
0.9642494339632396 0.09175148342627927 -0.2486054995181092 -91.33317407217766 -0.06937180300153886 0.9928295128602216 0.09735045630118687 9.079328727859037 0.25575492575879655 -0.07662391064681315 0.9637002616308156 18.108159371296146
0.9765751849384001 0.09315079594663686 -0.19396865050063383 -91.38366017627254 -0.07585917377569922 0.9926059324619767 0.09475678653983897 9.114892646961374 0.20136110328610546 -0.07782282477394636 0.9764206644820698 18.571876216974136
0.9850980558864592 0.09716966883086851 -0.14191503002859676 -91.41483647093743 -0.08472553011353422 0.9922167876818466 0.09125475762554203 9.149390573856717 0.1496776697964631 -0.07787105817706054 0.9856635802659477 19.035672375144895
0.9906458161007289 0.09993494184787574 -0.09291864420008687 -91.43995982549534 -0.09206543009775131 0.9920803540650274 0.08544312528883982 9.184364405033188 0.10072151519430635 -0.07608927963957865 0.9920008053932687 19.49196021321394
0.9934269668180999 0.10342659090473075 -0.04904897442775716 -91.44063674076658 -0.09912529554831685 0.9915873817336892 0.08323845366766523 9.216986112845706 0.05724541362457124 -0.0778293304632044 0.995321836361788 19.988584337939994
0.9943736429548532 0.10519081449815329 -0.012488023939306193 -91.43569706576535 -0.1038271419214726 0.9912127404217055 0.08195869585412746 9.246631448291437 0.020999590403434444 -0.08020097113443252 0.996557485262131 20.50614510140806
0.9942614807091995 0.10563123217288108 0.016915991475185643 -91.41170689278309 -0.10666586671914456 0.9909497763365473 0.0814919238673306 9.276374575713502 -0.008154805638600637 -0.0828286397822879 0.9965304388611584 21.039872994658154
0.9936409747393523 0.1047750256765731 0.041228719522958125 -91.37906547680028 -0.10786414761334961 0.9908068489208899 0.08165239611365203 9.307373168286334 -0.03229456577622297 -0.08558026715270672 0.995807751975951 21.577373130184775
0.9927132176449591 0.10400377181739062 0.06085789152400427 -91.33647052833567 -0.10882946483328433 0.9906528694474568 0.0822377032730072 9.340955238419722 -0.05173601354078407 -0.08826158679331789 0.9947528724259276 22.128952101949743
0.991568012855423 0.10451519084887366 0.07661234080597477 -91.28650679463149 -0.11075734003415133 0.9904305307306143 0.08234182063344941 9.377070795832845 -0.06727323026662693 -0.0901328945418668 0.9936550577594814 22.706874710418678
0.9903500969422033 0.10515315776704899 0.09027457503741573 -91.22872461120627 -0.11263948476680534 0.990223773191432 0.08227530296504598 9.415636132012438 -0.08074052240378696 -0.09164983588713933 0.9925126072870933 23.30842088799043
0.9892184221462316 0.10433297625709169 0.10276936971615824 -91.15615533224971 -0.11290546762878692 0.9902611399151775 0.08145692207182907 9.456205596092156 -0.09326987008699063 -0.09218191167050194 0.991364325813032 23.93741390882333
0.9878196532062108 0.10427140814276803 0.11549807870040497 -91.07464838909972 -0.11385611818278052 0.9902917734717815 0.07974326144860325 9.497841301775686 -0.10606185502766406 -0.09192212376808896 0.9901016140124481 24.591827292795905
0.9862769748835292 0.10351465232977634 0.12861743881620083 -90.97953230952285 -0.11432907852846973 0.9902374854060871 0.07974073174644411 9.54084754933458 -0.11910747506947027 -0.09335116094443009 0.9884831663376481 25.28499028501455
0.9845399390120767 0.10333163241266671 0.1414343742978667 -90.87181235746279 -0.11539444913620962 0.9901004070946529 0.07990810334097113 9.58453917493956 -0.13177719680827213 -0.09499346090091738 0.9867172912174083 26.008638683189208
0.9828877818228423 0.10339833069426173 0.15244800278459555 -90.75295928750732 -0.11604934410754078 0.9902895265205066 0.07654543354112271 9.628840333769894 -0.14305299044613282 -0.09292706211555889 0.9853427845430186 26.761140097530898
0.9811622722496769 0.10516325801675 0.1620533389879777 -90.62784469018467 -0.11777161999933707 0.9905531943595187 0.07024396534139572 9.670653354585301 -0.15313536833984984 -0.08800601290510736 0.9842786702230037 27.51222121198446
0.9795791680107542 0.1060658734201867 0.17080598377975686 -90.49405821302233 -0.11834820584002217 0.9909473418970127 0.06338034207615541 9.710851146557996 -0.16253724426667618 -0.08230064448627158 0.9832640785380797 28.25569618461622
0.9781382073685501 0.10622935766833488 0.17877631514048903 -90.3550532396634 -0.11893483795830206 0.9909713083397057 0.06188998600195566 9.750794774276208 -0.17058766545583143 -0.08179969203403409 0.981941270533766 29.015946811786584
0.9767830800016196 0.10637647506803243 0.18595391949256856 -90.21057261832766 -0.12090200659495211 0.9902932187666168 0.06857146393482885 9.791323466938087 -0.17685451485292172 -0.08946164774332997 0.9801627896217985 29.81646693038807
0.9756228270197151 0.10569187571814848 0.192326094966952 -90.05630948459472 -0.1224391150982398 0.9894570840891247 0.07735206422458626 9.835200650044095 -0.18212293236168067 -0.09901467645265523 0.978277737329721 30.647913681146143
0.97476281824877 0.10444272362061893 0.19730475321801327 -89.89494209456579 -0.12254789218351583 0.9890802219193048 0.08186775146194057 9.883257263782184 -0.18659973815922473 -0.10398092176338751 0.9769178602257946 31.473195423531127
0.9739972800399881 0.10370110062277753 0.2014333145344339 -89.72875071595158 -0.12199750747096211 0.9892510357608938 0.08061635328436129 9.933925399476061 -0.1909081104761552 -0.10309447112052607 0.9761790939058279 32.283322549710604
0.9731847282389126 0.10420534173885321 0.20506762659094047 -89.55668958760072 -0.1225775066187873 0.9893102009564924 0.07899418430836203 9.986340166862378 -0.19464387890111892 -0.10201261214433804 0.9755548100285374 33.09566250427497
0.9728428338768175 0.10185244339560585 0.20785307394615607 -89.37636535602773 -0.12080968618732241 0.9893967979912722 0.08061634975571551 10.040229017075028 -0.19743819361471507 -0.10353770278966055 0.9748323465105159 33.93416506939201
0.9726114840781216 0.09864969695695094 0.2104641022351655 -89.18216256566949 -0.11856124916654195 0.989373721028117 0.08415979048835626 10.096149496350415 -0.19992531414361048 -0.10680766559230014 0.9739722744181697 34.825289396480755
0.9724776977689082 0.09588000943787128 0.21235383474822425 -88.98116400599093 -0.11658685317460736 0.9893440118382952 0.08721199405211798 10.15618006932362 -0.2017291079862415 -0.10956938454649563 0.9732933355166765 35.753101864275
0.9722591285356934 0.09617749023505982 0.21321837948708253 -88.78451215305697 -0.11638876237029933 0.9896169702346063 0.08433213039871179 10.218189688958102 -0.20289367405841482 -0.10680890691211249 0.9733581121207743 36.67216364686484
