0.9999956131471333 0.002459526463246854 0.0016505805237673236 0.011248830784858702 -0.0024636130200512145 0.9999938941013529 0.002478380701166205 -0.18482525623607635 -0.0016444748025694178 -0.0024824362205437176 0.9999955665966899 0.7937938434791565
0.9999785493444191 0.005687930672698899 0.0032478139869577473 0.018214766608379666 -0.005700387213573391 0.9999763832741946 0.0038390727365738716 -0.3710903610176296 -0.0032259009046522696 -0.0038575041832701676 0.9999873565324863 1.5747271033841777
0.9999653476937364 0.0072083815692632666 0.004164450371554498 0.023331477894342725 -0.007225723990720043 0.9999652224518212 0.004164468716411706 -0.556568622229966 -0.004134286462639908 -0.004194415576924224 0.999982657126319 2.338824974497996
0.9999500644586053 0.008785818977456502 0.004762139658451001 0.02630069688978404 -0.008807069912958258 0.9999512706469107 0.004460028158768544 -0.7427690071835994 -0.004722722602428827 -0.004501745941755049 0.9999787148608198 3.094602456050735
0.9999389938539468 0.009555433925068498 0.005540961366076068 0.028715177717297626 -0.009585853159302727 0.9999389862021608 0.0054895621139577355 -0.9286131377086755 -0.005488168142921965 -0.005542342058946216 0.9999695807648035 3.8206450899931372
0.9999203389082753 0.010378607805848719 0.007183337495358114 0.032301410191776125 -0.010442034029198948 0.999906323601876 0.008849177719619272 -1.1139677956921306 -0.00709082244121886 -0.00892348143903101 0.9999350437483999 4.515252006331563
0.9999003600895428 0.01039344477895182 0.009552287601902996 0.0403273634779997 -0.010523233762638534 0.9998516099143403 0.013638904020433523 -1.298255133863829 -0.00940911494134571 -0.01373806599666097 0.999861357438466 5.174743893601714
0.9998831942020563 0.009738267777545271 0.011779817188115228 0.051487075774843946 -0.009951546963017277 0.9997851234439024 0.018184434368534154 -1.481829249064893 -0.01160020109030241 -0.01829953772513087 0.9997652535739132 5.800240263625632
0.9998597026223259 0.008969726759304733 0.014146344893905139 0.06114953551656802 -0.009262165098316896 0.9997419130371711 0.020744146510978296 -1.6659683549135873 -0.013956624580657887 -0.020872261943565798 0.9996847309585527 6.395373983266247
0.9998238577516416 0.009303771556418582 0.0163001013938851 0.06290670278924448 -0.009645194109355389 0.9997330719484837 0.020994167833963042 -1.8504820753164504 -0.016100425498036215 -0.02114768751598455 0.9996467134000434 6.963532592825107
0.9997864401332104 0.010335930842390638 0.017895325070641895 0.05411957890148252 -0.010671112254143723 0.9997674981178941 0.01873705073767286 -2.0360833900310142 -0.01769749951326713 -0.018924012278266497 0.9996642837824458 7.4968941815723396
0.9997597895931964 0.010993770615735015 0.018960488396036503 0.04040870296411071 -0.011302279791244173 0.9998042170194972 0.0162414932056908 -2.222944579647598 -0.018778221004346164 -0.016451888574831403 0.9996883083132629 7.978250635800764
0.9997450959970979 0.00991462993315059 0.02028406130542495 0.033252916034565164 -0.010216636052030147 0.9998376873783621 0.01483978590373369 -2.412030004220615 -0.020133637960734304 -0.015043238054919209 0.9996841189152149 8.416270229888866
0.9997253360339047 0.007372673131200541 0.022246262220808694 0.029863598966682184 -0.007658201358531627 0.9998890426027751 0.012777105887394561 -2.601502813181586 -0.022149592408184197 -0.012943962832377955 0.9996708705280682 8.822525232865218
0.9996739459004055 0.005783617530494 0.024870698747204153 0.02961607849162292 -0.0060622822491273026 0.999919529256147 0.011143776114817386 -2.791074166443724 -0.024804246044682267 -0.01129091583646875 0.9996285633162596 9.20372277442577
0.9995536694671086 0.009510941868361995 0.02831967230768638 0.021428255107211174 -0.009798487645671643 0.9999016678111201 0.010032165688313256 -2.9823865707762853 -0.028221472227644692 -0.010305177985691867 0.9995485740132832 9.549224342905266
0.9993908588361125 0.013715870561312042 0.03209028154383859 0.012454851440208834 -0.014027619493857838 0.9998563839538841 0.009509855834791837 -3.1724171727456096 -0.03195523691279779 -0.009954213249087962 0.9994397312857034 9.85424185717226
0.999232235034792 0.014864512939054848 0.036248954777466494 0.014073640582068463 -0.015254761868740245 0.999828368992758 0.01051307745664363 -3.3602393971298437 -0.036086461556963004 -0.011057975057216883 0.9992874904050048 10.130585135259745
0.9991240393772896 0.011215069716923041 0.04031595403376806 0.03191186263400537 -0.01168390781620176 0.9998666134952341 0.011412340501162707 -3.5461136475625765 -0.0401825862352194 -0.011873391630723491 0.9991218055545747 10.385429906372256
0.9990054896195186 0.00584419822967542 0.04420268156026283 0.05353546812940778 -0.00633132147303257 0.9999206769429558 0.010888259289053256 -3.7307542821562314 -0.0441355421227706 -0.011157292189093025 0.9989632469478231 10.620855483631157
0.9988584376089722 0.0021248842943623948 0.047721132468736445 0.07682367773062247 -0.0026978649508096722 0.9999250086041362 0.011945655809742094 -3.916515209424165 -0.04769217065798445 -0.01206076426903387 0.9987892644713287 10.829878090104486
0.9986791892769186 0.002316337815140827 0.05132749248037415 0.08864989804199307 -0.003004135762844269 0.9999066775377558 0.01332709209560799 -4.107074006967619 -0.05129183242500815 -0.013463684285238026 0.9985929486692531 11.005664927561696
0.9984999635550428 0.0032364224578182266 0.05465664049548707 0.09700505525518566 -0.003935322415199405 0.9999118067560724 0.012684318952757996 -4.298664942241226 -0.05461076833433877 -0.01288038351453078 0.9984246389700391 11.14622735802488
0.9983185732809999 0.00427242157993172 0.05780806739575509 0.10536857140415418 -0.0049413802100827815 0.9999224193872455 0.011434070507773668 -4.489533888488623 -0.05775473144088052 -0.011700496596327476 0.9982622347738054 11.263425091967964
0.9981316339613874 0.006531524279635341 0.060750147951717015 0.10994165044793913 -0.0071966870370583705 0.999916460892888 0.010736802649390425 -4.67985925123378 -0.06067494525141008 -0.011153942174220513 0.9980952562720222 11.37032226466409
0.9979630470686025 0.009524899028638834 0.06307957660007232 0.10984943686897594 -0.010213080641194474 0.9998916999283435 0.010596291720377534 -4.870107923837588 -0.06297181646869193 -0.011218944375524707 0.997952246160974 11.466489079133499
0.9978374700325132 0.011028560483381456 0.06479779512281017 0.10782290373324671 -0.011668165317438889 0.9998867894555923 0.009500641573720908 -5.060099452682735 -0.06468568092892125 -0.010236167537305864 0.9978531873762346 11.540178300382403
0.9977252441489608 0.010787085995333588 0.06654303843097227 0.10889856050886965 -0.011317459085729302 0.9999070842256699 0.0075985548074133605 -5.249076967528315 -0.06645488926888242 -0.008334368065288388 0.9977546221397391 11.592499754084264
0.997589880148557 0.009898740950274359 0.0686763856997955 0.11096157947157374 -0.010320785007727436 0.9999299570694491 0.005793302332297381 -5.43733907164646 -0.06861422900544746 -0.006488133991256244 0.9976221688070591 11.634380927973643
0.9974120782328263 0.009426123933106703 0.07127618384054919 0.1162104005790138 -0.00976097206018387 0.9999428942916695 0.004351043557433055 -5.625900504158293 -0.07123110008777321 -0.005035508236124971 0.9974471284419492 11.677773480765795
0.997186480733479 0.010149907318560756 0.07427046535335094 0.120872260961837 -0.010402400025414484 0.9999413524592327 0.0030135885106218592 -5.81542240148812 -0.07423552192912727 -0.003777700811965089 0.9972335815948469 11.723270794270038
0.9969699598875759 0.011174503881386449 0.0769807089131426 0.12585674629389887 -0.011300531448373655 0.9999354248621308 0.001201704944547131 -6.005156628730413 -0.07696230941668421 -0.0020679866523529073 0.997031858247497 11.772294744336417
0.9968071042844964 0.011161441794077681 0.07906338637469489 0.13382776744387012 -0.011095142659434822 0.9999376305500157 -0.001277818213332862 -6.1940608087637345 -0.07907271752838442 0.00039651872206907966 0.9968687717626528 11.817198645070928
0.9966915144355524 0.011097547814379646 0.0805162684472665 0.1424066200021352 -0.010839513920867324 0.999934621394168 -0.0036411365342012185 -6.382116135056593 -0.0805514120926757 0.0027563326738492123 0.9967466441579161 11.856413141410204
0.9966432451155307 0.010807578021454876 0.08115071301531501 0.14987007033873875 -0.010371026781740351 0.9999294036180707 -0.005799101956461664 -6.568955689587856 -0.08120765831543406 0.0049380195746046365 0.9966849713894581 11.884857974011936
0.9966557868718097 0.01056920630223461 0.08102798512288403 0.1546641498238526 -0.01000552762232041 0.9999228607457906 -0.00735948197585245 -6.7553179144027835 -0.081099518567822 0.0065241425562841595 0.9966846560733106 11.9140842483612
0.9967689950339566 0.010726206183671405 0.07960225524381297 0.15716566246505836 -0.010106557581632557 0.9999154433262393 -0.008183134579071893 -6.941907165192471 -0.07968329833060962 0.007352190054359722 0.9967931165836572 11.943153819708957
0.996999958113145 0.011343499369012976 0.07656636692733523 0.1562280699008272 -0.010662890645300141 0.9998999747125444 -0.009292111328382197 -7.128059628470683 -0.07666411341346427 0.008447815807525651 0.9970211873990493 11.982050961270264
0.997336488218418 0.011742415202458441 0.07198642200696789 0.1531239273259799 -0.011016915600026801 0.9998845272771749 -0.01046707611332741 -7.312625770040572 -0.0721010182924908 0.009646128597182193 0.9973506882557776 12.026878360517548
0.997736952517747 0.011956154178401525 0.06616663780078522 0.14959339509038197 -0.011241092013009914 0.9998744403106314 -0.011168771815030664 -7.496841898262838 -0.06629186549610035 0.010399711090384697 0.9977460772051594 12.078066723881483
0.9981492950029232 0.012315391671333387 0.05955095308345746 0.14080943190392958 -0.01160856408179447 0.9998581816638593 -0.012200729478166328 -7.680947080732195 -0.059692764428575226 0.011486848472151874 0.9981507031440959 12.128970463861117
0.9986130020139162 0.012330823280232541 0.05118616029733911 0.1301732869977849 -0.011668419638783685 0.9998445303899708 -0.013219796987528652 -7.865088776239241 -0.05134121338541261 0.012604199557683136 0.9986016292604495 12.183822127089183
0.9991161749623186 0.011658537844965592 0.04038499008272404 0.11910379041334548 -0.011085262436689343 0.9998350055246443 -0.01439022877662 -8.049101836854426 -0.040546095809263064 0.013929832118559195 0.999080564264852 12.243522762473743
0.999592157071123 0.010677076271278818 0.026486214606757954 0.10453589321517144 -0.01027132686796565 0.9998285272943543 -0.01540830466901489 -8.232944153899485 -0.02664618858803921 0.01512997193318858 0.9995304220397856 12.319708186602
0.9999006274968213 0.010425109787086101 0.009489584679489457 0.08292984488546823 -0.010262994336337901 0.9998032436598636 -0.016974831794952773 -8.418072854875565 -0.0096646820286182 0.0168757534096065 0.9998108835515566 12.418957705999366
0.999877765251799 0.011282590524038641 -0.010823941340118631 0.04995552389366407 -0.011466702407110561 0.999788009906028 -0.017101169084300157 -8.60382898189642 0.010628701283516312 0.01722319364142238 0.9997951751783043 12.540105096199765
0.9993576028443476 0.012285339310518888 -0.03366677999487579 0.008617751833973807 -0.012831807787680838 0.9997886244308551 -0.016063971101734895 -8.790120571169536 0.03346231232443397 0.01648565730211507 0.9993040061749076 12.679163063462056
0.9981705899853895 0.013300072869566356 -0.0589794994034572 -0.04100691183773688 -0.01414720086196804 0.9998023444313828 -0.013968850249065938 -8.97626235235916 0.05878205505074931 0.014777690319326763 0.9981614548122149 12.828603565096605
0.9960159048825046 0.014741927167618346 -0.08794880786269325 -0.10168624967651299 -0.015811764466132572 0.9998090801130395 -0.011480044772754845 -9.161279039355064 0.08776277870231697 0.012824933017429162 0.9960588415186861 12.992583894849403
0.9925417790941782 0.016253477545858788 -0.12081656020690443 -0.17633447571750815 -0.01737471202704244 0.999815153390769 -0.008232765766713546 -9.344209860310748 0.1206604166018818 0.01027051692265233 0.992640710603591 13.170791073842516
0.98737665464502 0.01721887798638127 -0.15745111019899938 -0.2647521041189429 -0.018128021072921427 0.9998262556161955 -0.004339750278141888 -9.524761991105274 0.1573490283223481 0.007139245155268885 0.9875172476795664 13.362146107066536
0.9802201913251621 0.01867531968558289 -0.19702692443699762 -0.3684682206513869 -0.018965028921940415 0.9998200609280533 0.00041646586005022026 -9.703459563199283 0.19699924922814083 0.003328393075329816 0.9803979893915965 13.568086755328954
0.9707550301431932 0.02070490472512997 -0.23917771295003634 -0.48591261883945286 -0.01975511995911147 0.9997845692727918 0.00636791012955621 -9.879851132505795 0.23925803369393456 -0.00145669637889258 0.9709549275576966 13.783334516109344
0.9585913957813305 0.02372322972325875 -0.2837952506746665 -0.6234542133937075 -0.02126006736915192 0.9997048506109809 0.011756751266161228 -10.054733830945727 0.2839903967909101 -0.005236414457694648 0.9588128255786782 14.002986458512263
0.9435933945887394 0.026969668615933258 -0.33000627670279997 -0.7783665846328831 -0.022631791688013887 0.9995996526542379 0.01698047168119522 -10.226532564788952 0.33033211726002176 -0.008554027605302116 0.9438260013997491 14.222927751274693
0.9257130960072895 0.030296241805030717 -0.3770111425582651 -0.9542830449920768 -0.023239218326655594 0.9994594490540446 0.023253998111081146 -10.39467597322968 0.3775118575782272 -0.012765086332463198 0.9259167618953451 14.44743039583271
0.905201409269975 0.03388852711338553 -0.4236295272826662 -1.1471044953461396 -0.02285843883524198 0.9992550899781228 0.031092715012168412 -10.560326741588609 0.42436764771794955 -0.018461659808851276 0.9053017544926315 14.683249065744164
0.8816966007884164 0.038378271758311995 -0.4702533491799883 -1.3558211348406455 -0.023257377339907147 0.9990099070765613 0.03792492534137078 -10.725251436463028 0.47124324775790744 -0.022501418171407005 0.8817162171712933 14.910700186940588
0.8549881730981329 0.043718191495007476 -0.5168016482120792 -1.5951981203848333 -0.025153073283882117 0.9987637070055545 0.042876339313162114 -10.887426128658857 0.5180372059675753 -0.023659613287786662 0.8550308040839116 15.117336279512715
0.8250314033866439 0.04717556116477096 -0.5631142422765139 -1.8372107115962804 -0.02505504781276384 0.9985830255213207 0.04694875631775818 -11.047104393415166 0.5645311576919065 -0.02462534404781129 0.8250443408845145 15.311691737075122
0.791755992597476 0.05146797511462613 -0.6086653396765619 -2.1124376952274697 -0.026649508850507018 0.9984056982793581 0.049758067901924864 -11.202961796882407 0.6102558904787497 -0.023175616084713753 0.7918652909144853 15.500263293471546
0.7550388836498586 0.05439214202681387 -0.6534200632537303 -2.3978340088477643 -0.02576239825301358 0.9982447143077021 0.053327189997090144 -11.356291321243479 0.6551737044578544 -0.023430434107534953 0.7551148467249897 15.697241363290775
0.7153103622175961 0.05751832028116076 -0.6964357318060037 -2.7093448179831134 -0.024604311568062285 0.998061896700703 0.05715836077474139 -11.508807663108342 0.6983736203182311 -0.023750646017057946 0.7153392155176309 15.898814060788245
0.6730422480501128 0.060173201473620146 -0.7371521675774033 -3.0532051900476884 -0.02250713326035508 0.9978896368747232 0.060907319514424525 -11.661036779650411 0.739261497233591 -0.0244020171798706 0.6729762107723442 16.085213136710973
0.6292751817281909 0.06073063949528212 -0.7748061274199145 -3.4219969237098025 -0.018198087289183353 0.9978202988902982 0.06343091313775769 -11.810767836685702 0.7769694815628007 -0.025815509852965865 0.629008731394934 16.280444919426397
0.5833980076954914 0.06076452902880633 -0.8099101410828469 -3.8211424722916414 -0.012536102213431807 0.9977522630099959 0.0658275610950664 -11.95781782373274 0.8120896568472137 -0.02825055168200547 0.5828484327605564 16.474240600427017
0.5345474212147808 0.06161959386402746 -0.8428891268278753 -4.246735324636296 -0.007472005262633215 0.9976440742522971 0.06819435641334862 -12.10377754916416 0.8451054511775336 -0.030155045370682997 0.5337484891114067 16.648951629497
0.48277147691067274 0.06292718762593094 -0.8734826100953452 -4.690047122084998 -0.003398415328620227 0.9975421599035077 0.06998635572950643 -12.248268794000921 0.8757397740509115 -0.030818959627698355 0.4817987545362944 16.80462068351097
0.4296020016359032 0.06377304442451846 -0.9007636310349414 -5.163892533874937 -0.000644159023236797 0.9975245314031926 0.07031638719382473 -12.390069025182463 0.9030181090374533 -0.029627825665537632 0.42857961535373373 16.929304534662503
0.3756787383056961 0.06358601510905146 -0.9245660086048967 -5.659334463949424 0.005882880117282063 0.9974597084379556 0.0709895891268033 -12.527840014424628 0.9267312864614886 -0.03210839026513385 0.3743503358727168 17.056963779929053
0.3208394452358301 0.06334737161198217 -0.9450127834535448 -6.17799500377746 0.012215701964541368 0.9974010522367189 0.07100646183691525 -12.665620246381042 0.9470548173185531 -0.03432566833926525 0.3192317676654134 17.16505199160565
0.2654452684340745 0.06288864968905493 -0.9620726725181665 -6.732068986018129 0.015873962073289758 0.9974500015737837 0.06958097217309085 -12.801759272202718 0.9639952421013589 -0.03374184495169191 0.26377009137731683 17.23935285257639
0.21027692512101664 0.06717509472419328 -0.9753312880300948 -7.308987363638457 0.01855635644700722 0.997182616224759 0.07268075078419506 -12.934671665504105 0.9774657418022699 -0.033381679824992606 0.20843796932180966 17.299999670131278
0.1566805437798445 0.0725443717899748 -0.9849814827307404 -7.910238528702608 0.023129375667887923 0.9967557629501144 0.0770907323025721 -13.066812681032978 0.9873784680567353 -0.03486062459754603 0.15449432892699644 17.33834979026207
0.10447972423572373 0.07437358623631098 -0.9917421826734883 -8.521254202511512 0.029533674306800966 0.9965280209834719 0.07784385317224499 -13.197957516509256 0.9940884011523153 -0.0374228949322771 0.10192044755259257 17.34777497553049
0.055587891588243246 0.07608417691354681 -0.9955506940041574 -9.141613414194232 0.034062001113815854 0.9963675085021646 0.07804849826427569 -13.329951793951121 0.9978726203223014 -0.03824900030816957 0.05279438972589315 17.339276359013706
0.010596492578815358 0.07482909091668027 -0.997140071152297 -9.776974327145213 0.034799489987660366 0.9965644063952718 0.07515570106542642 -13.463073394037751 0.999338135888762 -0.03549635275095482 0.007956073136537949 17.293575681380425
-0.028185725563814962 0.0713847192492573 -0.9970505437198977 -10.435559755250319 0.034706004849522507 0.9969153362573547 0.07039393128862542 -13.593263113230279 0.9990000290799925 -0.03261953697690263 -0.030576260490555066 17.22852178664874
-0.059707093691234184 0.0709758337104567 -0.9956894566038397 -11.125465599524635 0.0333918667978641 0.9970527710249428 0.06907065240197091 -13.722365085792635 0.9976572789263353 -0.029123921792673986 -0.061901138799818366 17.145165251278762
-0.08233971392287988 0.07570286189816436 -0.9937249358909754 -11.856336312673962 0.03273818061494762 0.996778127620241 0.07322278216447883 -13.850243157108345 0.9960664551329499 -0.026503603496715482 -0.08455279983872561 17.05474514629579
-0.09725527539433321 0.08210951248758573 -0.9918666439431367 -12.619789392276035 0.03440454879779628 0.9962727489647715 0.07910080083156296 -13.975160331097626 0.9946646361613506 -0.026431754183662132 -0.09971772129758127 16.957700749698375
-0.10581208307876452 0.08543853444290586 -0.9907088673807148 -13.402736668528668 0.035132121128334255 0.996001162138704 0.0821426751656645 -14.099457931546858 0.9937653330336876 -0.026114016362792866 -0.10839059465584275 16.853249107174776
-0.10968491787344399 0.08325965550884866 -0.9904731437831323 -14.189293157423679 0.03733984931544369 0.9961272941408552 0.07959993417531837 -14.220227446907076 0.9932647957338443 -0.02825320569710463 -0.11236904344009252 16.748118297069546
-0.10972792468121258 0.080266987035497 -0.9907153947211051 -14.986778085699028 0.04346937355435966 0.9961678964749046 0.0758942395413001 -14.334163949687822 0.993010672705961 -0.034738060179060955 -0.11279659155776993 16.64734396617989
-0.10640982516039198 0.078823850396976 -0.991193094062871 -15.81913017677596 0.05480661380409195 0.995802377261001 0.0733066199238862 -14.43880971115767 0.9928107494344849 -0.046523392502386796 -0.11028322518590505 16.56310279746938
-0.10199922914473683 0.07990438417671619 -0.991570192494317 -16.66201093813073 0.05668053339449814 0.9956163764618203 0.07439991972540755 -14.553134517425844 0.9931684018271999 -0.048613992948241286 -0.10608112603867759 16.469218802842065
-0.09840904317468888 0.07956563332668123 -0.9919601656391067 -17.52755666582974 0.054529341643486585 0.9957321331342922 0.07445851156017853 -14.67213148078129 0.9936509503449237 -0.046763543890015774 -0.10232770808278922 16.362244353100888
-0.09545033761159893 0.07360529300790854 -0.9927091688359937 -18.40396153571287 0.05964095576955617 0.9958937755089667 0.06810685940040632 -14.787009679581573 0.993645907476464 -0.05270530090714596 -0.09944828712231131 16.266833301840382
-0.09363630282156223 0.06461254881942771 -0.9935076553952483 -19.298889673020255 0.059162109404418836 0.996489631503862 0.059230558971819405 -14.903879067510827 0.993847114804248 -0.05323187804644574 -0.09713021957619652 16.16013133111668
-0.09413973113203926 0.05793661535947538 -0.993871752100377 -20.190886685999565 0.05313373340589715 0.9971748024501331 0.05309632504125338 -15.028874000666407 0.9941400894223802 -0.04780964295227047 -0.09695215646925087 16.040435075887324
-0.09646760428286542 0.0552976864808236 -0.9937988565065825 -21.096578282684572 0.04929003825707299 0.9974959105165414 0.05071883901855038 -15.155419196256881 0.9941149297000527 -0.04409165876491704 -0.09895166585165428 15.918095455418532
-0.10140828489709644 0.061061170673217625 -0.9929692307369062 -22.02442367371056 0.04275734141938435 0.9974598503561098 0.05697066510328339 -15.281805077677673 0.9939256358042967 -0.036679426979990555 -0.10376150600027023 15.79323323910691
-0.10689090408036672 0.06918879702635966 -0.9918604967387928 -22.96187932938825 0.037406193223290134 0.9971494616243072 0.06552654340718407 -15.400717099814399 0.993566863041146 -0.03009753392550455 -0.10917429696672877 15.654115242612374
-0.11136584505765287 0.0781527025927651 -0.9907016723676403 -23.905042513973754 0.03671074855695436 0.9965460354222352 0.07448704736134173 -15.507365691099741 0.9931011879435966 -0.028074087013997405 -0.11385023558758094 15.520047670451568
-0.11406476437785228 0.08759329870468159 -0.9896042863435136 -24.85887374085734 0.036259432020345504 0.9958089412910257 0.083963123062484 -15.607774462554419 0.9928114035993879 -0.02630525549916432 -0.11676279551354023 15.381249839272453
-0.11563204792621219 0.09570401548715608 -0.9886708101850795 -25.817884064892194 0.03824156765392726 0.9950384748197735 0.09184778784329257 -15.704821702893302 0.9925556971756094 -0.027187773869343623 -0.11871820819179033 15.249116421873163
-0.11739422029130411 0.09812187307974442 -0.9882260343997806 -26.804583656782764 0.04087584416821543 0.9947409295246453 0.09391298361769647 -15.802936990458738 0.9922438018983702 -0.02936973189806945 -0.12078765020689451 15.114362183257404
-0.11935902001698837 0.09446670676296579 -0.9883468346961714 -27.826759475622666 0.040540217087801436 0.99509676344039 0.09021597524236914 -15.876356709698392 0.9920231424412727 -0.029299704841818132 -0.12260347530606282 14.966531693433978
-0.12238132497536111 0.08835061079027728 -0.9885428573765819 -28.915064695166947 0.04087002750788663 0.9956336146199154 0.08392464650139286 -15.78351655979176 0.9916412920753044 -0.030130964336776506 -0.1254578528405312 14.808645875983192
-0.1285196434911615 0.08393271886336592 -0.9881487741940002 -30.0247257114381 0.041142803007373684 0.9960054558647371 0.07924898515672756 -15.552448883226702 0.9908531530946454 -0.03047015903926257 -0.13145949342105726 14.649493782155028
-0.13810234498824395 0.07873712328155141 -0.9872832459462133 -31.113345225002778 0.04221957645930925 0.9963968563909249 0.073558221415942 -15.335129614458282 0.9895176853762363 -0.03152411761851513 -0.1409289904030735 14.491332786681873
-0.14931335485322525 0.07698492270326324 -0.9857884376167358 -32.19080004363554 0.04242615263434719 0.9965451449576825 0.0713988489677282 -15.114707205429415 0.987879316331262 -0.031162409047472042 -0.152063672937478 14.318416753886249
-0.16125250777997469 0.07975209109148271 -0.98368553547422 -33.26846737056648 0.04295627754542103 0.9963521277145672 0.07373734344342606 -14.901421771648248 0.9859778836029284 -0.030365137331960966 -0.1640901321856417 14.125902051771366
-0.17286235620520285 0.08435622342405545 -0.9813269757714879 -34.354718450603045 0.041446097730771694 0.9960661717038746 0.07832242699301986 -14.68770214226928 0.9840735880969862 -0.027133174469944316 -0.17567858165726086 13.918692075238752
-0.18299147412405067 0.08686934191358246 -0.9792690324080539 -35.448909360151454 0.038535964782531844 0.9959567644873379 0.08114864564606684 -14.4760508951073 0.9823589465242256 -0.02288756665555678 -0.18559919039802222 13.69827293205367
-0.19099791846249747 0.08831792529897778 -0.9776091955448636 -36.54410745657567 0.0353762660101872 0.99591641828657 0.08306026481070582 -14.269891008810134 0.9809527587739226 -0.01871982526981155 -0.19334232127420606 13.463504195037391
-0.1963333400414124 0.08877244879392647 -0.9765104566379772 -37.639646155846805 0.030571063713524076 0.9959633527632051 0.08439437194563153 -14.074070078302343 0.980060523463529 -0.013283534462018949 -0.19825467979492895 13.224735492113874
-0.19923933749893816 0.08962200903775225 -0.9758440356373652 -38.737974855457246 0.026184351230212257 0.9959404863997788 0.08612158440497761 -13.889408785228698 0.9796009729188905 -0.008393035553829871 -0.20077721686126465 12.981381126196167
-0.2009445533539839 0.08881812069666431 -0.9755678489542788 -39.840611947680344 0.024688333193218667 0.9960240634200718 0.08559527610977448 -13.713600845171626 0.9792914646220033 -0.006885239580485252 -0.2023383819111219 12.739522372420218
-0.2024417416818772 0.08716876273317117 -0.9754070678585296 -40.938526770785614 0.024389463352143568 0.9961704037449111 0.08396237717033991 -13.543717705245957 0.9789905491383472 -0.006792165064843083 -0.20379247089019167 12.496579042475377
-0.20371442996576375 0.0861141933854372 -0.9752357544313566 -42.029690155913855 0.023394994948614904 0.9962678615538885 0.08308442842190904 -13.37992214268285 0.9787507881146651 -0.005890138573629687 -0.2049687806289179 12.25053121456544
-0.2050111106750986 0.08485842150590121 -0.9750740960559291 -43.114177278143934 0.021002731475614433 0.9963864889205009 0.08229732661052196 -13.225623629354743 0.9785342762368243 -0.0036073530742756505 -0.20605255939558742 11.997086436253392
-0.20614765927416034 0.08197765173461732 -0.9750809234068014 -44.19654496835886 0.016511739726348527 0.99663406488286 0.08029883664335262 -13.079058773359222 0.9783815743496982 0.0004531347970446833 -0.2068073732773132 11.731579311604886
-0.20675445177911278 0.07608466127511915 -0.9754300184985939 -45.28502780663396 0.01139491595363315 0.9970913601091034 0.07535897747573005 -12.942169548505158 0.9783265061112922 0.004465860995186826 -0.20702005585363892 11.454484813259715
-0.20654849443537573 0.07427349955865904 -0.9756132259813762 -46.3873735096303 0.009182778905336125 0.9972178797336033 0.07397416380866928 -12.808461367615235 0.9783932726762054 0.006320411610487853 -0.20665588880798683 11.174026715912314
-0.20465013322953785 0.07792821364762502 -0.9757281980586708 -47.50646267953983 0.007647989830323031 0.9969227045778951 0.07801685297837757 -12.677812171863401 0.9788053081285817 0.008503800020262173 -0.20461635849689042 10.892522849794883
-0.20177994235330876 0.08163373949328975 -0.9760229441156778 -48.628447438833184 0.006091771618767424 0.9966058181748078 0.08209587991285792 -12.546956465746224 0.9794119384520695 0.010619593046030993 -0.20159235863766461 10.604325797630995
-0.19896082260185757 0.0810131636377068 -0.9766531924828796 -49.74134838632035 0.008904505985708747 0.9966856237772845 0.08086085040880428 -12.418277435430028 0.9799669896699291 0.007391527115196157 -0.19902277378270794 10.328489310244576
-0.1965550765313849 0.080018964799072 -0.9772221176182131 -50.844423638315256 0.009609659798256008 0.9967736080542833 0.0796870674890684 -12.295895653982097 0.9804456926971037 0.006272125551233193 -0.19668986784470271 10.052226425450204
-0.1932279362310758 0.07990668699135502 -0.9778946190842566 -51.93888051481103 0.0053214851966145935 0.9967488121813735 0.08039581587572062 -12.179142023340207 0.9811394633053865 0.010330865843973186 -0.19302493817051866 9.76561824054463
-0.18920010051153793 0.07955702635897031 -0.9787103767322284 -53.023007270291345 -0.00020159405335886098 0.9967092776002877 0.08105908527333383 -12.065114454057893 0.9819385323564107 0.015533689272997989 -0.1885614572793406 9.472846356216804
-0.18482520319353393 0.07860251627264948 -0.9796230339779048 -54.10333953164637 -0.004172822307918311 0.9967246799951349 0.08076199503839446 -11.950319947651248 0.9827625510867086 0.019014644992820136 -0.1838918471747506 9.18122862029836
-0.18037910149310987 0.0775606405459666 -0.9805344087703584 -55.18593428729125 -0.006104728266736765 0.9967786896304478 0.07996859503202247 -11.835686324624236 0.9835782185659298 0.02041055944127109 -0.17932455778829315 8.894195079116418
-0.1755878420346042 0.0762481163211516 -0.9815065636495283 -56.285188170462476 -0.005172675636100392 0.9969109085680593 0.0783701716520326 -11.72393226288378 0.9844501780975993 0.018837864408724526 -0.17465102836262988 8.62211496179229
-0.17037326833582245 0.0760815462514002 -0.9824380630638069 -57.40098290626675 -0.003932172442519829 0.9969543899836302 0.0778876261818843 -11.615924513389539 0.9853717508922469 0.017133085313588536 -0.16955521204370388 8.365114556309672
-0.1655665687478971 0.07646251291224351 -0.9832299809465695 -58.51920762685034 -0.0037730541010987423 0.996933411389195 0.07816352933850253 -11.51057701494183 0.98619139895651 0.016651047265735214 -0.1647703469959216 8.12153544503629
-0.16125343414854146 0.0775615814157064 -0.9838605241921211 -59.63376666840179 -0.0025632605254719224 0.9968707386160943 0.07900734261117526 -11.403967128183172 0.9869097018829943 0.015262096163234248 -0.1605500194641029 7.890468975850765
-0.1570137092184988 0.07839872382602858 -0.9844797281914429 -60.74137579658189 -0.0037834361223692244 0.9967890962681359 0.07998239288780426 -11.294876386826472 0.9875891760892059 0.016283048344865235 -0.15621293674994496 7.664775796758826
-0.15258847006071175 0.07806737370982196 -0.9852016260474709 -61.85384543294636 -0.003661674474462251 0.9968237184616492 0.07955543006188866 -11.186334063138768 0.9882830318003917 0.01574672900446234 -0.15181794881069186 7.448680084443962
-0.1486193709728609 0.07314844655554488 -0.986185371691418 -62.96567258479199 -0.0028636877673410607 0.9972244562675889 0.07439881124172174 -11.083246438827384 0.9888903285319368 0.013881231513116772 -0.14799739709764187 7.244167963809279
-0.1451884031494075 0.06761837632416487 -0.987090716587998 -64.08547526759207 -0.002168099477075139 0.9976377770607453 0.06865977807967819 -10.985928834086979 0.989401650966675 0.012108714406441385 -0.1446988324066258 7.046868395699988
-0.1424424284050525 0.06622805472258254 -0.9875849327312222 -65.22072371092737 -0.0019106434392466315 0.9977387359796088 0.06718455304204014 -10.889932009111705 0.9898012447111384 0.011456853559038045 -0.14199379026847397 6.849831884248518
-0.14001370609953087 0.06902863771111604 -0.987740456435809 -66.37516672412059 -0.0020497424725551506 0.9975445797411623 0.07000435689885706 -10.792213644987308 0.990147443899175 0.011826183017940785 -0.13952842267852075 6.638813776810585
-0.13812157876910078 0.06904186278457518 -0.9880058960661954 -67.54119624065068 -0.002087912033946219 0.9975447833801593 0.07000032695900812 -10.695128343580754 0.9904130805384534 0.011731425073937932 -0.13763830703719498 6.421897751538435
-0.13689320093276458 0.06868386302397053 -0.9882017903740535 -68.7222786027288 -0.004312821211363525 0.9975425409901578 0.06993052615343687 -10.599831939394743 0.9905764236602747 0.013834951210689072 -0.1362605702814188 6.199143788187542
-0.13614939437196574 0.06918957888685105 -0.9882692672473458 -69.91115211411147 -0.005755035148062785 0.9974861436553246 0.07062770551328872 -10.507517721338822 0.9906716014818385 0.015303443700274593 -0.13540894589472732 5.983699631435393
-0.13579637618328727 0.0686019460179345 -0.9883587998384179 -71.10097059542804 -0.007159729414826668 0.9975057953960469 0.07022055558029053 -10.417101649911881 0.9907108975327731 0.01661207855298653 -0.1349665008657925 5.782368964539948
-0.13540671567814802 0.0665278478262849 -0.9885540282720304 -72.28112681795149 -0.007379776100223491 0.9976477453513715 0.06815067938057572 -10.331792025529221 0.9907626154906972 0.016523367057779886 -0.13459724398035153 5.596447581278215
-0.135493090281222 0.06567811999707891 -0.9885990122591122 -73.46753173541443 -0.005213407005014185 0.9977393622469404 0.06699989112279864 -10.253088098950096 0.9907645748983177 0.014231991312395215 -0.13484438271518534 5.4222202955216385
-0.13576327337860475 0.06587251030064244 -0.9885490104128456 -74.65221799143434 -0.0013029243888007013 0.9977744840793227 0.06666619314372592 -10.18041961747268 0.9907404483463682 0.010338825220074274 -0.13537530315203591 5.254902158603869
-0.13598144875117193 0.06643026320324662 -0.9884816972135994 -75.83068160597544 0.0008530185420641079 0.9977568896196023 0.0669362500890332 -10.110094852913944 0.9907110163690008 0.008258895044863346 -0.13573309359820399 5.0877282257883305
-0.13549672854178257 0.06861680222508697 -0.9883988926576538 -77.00020639462335 0.0012566150772204618 0.9976100553258122 0.06908399547924261 -10.037312377303017 0.9907769968428927 0.008118618431211104 -0.1352591237652617 4.91843516180013
-0.1347093613807533 0.07229035173993958 -0.9882446524022803 -78.16776910610172 -0.0009743146226703777 0.9973250639340123 0.07308739672496585 -9.961526614379848 0.9908846747565554 0.01080841775341331 -0.13427858890479227 4.741079946810525
-0.1344405892479961 0.0722038659163415 -0.9882875743979508 -79.3299212291585 -0.0033113809751430384 0.9973034820114342 0.07331302424470436 -9.884938726763583 0.9909161229481979 0.013128842850842367 -0.13383897327276906 4.561416569125087
-0.13425782243948622 0.06989861118738044 -0.9884781339351323 -80.49809079749954 -0.0036608945544214654 0.9974673546426869 0.07103150197750258 -9.808531644010758 0.9909396727171981 0.013155248997793426 -0.1336619035437451 4.386212547662358
-0.1343758100878528 0.06766758001286506 -0.9886173376379935 -81.68285432389082 -0.0033622352476185453 0.9976288469495519 0.06874139297574279 -9.735070202612743 0.9909247383315103 0.012561144426696185 -0.13382967015321698 4.214090766386925
-0.13524688151316425 0.06698261190342945 -0.9885451991404122 -82.88772439087134 -0.0018888849556667647 0.9976930052873998 0.06786088206189828 -9.663008104059957 0.9908101297194067 0.011045220830257345 -0.13480834522470278 4.046419971835661
-0.1358130361797087 0.06889637523382794 -0.9883360302464376 -84.10767102223075 -0.0003591445602082559 0.9975756255618363 0.06958981462896659 -9.591173483475243 0.990734419619523 0.00980615952086394 -0.13545903076804267 3.874948095323237
-0.13536514117213003 0.07206825028722495 -0.9881712634234946 -85.3292840198278 -0.0003547523908382837 0.9973475126102521 0.07278607862003718 -9.518348932428394 0.9907957169397685 0.010203253926024313 -0.13498052045806735 3.698819990441611
-0.13400131454007763 0.07457959734623087 -0.988170800702593 -86.55283508859063 -0.0011973434033666376 0.9971511572115546 0.075419732434093 -9.441426983353663 0.9909804307201556 0.011289523078050223 -0.13353026847260044 3.5177338373217433
-0.13292428711492496 0.07469339522970464 -0.9883076598934396 -87.77619045352478 -0.0030056707743533854 0.9971212661268717 0.07576375505964868 -9.361216142966352 0.9911216372565905 0.01304137057986494 -0.1323171297119674 3.3331708324831473
-0.13221160735481433 0.07233264239577425 -0.9885788181650972 -88.98838208881335 -0.002439887085230543 0.9973071296124787 0.07329758642089071 -9.282730289478978 0.9912185116469865 0.012102812407107918 -0.13167909515246068 3.153133213672734
-0.1321494612712021 0.07072412970773277 -0.9887035032621325 -90.18219509906665 -0.001224550662726349 0.9974389399322926 0.07151266728641079 -9.209920261461727 0.9912290453580368 0.010661077986125457 -0.13172441328306778 2.9777854157854193
-0.13219276498620866 0.07149462489702253 -0.9886422970398008 -91.36446091992106 0.000607810751109387 0.9974010707675686 0.07204675286087932 -9.140541980511502 0.9912238412444443 0.008923152051815451 -0.13189266054662976 2.8037320395766314
-0.13186831204656924 0.0744773213509741 -0.9884654151169736 -92.54608826935673 0.0025642632962889654 0.9971957816249037 0.07479303218377191 -9.069795257995604 0.9912639269295214 0.007328145323283285 -0.1316895039643823 2.6290716676046824
-0.13142909774535705 0.07695301292208856 -0.988334268386993 -93.71947494972783 0.003473603328003702 0.99701214875944 0.07716676296179664 -8.995833584453262 0.9913194875244613 0.006708876828149654 -0.13130371139439978 2.4525875353304905
-0.1309402503960884 0.07898104080286304 -0.9882391643827444 -94.89659392909763 0.0037528137925157074 0.9968538830062484 0.07917229517957501 -8.916795974545405 0.9913831586298246 0.0066581625888468615 -0.13082469818842418 2.2741256671688537
-0.1304826543651417 0.08103671295616571 -0.9881332542036452 -96.06634524296759 0.0016225945044610062 0.9966701756693517 0.08152256201994654 -8.834903911860403 0.991449264509738 0.009033940695063561 -0.13017965977301213 2.0917681204042218
-0.13041822644042758 0.08005943888501454 -0.9882214187405315 -97.22867608676066 -0.0007728099679657082 0.9967259471353265 0.0808504116992477 -8.749985835035453 0.9914587681678376 0.011308074663754233 -0.12992935954014542 1.9112427613027878
-0.13046282514429777 0.07597912126893372 -0.9885376191053975 -98.3782543349829 -0.0033247860973541162 0.997020149929343 0.07706988018853586 -8.66099087407368 0.9914476269842872 0.013341430435642156 -0.12982145115949018 1.7343646799099735
-0.1308553247385565 0.0742531970288171 -0.988616885713857 -99.53019096694347 -0.004611157005618783 0.9971348892256852 0.07550331065554762 -8.570217027874904 0.9913907510253642 0.014438677913100328 -0.13013801658810342 1.5612630861902559
-0.13083919442269887 0.0723316085162515 -0.9887614695224878 -100.6912166511927 -0.004158415859398994 0.9972861428721725 0.07350548831674307 -8.479956211721689 0.9913948823654269 0.01372908025303479 -0.13018333063432666 1.3929503824838307
-0.13115486976677196 0.07183925028789052 -0.9887555422117913 -101.8519477652745 -0.0027687355991460167 0.9973405069017651 0.07283026428697122 -8.39220739716943 0.9913580252560837 0.012289646496212055 -0.13060716040614015 1.2258266763305614
-0.13171996888796314 0.0735481394359749 -0.988554763774703 -103.0085413058714 -0.0021838148752468837 0.9972198325790103 0.07448380000831832 -8.307943395990419 0.9912845609353268 0.011969824417880377 -0.1311931498008209 1.0594437925477267
-0.13229205972426733 0.07655213573973621 -0.988250262558829 -104.16664561009968 -0.0006169048542200288 0.9970066789864561 0.07731300980298536 -8.222541540376445 0.9912105883021582 0.010837553694476218 -0.13184884173783173 0.8939295399294463
-0.13319299948587654 0.07501402888557479 -0.9882471959779637 -105.32909260475328 -0.0032639256696774294 0.9970929114436639 0.07612537512563587 -8.134107240939501 0.9910847449523057 0.013364932440910252 -0.13256095542682234 0.7263097718836419
-0.13385692886354095 0.07545064359302793 -0.988124244706412 -106.49788767479795 -0.007386872833721419 0.9969937904638848 0.07712856725099804 -8.042588192893241 0.9909731362176061 0.01762334127942703 -0.13289718257807295 0.5544541907281256
