0.9999408412096796 -0.0026243949902109093 0.010555881384967564 0.019270057973922727 0.002609339389486688 0.999995559158431 0.0014397955991923108 -0.009559833621412515 -0.01055961310032816 -0.001412166545537809 0.999943248568047 0.3571984366798401
0.9998489733572865 -0.00458727392055833 0.01676267861523253 0.034767156953302944 0.0045611372522449695 0.9999883225544284 0.0015971166979043198 -0.016982879706116807 -0.016769809281741748 -0.0015204186128520668 0.9998582208612857 0.7098515087598626
0.9997902118985671 -0.007033750814052644 0.01923690571021851 0.049764187737806505 0.007024924038201057 0.9999751863735115 0.0005263834327253073 -0.022229836063958945 -0.019240130822723855 -0.0003911352024000088 0.9998148150428547 1.0570791003013857
0.9998561109739783 -0.008262472987530283 0.014815157377557363 0.057740387126308065 0.008281035142892091 0.9999650011748068 -0.0011920077308899563 -0.026634909698497446 -0.014804789932776685 0.001314521052949578 0.9998895390139092 1.406099942668098
0.999946493367493 -0.009468239360547394 0.0041668747839818335 0.05915712691701408 0.009482934341572036 0.9999488365748007 -0.0035211062147662894 -0.030710717262114245 -0.004133322915940185 0.0035604320122160906 0.9999851193720629 1.7562279951693962
0.999904931686204 -0.007984878270170581 -0.011241410437223109 0.04884580626615798 0.007941015929808259 0.9999607032344144 -0.003941097935565707 -0.03738080856125163 0.011272437873418625 0.003851455042674967 0.9999290467020368 2.1290720909700296
0.9995784745095129 -0.003009235820561823 -0.028875903397318572 0.024984367926206025 0.002904014718429127 0.9999889931156809 -0.003685152100231156 -0.04770061882922459 0.02888667505529451 0.003599742666210836 0.9995762111299902 2.521722208518665
0.9988569076644668 0.0007981516665751722 -0.04779373353166752 -0.0035967802691793116 -0.001042814140324113 0.9999864796331334 -0.005094417493870258 -0.057200612093060835 0.04778902122504329 0.005138434085424714 0.9988442350764718 2.9241821785628512
0.9977288947301539 0.0017733339626436842 -0.06733429963400743 -0.0377165623904263 -0.0021683323667504423 0.9999808660988568 -0.005793597408141241 -0.06555422589838816 0.06732273728312495 0.005926442679825136 0.9977136494615427 3.3271423927621813
0.9961914597096027 0.0014562695891253967 -0.08718058775057098 -0.07978860298974357 -0.0019243275099215882 0.9999841825823564 -0.005285030627291376 -0.07387047441601004 0.08717151234942398 0.00543266637855091 0.9961785048728634 3.729844189700317
0.9942640583193287 0.0010503490282111347 -0.106948020558108 -0.13327873571163756 -0.0015308720158568173 0.9999890994593694 -0.004411053537527611 -0.08243604964214298 0.10694222162106798 0.004549475723509721 0.9942548282534975 4.140879592133054
0.9920972360419082 0.001990462568119979 -0.12545561883299966 -0.2019169408641901 -0.0024413215929668937 0.9999911026901652 -0.0034401292690492734 -0.09126926534318723 0.1254476551669488 0.0037192202506666815 0.9920932684046605 4.566152636384753
0.9899361672525079 0.0032548150449024514 -0.14147717464113352 -0.2804518294923919 -0.003699652932107775 0.9999890052217476 -0.0028813198021271384 -0.09966317172272579 0.1414662409679294 0.003375739125533889 0.9899373248098894 5.009905418927173
0.9878336783517248 0.00396046857340016 -0.15546362469330147 -0.365701578601041 -0.004466422788405634 0.9999858050110311 -0.0029053130495530098 -0.10750822544337127 0.1554499114878352 0.003564332352601521 0.9878373451906466 5.467572586158062
0.9858257947159579 0.002505211102037383 -0.16775346908479546 -0.4520700680148676 -0.003198872346291925 0.9999874147815329 -0.0038649054657824075 -0.11563064757984001 0.1677416754666572 0.004346745435556883 0.9858214017334769 5.933305122947283
0.983903283865956 -0.001073867007768058 -0.17869855849288996 -0.53944092368567 -9.569505783282948e-06 0.9999816261319721 -0.006061955697788295 -0.12386265470564499 0.17870178484338586 0.00596608817459281 0.9838851954804897 6.414815794878138
0.9821851124178546 -0.0013258660476258557 -0.18791127433964502 -0.6377396499943604 -0.0001293702884740432 0.99997010083611 -0.007731797795389053 -0.13299698531282284 0.18791590727784085 0.007618366822625164 0.9821555743765353 6.907821583510778
0.9805193394124896 -0.000979359660727852 -0.19642012598700015 -0.7454848981818215 -0.0008574073759364327 0.9999567024466816 -0.009265963768049777 -0.14335015309937515 0.19642069618725466 0.009253868737671849 0.9804760456139151 7.4198156449885495
0.9789014243654995 -0.002355776727204939 -0.20431948436506647 -0.856102840380303 -0.00011326243017370518 0.9999271282974331 -0.01207167206609204 -0.15463792450812605 0.204333033420485 0.011840118701301743 0.978829823331064 7.946449487392831
0.9771464462564488 -0.007021660809852263 -0.2124512152186084 -0.9692979372868505 0.004312121484626787 0.9999033883943779 -0.01321436664181645 -0.16717048178259789 0.2125234767659657 0.011996255954001481 0.9770823208237842 8.491026599357554
0.9751973396174973 -0.013956560567960248 -0.22089672523617812 -1.0831440734211877 0.011050261998340312 0.9998354370496255 -0.014387165445392508 -0.18156033472317437 0.22106116916528515 0.011589358778548404 0.9751910819169645 9.041585928276163
0.9731756132459407 -0.015143824216568309 -0.22956456689019758 -1.2122874325292503 0.011839839168192689 0.9998056533067803 -0.015763052504965687 -0.19751108386155009 0.22975866467199385 0.012622210737452198 0.9731657802267003 9.595181169803682
0.9712193253278143 -0.011316801544902114 -0.23791795248063438 -1.3561285210895309 0.00670089234747664 0.9997734813500887 -0.020201089843674067 -0.2165435027600257 0.23809267135200043 0.018025426261754903 0.9710751587063438 10.15420674528353
0.9692422848137822 -0.009059911988645898 -0.2459416827699527 -1.5063110379257978 0.0034476224836981063 0.9997239563613032 -0.023240588988104938 -0.23896673297777465 0.24608434982373023 0.021677847496052626 0.969005966802976 10.72494543430775
0.9672018231080949 -0.01244710645824812 -0.25370396708998 -1.6505951857797445 0.006508747015988652 0.9996851582461648 -0.024232634908805284 -0.2642457313226901 0.2539257166745002 0.021786553723767945 0.9669783226568128 11.300644442572365
0.9650882199189738 -0.01571513462214793 -0.2614531742347628 -1.796934566029688 0.009113594780700226 0.9996087828595316 -0.02644283684214272 -0.2902940919622803 0.261766442012338 0.02313689205348794 0.9648538822341478 11.873569581381808
0.9628571356199197 -0.015714453709697585 -0.2695536909975607 -1.9563055031206131 0.008219104673532436 0.9995481484782974 -0.02891271678646361 -0.31594474263188693 0.26988624030166536 0.025623325666558356 0.9625512258979351 12.449873480945637
0.9606006357368662 -0.014880602696195193 -0.27753375701944044 -2.1287079770398076 0.006057497402129821 0.9994494199073611 -0.032621523141380254 -0.342293104674827 0.2778663803830019 0.02965509585616618 0.9601618873620276 13.046600257865487
0.9584082032509892 -0.01579265610808876 -0.2849636958531062 -2.309960325936303 0.005253428293995839 0.9992748767889823 -0.03771103432054103 -0.36921447253535494 0.28535261945945045 0.03464552830332979 0.9577962048036176 13.665984962644595
0.956505869075511 -0.01723024718525419 -0.291203779175401 -2.4993852660825935 0.004280803503179459 0.9989756769093455 -0.04504743793916606 -0.3970552338512494 0.2916816709110601 0.04184155261759403 0.9555998573299817 14.301215878811192
0.9550738134284945 -0.017726381959781393 -0.2958374321916829 -2.6978402768574496 0.002066431841155394 0.9985836960887646 -0.05316325578017752 -0.42737468645270593 0.296360828657565 0.05016350554256205 0.9537577690111273 14.946431973125382
0.954021259481523 -0.01757690745514665 -0.2992231421223982 -2.900891054460104 -0.000999787775983213 0.9980869946004339 -0.06181708205566775 -0.4623044970509904 0.2997372797662827 0.05927397012000607 0.9521786384836207 15.592054378665264
0.9529189319428851 -0.01693859806426018 -0.3027517019612736 -3.1097620263629557 -0.004632966703511933 0.9975086610426046 -0.07039180893054926 -0.5039760498308367 0.3031897834102507 0.06848032593824481 0.9504664119236601 16.243278118003815
0.9516544795872413 -0.017052650312958 -0.3066968513024552 -3.3243205109579614 -0.0072435518095910496 0.9969343415154172 -0.07790667278483979 -0.5538010008923114 0.3070851387461111 0.07636180867767799 0.9486135102014703 16.900087222375294
0.9501610870495412 -0.014984619736490012 -0.31139905238806737 -3.5506794082108066 -0.011840015576064105 0.9963892040547578 -0.08407358725714699 -0.6116006323327756 0.31153446468728346 0.08357042069105156 0.9465528311180142 17.565490747965157
0.9484792997989806 -0.014425901399270042 -0.31651052308201916 -3.7814568950480316 -0.014882637162251213 0.99583178992041 -0.08998640616787375 -0.6748533521278821 0.31648937575206504 0.09006075478659557 0.9443111433650122 18.23241711935418
0.946833137069177 -0.012183409304440677 -0.32149428468553026 -4.021818219626009 -0.019487358066035087 0.9952760636292755 -0.09510941090250288 -0.7428868689681511 0.3211343230228539 0.09631781613146895 0.942122935116388 18.906338619904293
0.9452258737626332 -0.00929518144554915 -0.32628461068760245 -4.272397728284363 -0.02421914229505834 0.9948420589852165 -0.0985023391628214 -0.8158552153597568 0.3255172510269739 0.10100929301777187 0.9401253331380299 19.59186732228181
0.9434802376892837 -0.00828402959213038 -0.33132524193530544 -4.5303826619687015 -0.026171363030156405 0.9947037477220994 -0.09939574450022652 -0.8934961911787238 0.3303938571567515 0.1024491538341203 0.9382665239854593 20.29782220438854
0.9414274599039602 -0.008858809066187585 -0.33709918309112796 -4.796302791080064 -0.02608468217681822 0.9947465858696073 -0.09898898553119376 -0.9745480281124715 0.33620518600180976 0.10198407426009873 0.9362506723644042 21.021690915191332
0.9390051655986046 -0.00873746270981653 -0.34379202393966507 -5.072224406660998 -0.026387621657582478 0.9948995189813565 -0.09735831014311044 -1.057739711213345 0.3428891838515661 0.10049180999494614 0.9339852267148268 21.75637173560999
0.9361897826512091 -0.009611672704228823 -0.3513634964069377 -5.356388162027457 -0.02563562862148548 0.9950967757524931 -0.09552602489465443 -1.1421674714560175 0.35055884727768993 0.09843791258869543 0.9313530329367684 22.497712095971092
0.9330530953321177 -0.00964340895902043 -0.359609407489296 -5.651900003348274 -0.025535284258214903 0.9953436476738815 -0.09294607196167468 -1.2280883058430456 0.3588312563713001 0.09590634858496973 0.9284622241922889 23.24722968874483
0.9297015285138298 -0.007644155720630673 -0.3682344833966078 -5.964266865169145 -0.026200372318288395 0.9958791726115903 -0.0868228889685091 -1.3158564922846825 0.3673807403354605 0.09036725314943317 0.9256701092661438 24.005917552846533
0.9262119857102249 -0.0042320761644502655 -0.37697937219171523 -6.290162764492652 -0.028479991318544978 0.9962942660425507 -0.08115802822414758 -1.4027895969543094 0.37592585388772765 0.08590590772510481 0.9226591610105586 24.769804918240755
0.9227873351839107 -0.0003306492561513689 -0.38530951804392993 -6.627136309584041 -0.03164341475401514 0.9965566672405556 -0.07663878444431758 -1.4860415332298205 0.3840081097149924 0.08291380855723973 0.9195994084511206 25.53356372764548
0.919166286532351 0.000594178936504406 -0.39386924816964136 -6.968904195941923 -0.03261684498074145 0.9966789431431488 -0.07461384401408953 -1.5653890893335654 0.39251685202781994 0.08142930213656516 0.9161330632761389 26.30030129482165
0.9152782987871542 0.00029107936260513827 -0.4028219843083253 -7.3201781501372265 -0.03275925668809111 0.9967412130354377 -0.07371421394743727 -1.6428827987428796 0.40148781659041144 0.08066516912180537 0.9123051373416757 27.076524909095742
0.9112717494021522 0.00027962382663951406 -0.41180544016811604 -7.684078026419952 -0.03299134898839768 0.9968350577652245 -0.07232868381304952 -1.7193934737655767 0.410481874914674 0.07949710322217982 0.9083968521223613 27.864869168939666
0.9074049418650261 0.0016386507564712187 -0.4202541924866733 -8.063981921912022 -0.034350713651815586 0.9969355267652525 -0.07028217373488212 -1.7954844411026634 0.4188511668248504 0.0782104231991331 0.9046805125305137 28.66590973601865
0.9038835255768806 0.0004142830928753002 -0.4277784479847328 -8.451985631949478 -0.03279522632959325 0.9971236257985718 -0.06832970074792741 -1.8695828663924696 0.42651968925326145 0.0757911818342313 0.9012972048306103 29.47662318852816
0.900462873934925 0.0003642901724450108 -0.434932730381981 -8.851971294803334 -0.031492378891708674 0.9974293963962397 -0.06436481396209136 -1.9419384924839724 0.4337912432686902 0.07165519169818628 0.8981596131902723 30.296384063802062
0.8970073959896706 0.001998788458084208 -0.4420110138724256 -9.26441594228475 -0.031164673856408386 0.9977871579322228 -0.058732874686687066 -2.012576571458248 0.44091551871447404 0.06645895206996735 0.895084751879121 31.121512412125227
0.8934248637678531 0.0020770046909031215 -0.44920785706942684 -9.684089895702474 -0.02955183314819791 0.9980948532016939 -0.05416043915877603 -2.079864409719883 0.4482395586725629 0.06166319861801181 0.8917841375451916 31.951499490473832
0.8899877399423521 0.001132166305674794 -0.4559830489741479 -10.110501367435266 -0.027854697960569504 0.9982643591664083 -0.05188819730542495 -2.14302787865161 0.4551328801062713 0.05888112955385246 0.8884745770299972 32.78092579335403
0.8867646308199189 1.9450647871902893e-05 -0.462221255621683 -10.544187948076207 -0.026523001085053326 0.9983544581906656 -0.050841973056384875 -2.2027067327354253 0.4614596623110793 0.05734435833189 0.8853059384344194 33.61018622114757
0.8837201400838699 0.00029323839790502244 -0.46801562796704493 -10.987370200360349 -0.026268023099893206 0.9984545541728691 -0.04897442407912769 -2.261172883410469 0.46727797398611576 0.055573530234282936 0.8823621012740347 34.44124678498297
0.8809629101033158 -0.0010854094984847043 -0.47318407930584216 -11.436721596399599 -0.02427463296628126 0.9985769690347939 -0.047484514398255295 -2.3193051707850296 0.47256226385170613 0.053318465839766835 0.8796829246858459 35.27882741651715
0.8785071142687388 -0.002331133355390841 -0.4777235769736429 -11.89560219907076 -0.023155606153597942 0.9986049599143132 -0.0474547356772105 -2.377725345452155 0.4771677567510953 0.05275130189686168 0.877227582822903 36.1254629650836
0.8765652655886773 -0.003030060728185783 -0.48127347100732115 -12.366782870567018 -0.02291101337262885 0.9985837776459463 -0.04801587746352424 -2.4373681349611402 0.48073737178389897 0.05311551331142775 0.8752544325028995 36.98894952363849
0.8753455150330306 -0.0031348390917153557 -0.483487747616656 -12.848717835333595 -0.022987277390862093 0.9985783319160799 -0.04809262007685406 -2.499404236138364 0.4829511511423428 0.053211726260008876 0.8740290028361276 37.87494691495042
0.8750051370517169 -0.0031707118528811443 -0.48410325006082344 -13.336301229265363 -0.022526970219338825 0.998628685152357 -0.047257642806359614 -2.563806096127601 0.483589232454408 0.05225605971772508 0.8737338029840288 38.77730423406991
0.8747999699043717 -0.0029522783009672867 -0.48447527976992194 -13.829656321151022 -0.021901787342235197 0.9987181379665323 -0.045633240164161794 -2.629534129337868 0.4839889713273705 0.05053083167233843 0.8736139368645484 39.69130094832927
0.8743374304400371 -0.003853281364382956 -0.4853032144486994 -14.326487777440843 -0.020481825876942254 0.998784599831174 -0.04483099317247142 -2.694352211848585 0.4848861232704647 0.04913731131035213 0.8731958383415078 40.60513218534844
0.8733472618166538 -0.00579895912344933 -0.4870635814248872 -14.82954386175342 -0.01870239490704626 0.9987925932737367 -0.045426600646168463 -2.7583867743679455 0.48673892458082124 0.04878245273261839 0.872184322034795 41.5221901942799
0.8718601743462676 -0.007892925367802985 -0.48969126816600905 -15.342153171389166 -0.016781267149956255 0.9988015482924089 -0.04597669193765904 -2.822310284098232 0.4894672874276053 0.04830288664072671 0.8706828387423486 42.444295835272214
0.869936433339558 -0.00838918318577829 -0.49309251013772687 -15.864500090717216 -0.015460062756249416 0.9988999698378045 -0.044270043117300456 -2.8862942617784473 0.4929214830051759 0.04613536456461861 0.8688497797251649 43.37101610828629
0.8674536827752143 -0.007790718654574726 -0.49745694581799055 -16.395608132412626 -0.01431803180090291 0.9990723178314332 -0.040614008768864444 -2.9494660219127633 0.4973118761954781 0.042353375848618334 0.8665374137041971 44.297795521817314
0.8642684577039508 -0.007565089234773602 -0.5029739580166198 -16.930665281644686 -0.012330061625228591 0.9992678937637618 -0.03621665463919738 -3.0099444034827405 0.5028797098694207 0.03750261214644582 0.8635424433598156 45.21741634820348
0.8601109646120938 -0.007502137147891442 -0.5100518076551321 -17.471074623830862 -0.011250951611667701 0.9993696068789271 -0.03367202005363333 -3.0683811256767783 0.5099828866166841 0.034700241856139874 0.8594843503946068 46.12744684110637
0.8547014056940584 -0.010781149898259335 -0.5190079709517688 -18.016745015814376 -0.009415671495550554 0.9992978968135079 -0.036263736078749505 -3.125587535666981 0.5190345385760843 0.03588147476027965 0.8539998053478338 47.02850227621168
0.847879991267643 -0.014941669372412765 -0.529977609833045 -18.57585683474623 -0.007497328785191176 0.999164972415769 -0.0401640132268162 -3.1820103479548583 0.5301351813161137 0.038027679573734534 0.847059965478931 47.92365339744484
0.840917851595147 -0.015047394906822763 -0.540953549554045 -19.157732223671708 -0.007735650021133676 0.9991769775029845 -0.03981868087660015 -3.238357843442976 0.5411075000287403 0.03766886691314346 0.8401093559044118 48.81550983581866
0.8347852415892906 -0.011501763635009035 -0.5504555475767269 -19.762469176756557 -0.008947788542395509 0.9993663187368325 -0.034451386831214174 -3.2925703862514 0.5505029859182515 0.03368486912068633 0.8341533384740546 49.70712745662754
0.8297555368038466 -0.006508482227489885 -0.558089050960915 -20.384310456764606 -0.01192859079992603 0.9994968004065654 -0.02939140518191946 -3.344878746290003 0.5579995142156383 0.031044897102974787 0.8292603671338552 50.59939847782593
0.8252952528746424 -0.006391310754179293 -0.5646652961971574 -21.00859941046154 -0.013179458349945323 0.9994455781305369 -0.030575124413814582 -3.3961833671058717 0.564547648529495 0.03267548778766275 0.8247534571237971 51.481204269559214
0.8211755054641392 -0.009266875918239992 -0.5706004856608795 -21.63280901956214 -0.013570174670548059 0.9992683365620838 -0.035758102632245464 -3.449964036528087 0.5705143640480287 0.03710682626099043 0.8204489282458165 52.35400254764297
0.8172933380929991 -0.011411274155367288 -0.5761088285480045 -22.263055005467884 -0.016486682341961954 0.9989314806284882 -0.04317506589147332 -3.507588399677156 0.5759859276181654 0.04478481697549818 0.8162319102769211 53.218682207035265
0.8133905661553106 -0.012826696665111704 -0.5815765321453444 -22.89932281468434 -0.016244147046457137 0.9988661829362008 -0.044749036561682394 -3.569166016661926 0.5814911130673253 0.0458456588907491 0.8122599713051205 54.09043975764308
0.8094280860581681 -0.011353648080599651 -0.5871092472236092 -23.54861991918116 -0.015891359434901095 0.999023372157299 -0.04122822551081922 -3.6323203970929785 0.5870039507495007 0.0427012477419815 0.8084571511501119 54.97361166580507
0.8053592195513302 -0.007919351432879657 -0.5927341827130903 -24.20419613417186 -0.016167094813068564 0.9992453765298825 -0.03531717045517241 -3.690234657188943 0.5925665806717234 0.03802579856540818 0.8046234436769066 55.85282243016987
0.801582880554166 -0.005767402900602658 -0.5978558544216726 -24.861434773638454 -0.016520278532872898 0.9993580195736349 -0.03179039337693221 -3.741899283363617 0.5976553906723192 0.03535938033458613 0.8009730009324103 56.72211442102212
0.7980493769784609 -0.005359772842382176 -0.6025682241367932 -25.516520584718233 -0.01740922876560614 0.9993379665533931 -0.03194600692915355 -3.788767735432565 0.6023405271589135 0.03598473898764305 0.7974277320873114 57.57611258164729
0.7942310924519325 -0.0062213876737464745 -0.6075839580815338 -26.175560751716827 -0.0179263713472756 0.9992723791206586 -0.0336653759352175 -3.8348368147227805 0.6073513126625562 0.037629863964049895 0.7935416664203062 58.42220585831012
0.7897664209620954 -0.00880580516067624 -0.6133444856817373 -26.84081164316156 -0.01702423778448042 0.9991971329681056 -0.036266579604047305 -3.8824242375913602 0.6131714080488265 0.0390838491424711 0.7889824314188671 59.265757209436885
0.7848526858227894 -0.009881841143637889 -0.6196035916393368 -27.517932211295374 -0.016520191524143617 0.9991838130764449 -0.03686178180749062 -3.9339894301204055 0.6194621415621459 0.03916703845875176 0.7840488494153982 60.10716529567799
0.7794422840826077 -0.00988726526985776 -0.6263960151290646 -28.208092868688496 -0.016101315731573723 0.9992289873107854 -0.03580752085213151 -3.989146888844353 0.6262670943102473 0.03799569585291368 0.7786821262112363 60.94719146999669
0.7739123148718399 -0.009570484799323249 -0.6332204471670325 -28.908166591393915 -0.01632070035793706 0.99925230080293 -0.0350495945750935 -4.046073230586401 0.6330824303592204 0.03745991405166214 0.7731774642407162 61.782232752868275
0.7683330458559271 -0.010864491929196122 -0.6399580403908328 -29.618720107318335 -0.015857056756335672 0.9992259157766238 -0.0360017081732948 -4.1035107023199116 0.6398537992360293 0.03780915306495461 0.76756601250168 62.61720317077489
0.7628527279112672 -0.012449493509624732 -0.6464524155958368 -30.34046016660526 -0.015150324695896788 0.9991959268401193 -0.03712098392722029 -4.162189578666278 0.6463947580077887 0.03811180784835404 0.7620507246388404 63.45343122777096
0.7572775839789769 -0.013704801442637929 -0.6529493389386211 -31.071566042460898 -0.014686230272234261 0.999169643810908 -0.03800444088754772 -4.222287968789709 0.6529280017301718 0.0383692755235497 0.7564475019804362 64.28645498333304
0.7513448978645213 -0.014860960614217364 -0.6597423711590575 -31.80784868601555 -0.014594957899796212 0.9991276458692903 -0.039127157622221444 -4.282821229629417 0.6597483093247426 0.03902690237917515 0.7504725639447651 65.11183996509457
0.7451679524635291 -0.016590119949516438 -0.666670451228621 -32.55168130343526 -0.013872503736670651 0.9990885621519053 -0.04036828727250497 -4.344057819475483 0.6667325372751721 0.03932954229710901 0.7442586316874736 65.93097768461881
0.7389694850582399 -0.01791615654947343 -0.6735006395596483 -33.30426088939825 -0.012771770849972415 0.9990942273491558 -0.040590722424588596 -4.4058136074725045 0.6736178308374242 0.038597101084005866 0.7380713256629022 66.74442635882977
0.7327922730196071 -0.017991773620509025 -0.6802145107866684 -34.06597011664311 -0.011811877131544156 0.9991634148488572 -0.039152905207663895 -4.468678945894408 0.6803498836344339 0.03672555662695077 0.7319667132657416 67.54973344245262
0.7263651324149482 -0.017895610903600558 -0.6870760085479644 -34.835554019043556 -0.011297732603169524 0.9992150360418689 -0.03796936904761852 -4.532476132610936 0.6872161636994891 0.03534202679861337 0.7255927821387989 68.34139329450592
0.7197542461823881 -0.019276218760212658 -0.6939612759316842 -35.613891514424736 -0.010164735040048853 0.99921466987737 -0.03829780233152408 -4.597728690332349 0.6941545240535342 0.03461893834546801 0.7189930638356975 69.12297463985027
0.7129650456912835 -0.021115790089395726 -0.7008815641970669 -36.40506228782586 -0.009985489872773508 0.9991393735555094 -0.04025918780980591 -4.665780007233824 0.7011284715474245 0.035702039437615685 0.7121405976108698 69.89856873285933
0.7065482754675793 -0.020569681874926412 -0.7073658336542378 -37.213126762135374 -0.011280987723467202 0.9991230646591182 -0.04032171849208647 -4.736597243020214 0.7075749244778067 0.03646902594992647 0.7056966319860748 70.67554267921246
0.7007661105561653 -0.019861037214836147 -0.7131145752939958 -38.03346225466509 -0.011857083599402107 0.9991500396451463 -0.03947920776332865 -4.810214077179793 0.7132925541911272 0.0361211500073596 0.6999349931655392 71.45612773873565
0.6958782988064376 -0.019390616251648368 -0.7178979016905123 -38.858305203224006 -0.013009182141531048 0.9991310434438049 -0.039596959566395674 -4.884150212118351 0.7180418890498436 0.03689392942308552 0.6950213547377204 72.23355000640088
0.6910668973535878 -0.020526870213301275 -0.7224992671147374 -39.68610133328124 -0.013196824139669992 0.9990716940342744 -0.0410072434103136 -4.958404715843541 0.7226703170981311 0.0378734442417424 0.690154486333715 73.00670806379753
0.6858755846934803 -0.02239091233011013 -0.7273742704869361 -40.521727864621504 -0.013872122604419418 0.9989426300231704 -0.04383133738365692 -5.033876791948862 0.7275865904040738 0.04015306921540777 0.6848397509613157 73.77695594549394
0.6807142317799078 -0.02499075510524977 -0.732122665139907 -41.36224771380286 -0.013833775029068655 0.9988011559313567 -0.046956123973678564 -5.10979520929487 0.7324184332202026 0.0420917221013323 0.6795524450767634 74.54237689192882
0.6755853169031739 -0.025918850027843304 -0.7368260939991695 -42.2118706987052 -0.01404661726421537 0.9987480129245777 -0.04801144887045899 -5.186824911674202 0.7371479987955417 0.04278574403282263 0.6743754206517951 75.30411562781023
0.6707143069531343 -0.024930551673960986 -0.7412966923180013 -43.070948229631014 -0.014363701162666968 0.9988109571377867 -0.0465870796510007 -5.263901807358001 0.7415767003737966 0.041894385002420605 0.6695587038998007 76.06462648433549
0.6659838625675663 -0.02470160145324385 -0.7455570572969119 -43.9388382890762 -0.01355277635667345 0.9988859700031436 -0.04520111927713337 -5.340863965217265 0.7458430244043396 0.040207584067247136 0.6649071612870948 76.82577123644627
0.6612370910029718 -0.025617806448410215 -0.7497394463910112 -44.815828587035284 -0.012744736995905058 0.9988888922301333 -0.045371275694687054 -5.416577185371286 0.7500687176258146 0.039556402415157565 0.660175893127836 77.58692704492576
0.6568273470886705 -0.026817178034687368 -0.7535639820736627 -45.69968564423332 -0.011474140470221215 0.9988962059107128 -0.04554902762577122 -5.4906086495384745 0.7539536989874974 0.038564345961516304 0.6557946408774857 78.34687616246381
0.652656919649658 -0.027556673479095087 -0.7571522799148047 -46.58703114267479 -0.01072320279758555 0.9989022930661403 -0.045598484941600514 -5.56405435051841 0.7575776911678318 0.03787926416885698 0.6516449978253827 79.10194371779416
0.6485689392258674 -0.028532849386953205 -0.760620935537075 -47.47734753948695 -0.009378830266767002 0.9989217088444219 -0.045469298896817625 -5.636458628186518 0.7610981333666912 0.036623709604604614 0.6476019883234888 79.85209700902328
0.644358020438763 -0.031097456864610913 -0.7640914144739445 -48.372228228744675 -0.006840338465462104 0.9988984863683237 -0.04642223282815054 -5.710167796438478 0.7646933707479869 0.03513918194304986 0.6434355341651994 80.60029875887464
0.6396742781857429 -0.03618490951818352 -0.7677938982244589 -49.274946007930225 -0.0034348632360311736 0.9987467607209135 -0.04993104909806489 -5.7885708283261454 0.7686384192467225 0.03457687482472174 0.6387483230390948 81.34683789578881
0.6339245124362857 -0.040626881768015884 -0.7723271126991633 -50.19135128104324 0.0005642736730031381 0.998643346489918 -0.05206868643090952 -5.872839440573232 0.7733947207782332 0.03257181280226943 0.6330874212011588 82.0953255115963
0.6267424692893033 -0.044565826628713584 -0.7779510037824021 -51.11826088561236 0.005618585680342881 0.9985956806892291 -0.052679198966660956 -5.960769303061584 0.7792062042130447 0.02864530687068737 0.6261127196521277 82.841839666129
0.6182236003922342 -0.04880890984969369 -0.7844853537430438 -52.05185959033353 0.010752513683968817 0.9985018610506654 -0.053650880028525326 -6.048530815414159 0.7859287266460877 0.02473305071445148 0.6178222340081458 83.57788463303214
0.6091028078067782 -0.05012885299918201 -0.7915054438340184 -52.999361033746176 0.01388257801863678 0.9985214470096583 -0.05255657798312344 -6.135166581668132 0.7929697620650217 0.021024223142034826 0.6088981347416145 84.30565408013597
0.5997434019670856 -0.04856274515713489 -0.7987174165997328 -53.962519743387574 0.014529898604713598 0.9986530776382812 -0.04980875997379851 -6.2214704749545735 0.8000604563678204 0.01826719207743496 0.5996412059307812 85.02308525809592
0.5895236831837427 -0.04818646425171004 -0.8063125272674324 -54.93488520323211 0.014261602272039344 0.9986843741734983 -0.04925573552718201 -6.3064000609894 0.8076251814214994 0.017538114055057608 0.5894353067888641 85.7263920340424
0.5791295801473462 -0.04984008104230722 -0.813710572451935 -55.915249051557836 0.013680212900214494 0.9985830443425967 -0.05142718470301448 -6.390410903955234 0.8151207157061859 0.018651270014918862 0.5789908021320082 86.41714099489828
0.5687642254626644 -0.05189658951246117 -0.8208617422141389 -56.9039476388109 0.014183688588156874 0.9984779059862107 -0.05329816352772379 -6.4753079890692025 0.822378306384532 0.018671241371930943 0.5686345979042607 87.0978578056277
0.5591431118640161 -0.053395457163457914 -0.8273499293583885 -57.91484878220931 0.014401292340367735 0.9983988727871366 -0.05470186099488867 -6.564003083332863 0.8289460677474458 0.01867126058096209 0.5590168161999827 87.77980461077861
0.5489402778370053 -0.053926824771119417 -0.8341201765563144 -58.94429768615993 0.017003347992183112 0.998430584914117 -0.05335965952958408 -6.65451514621979 0.8356886127770855 0.015108430698169608 0.5489956992514146 88.46009093718894
0.5381704476146449 -0.05387955638562189 -0.841112098782286 -59.98664418577559 0.018386751058358557 0.9984676342594195 -0.05219493004036138 -6.745335311984461 0.842635447094277 0.012624450090552929 0.5383364436485233 89.13017114359732
0.5271019901968874 -0.054179580420776745 -0.8480731483757222 -61.04066770930844 0.018537902890742745 0.9984611555875595 -0.0522653512297661 -6.835548925609597 0.8495998105501761 0.011827672982713396 0.5272952380449869 89.7859484314338
0.5160437626918775 -0.05535280846850005 -0.8547718418276654 -62.10582495028423 0.017818250764213544 0.9983875797284543 -0.05389573808442592 -6.926430396412734 0.8563768708498112 0.012582020450269002 0.5161979734897023 90.42870928993482
0.5054369349198771 -0.056504756163131414 -0.86101145018504 -63.18617549636072 0.01665758538735566 0.9983065534022189 -0.0557364358678201 -7.019018234184072 0.8627027469921863 0.013828881557441006 0.505522237262622 91.06048032456383
0.4952565504250712 -0.05755400784928654 -0.866838211802839 -64.27605101456895 0.015347183561701115 0.9982270062043875 -0.05750919962015609 -7.113540517699659 0.868611197957857 0.015178282666750344 0.4952617555571046 91.68124393288579
0.48597406882607014 -0.05747670276178507 -0.8720812078403408 -65.37558243073326 0.014714165388984898 0.9982317992583587 -0.057591390730970526 -7.209169240461774 0.8738493564485476 0.015155975358093226 0.48596049082760273 92.29167986275989
0.47738621165238804 -0.05582678790625899 -0.8769183397992376 -66.4811373696455 0.013920617056378051 0.9983349417842245 -0.05597821391810053 -7.303794625422136 0.8785833035887675 0.014515983079368954 0.4773684791545078 92.89095952690657
0.46932047208878813 -0.05374813699986085 -0.8813906240977387 -67.59665815326353 0.01416962410697058 0.9984757056091959 -0.05334310696694898 -7.396166536260946 0.8829142179345768 0.012546038309538009 0.46936668042343055 93.48308007520723
0.4616201158880853 -0.054316089525792595 -0.8854132543767892 -68.70870806549243 0.014341577869744998 0.9984501773830188 -0.05377325011589287 -7.48716594651706 0.8869617735571685 0.012124590815628363 0.4616836650195416 94.06122999763828
0.4546452147463528 -0.05726899511293062 -0.8888295623498342 -69.82446519687015 0.015864255611384055 0.9982930804426877 -0.0562072142535834 -7.578776659116079 0.8905313324651417 0.011453721622542245 0.4547777019147413 94.63252424393234
0.44815198403025014 -0.06058424315784582 -0.891902095911172 -70.9410057184717 0.018337577428121463 0.9981139952188531 -0.058584859838776364 -7.672463305284596 0.8937692836878092 0.00989959742880677 0.4484177354955186 95.19463145585613
0.4424840117994971 -0.06365344920344489 -0.894514470372798 -72.06004859147356 0.018973193031677604 0.9979189410120087 -0.06162633459533212 -7.770485342300929 0.8965756617530987 0.010296872048228687 0.4427708856485672 95.74877488035236
0.4371216397346196 -0.06740962415611365 -0.8968726858628537 -73.18069879842385 0.020663973080271375 0.9976768330659035 -0.06491484406612506 -7.872614002777482 0.8991649861356127 0.009842730044200977 0.43749908385392206 96.29559756894932
0.43211388594016914 -0.06789903163146395 -0.8992593124795518 -74.30730944634414 0.022643567581236857 0.9976641078838112 -0.06444840329748579 -7.978102654991194 0.9015347239152144 0.007486610976328413 0.4326419908321522 96.83918635008705
0.4276785620948608 -0.065262039988017 -0.9015719126398487 -75.44191007070313 0.02412119517428918 0.9978591040652359 -0.060789607479327164 -8.083464875642742 0.9036089947913519 0.004251419848626602 0.4283371452039083 97.38055695827533
0.4237960596255778 -0.06299550368171271 -0.9035643122444141 -76.5765743245615 0.026895002741566393 0.9980137980505356 -0.056965934805617104 -8.185167305914778 0.905358248801747 -0.0001594259514870319 0.42464857930999916 97.91589845837287
0.4201843355818632 -0.0624796675700085 -0.905285267345034 -77.70559809539265 0.028568837548885152 0.9980431265814896 -0.055621389811403535 -8.282375957240369 0.9069889446143954 -0.002491711016134974 0.42114705949760345 98.44446419876202
0.4165928488440551 -0.06296486730800388 -0.9069100417223751 -78.83301060302901 0.03026659549303525 0.9980061525138231 -0.05538639491625201 -8.376842593651068 0.9085891984220682 -0.004375503336019573 0.41766795840871096 98.96621977217659
0.41334702920502014 -0.06207051561637222 -0.9084555490162974 -79.95858476502326 0.03230123965392071 0.998045562159043 -0.05349472657619753 -8.469177560704575 0.9100004743758133 -0.007232354095303485 0.41454412273006047 99.48354148859654
0.41081051204800056 -0.06136536114901471 -0.9096532392301536 -81.07577238861512 0.033815438459347244 0.9980713494632171 -0.052058596816254625 -8.560060958295786 0.9110934306165657 -0.009374104315947193 0.4120932987268921 99.992933259024
0.40863481860813927 -0.06260523953904899 -0.9105482793368795 -82.18043312598267 0.03634002088343443 0.9979696129969399 -0.05230730749074961 -8.649835983593235 0.9119742254599554 -0.011714756378114897 0.4100802074956999 100.49315413931859
0.4066813422838663 -0.06290910289840584 -0.9114015199738867 -83.27515962064416 0.03899803616452288 0.9979123560797274 -0.051478954522405744 -8.740532527615018 0.9127373329789377 -0.014607339111800715 0.4082856679220679 100.98425737788779
0.40441400425137936 -0.06252621609474039 -0.9124361815854518 -84.35699525945834 0.042296858347262156 0.9978714649582618 -0.04963381101634273 -8.830506460768538 0.91359744359281 -0.01852057566406127 0.4061978573771093 101.46613848723898
0.40185385056122497 -0.062126929296262075 -0.9135938525654244 -85.43076773861404 0.044182677336568284 0.997849272250268 -0.04842231812899239 -8.918389655555279 0.9146372908494877 -0.020906327411334302 0.40373450640449393 101.93655525127423
0.3993261272385394 -0.06307183958269819 -0.9146368608121611 -86.49622033464013 0.04640762934517332 0.9977424881963142 -0.04854131422191641 -9.003553511073763 0.9156336472865292 -0.023062313402696766 0.4013516583462494 102.3980203492769
0.39742789118380956 -0.06470837182836081 -0.9153490579688783 -87.55569138993549 0.047524073568758214 0.9976233776914935 -0.04989046717408999 -9.08770187360438 0.9164019498782303 -0.023673252812832866 0.3995585606148841 102.85099787427038
0.3967989168439873 -0.06625151260724697 -0.9155115273270406 -88.60355021380478 0.047273744410271476 0.9975432109984858 -0.05169850365595344 -9.172788001798333 0.916687412742682 -0.022765747694378568 0.39895602270306024 103.29258018164035
0.3968313293838836 -0.06748404605208962 -0.9154074500176734 -89.64225593671584 0.04672504772532852 0.9974858738093324 -0.05327946570584346 -9.258757358405527 0.9167015140897754 -0.021629495585284198 0.3989868406178834 103.72759072008456
0.3981813623429391 -0.06774580936567624 -0.9148016768655984 -90.66660537073206 0.04518098808437175 0.9975071482889326 -0.054204865355457016 -9.345326685726343 0.9161933644151993 -0.01974827652917646 0.40024957785822324 104.15517569846185
0.4013632035923607 -0.06826552397016289 -0.9133714452724898 -91.6742184933802 0.04359935932370465 0.997512132066409 -0.05539532694092101 -9.431416707366093 0.9148806887614587 -0.01758876395339247 0.40334099805741513 104.58120381610898
0.4064428455326867 -0.0689536080179116 -0.9110705863195263 -92.66436427725131 0.04217161708627986 0.9975012523677685 -0.056681621686960316 -9.514994892034252 0.9127024531727863 -0.015383480296984161 0.4083351325888223 105.00779411327287
0.4131619698627054 -0.06934238099314546 -0.9080136677701339 -93.64831649525395 0.04186118604764834 0.9974888761472903 -0.05712777840159779 -9.596171149650736 0.909694909165625 -0.014407503622048883 0.41502722329689057 105.44630835377882
0.4212517266688221 -0.06861498130633803 -0.9043444958194127 -94.62797815869797 0.041112787916172046 0.9975537002922944 -0.05653630429125454 -9.676084133235161 0.9060114356056979 -0.01336410765761617 0.4230421718673201 105.89495826970003
0.4301428989637608 -0.06795281959954656 -0.9001997004995749 -95.59901810585035 0.04030826750400576 0.9976142117399835 -0.05604576795119133 -9.755023265469537 0.9018604825813576 -0.012177801233587086 0.43185572951535245 106.3510476318858
0.4397287956042382 -0.06771077005383147 -0.8955745853557728 -96.5602489938409 0.040102896786294834 0.9976397919764941 -0.0557369099829518 -9.83279086470538 0.8972348321291344 -0.011406010863446137 0.4414063421954747 106.81658155482208
0.44972989090983106 -0.06730733671887298 -0.8906249197311092 -97.51056222673574 0.03966275109903032 0.9976778425546058 -0.05536956430067014 -9.91007414191821 0.892283526351064 -0.01042328640122361 0.4513551414386565 107.29084817817933
0.46061745748102745 -0.0681441944898621 -0.884979054340295 -98.4572225387317 0.038917096353526505 0.9976402318556876 -0.05656348110170212 -9.987495533985099 0.8867451818166966 -0.008386688277271877 0.4621824812610437 107.77890596480447
0.47238869235209185 -0.07021521592790501 -0.8785890659404313 -99.40068791042613 0.037775186254034296 0.9975187027894715 -0.05940936701131828 -10.06367292627305 0.8805804668747518 -0.005124552410715694 0.473868948467016 108.2821095767386
0.4845414085703434 -0.07108377652077798 -0.8718754039977344 -100.34772664512691 0.03624632801419205 0.9974684265751721 -0.06117958557509756 -10.139171891012184 0.8740170633838662 -0.0019582393105004874 0.4858912822974364 108.81127778081297
0.49716213449974533 -0.06978772551829633 -0.8648465097268075 -101.29220510389534 0.034618195486154836 0.9975618469251821 -0.06059655188626195 -10.21209717832975 0.8669667770802648 0.00018688553985719532 0.49836590223735694 109.35941343712817
0.5095819365300094 -0.06768354841308588 -0.8577559018954867 -102.22688130756387 0.03365609468693846 0.9977062761696107 -0.05873205072355909 -10.281328199230941 0.8597636403411996 0.0010600782916151508 0.5106910602127922 109.9185041418811
0.5221037361453852 -0.06618986453040235 -0.8503097027180613 -103.14276141681755 0.03369730528850311 0.9978064437458137 -0.05698063210976171 -10.346448294389853 0.8522160408718705 0.0010966552701654232 0.5231888923017138 110.48431297420892
0.5339856798879133 -0.06583998225898427 -0.842926088343919 -104.03707656974628 0.03430564397152713 0.9978295917451443 -0.05620701583806054 -10.408234017316495 0.8447972635291524 0.0010966192857189258 0.5350853959507769 111.05294336038872
0.5455630524852583 -0.06669719435908428 -0.8354115393191519 -104.90830808852371 0.03513331864019831 0.9977719939415043 -0.05671594156252446 -10.468017141633364 0.8373330315258655 0.00159134239682802 0.5466908284808532 111.6217647126977
