0.9998044613485921 0.0025378515010752007 0.019611179903568872 0.0116492204909935 -0.00251596175276673 0.999996184271997 -0.0011407795163558274 -0.019582851228818296 -0.01961400020164852 0.0010912154713036385 0.9998070315040223 1.0192158530950546
0.9991118771911199 0.00529701495270032 0.041801895749208166 0.04634932351306982 -0.00528070414111785 0.9999859316806372 -0.0005006042167242519 -0.039813935417663954 -0.04180395937481018 0.00027941617471173726 0.9991257933349486 2.0528162122965234
0.9978401647186413 0.007673284798355903 0.0652389942800987 0.10351351783812734 -0.007810673535251255 0.9999677828202503 0.0018511349163332891 -0.05961337093534765 -0.06522268817828009 -0.0023566972559204116 0.9978679506451956 3.1020682826435118
0.9959463357721783 0.009024174617067088 0.08949558946927456 0.19008177161986686 -0.00965877306615091 0.9999311719838847 0.0066602851133968875 -0.07759737686789751 -0.08942932608953756 -0.007497704142990742 0.9959649492164648 4.17325331318358
0.9936206479009894 0.009201731204994035 0.1123981147869023 0.30030468641660446 -0.010496735775042428 0.9998851130303824 0.010935231057858635 -0.09149471684400434 -0.11228457865124472 -0.012045284681187512 0.993603081976934 5.236440616871045
0.9911181707255013 0.010136201783802212 0.13259724382932933 0.4240931181006749 -0.012299781206182178 0.9998040891645219 0.015508019608610965 -0.09975902309004454 -0.13241407417648854 -0.017001197113705235 0.9910486730008192 6.253495172379214
0.9888009077383952 0.010564096956359093 0.1488662645169239 0.5569329757040408 -0.014229539690069227 0.999620707660719 0.02357882558763879 -0.10175575938076284 -0.14856071168359025 -0.025433062563918436 0.988576185365946 7.20314041216701
0.9869225006336603 0.008353920893956866 0.1609788487618823 0.6955180565501649 -0.014232940378650756 0.9992717961201856 0.03540198987226835 -0.09675919470531362 -0.1605658779167641 -0.037230222728798286 0.9863227206976343 8.084540706200535
0.984927266713198 0.005533060927883485 0.1728804920216221 0.8367278546687403 -0.013863128614397218 0.9987980373838861 0.04701376588955883 -0.08386728277032192 -0.17241256610204042 -0.04870180443131336 0.9838201264942918 8.89650666612735
0.9824826344148505 0.0035119458979833737 0.18632106512486804 0.9776574493346647 -0.014475625160996338 0.9982396817421502 0.05751516383988678 -0.06301680804602339 -0.18579109060838728 -0.059204763586558885 0.9808039899078747 9.65071550220646
0.9791845969038768 0.0022401775286068283 0.20295937226655295 1.1221030789269333 -0.01643859782595891 0.9975295061918605 0.06829829264439255 -0.03707020981248635 -0.20230496209364032 -0.07021300364792146 0.9768023527976517 10.355968827294987
0.9752434283915303 0.0005803231905632611 0.22113325983245763 1.2742065755662597 -0.018675219785999474 0.9966402550376422 0.07974608582524889 -0.005014361027580391 -0.22034402997376468 -0.08190155837038662 0.9719776968590499 11.025381716368312
0.969604767584365 -0.002029551994132127 0.24466809272231113 1.4335532814944731 -0.02069315868319812 0.9957027597308171 0.09026520618791462 0.0315593879999583 -0.2437998930709 -0.09258452993420595 0.9653961450904391 11.650485127040918
0.9615030471671719 -0.005488623130685318 0.2747394498508963 1.6177643789325706 -0.023064404481638014 0.994660672020898 0.10058916830774113 0.07197128882783431 -0.27382462185521456 -0.1030534936383284 0.9562426752215069 12.230136092501382
0.9506643731610875 -0.007716920010126154 0.3101252952401567 1.7985902915473373 -0.027138531810755272 0.9937891325671592 0.10791969274682889 0.11299953953879446 -0.30903195578029413 -0.11101175224709613 0.9445504968870834 12.761089756407975
0.9365560612229454 -0.010693509841732726 0.35035466749256794 2.0057646940513387 -0.03155596496761363 0.9929035094550624 0.1146596789930258 0.156163326112321 -0.349094493313094 -0.11844099695243095 0.9295723559677261 13.248734159806181
0.9191690609880601 -0.013250594385629668 0.3936402660688514 2.220084948564096 -0.036839609005521134 0.9921601155945794 0.11942004953805489 0.2001071188581573 -0.39213655852349316 -0.12426876828784733 0.9114747350846171 13.710679806000492
0.897833240043471 -0.01435163347136448 0.44010169698576174 2.4677360006453495 -0.04488678425789198 0.9912793173356937 0.12389710094052594 0.24567302153285447 -0.4380418355271893 -0.13099368549355744 0.8893593225962083 14.15029185406455
0.8732640730730274 -0.015650829963772414 0.4869958010099796 2.725603434962267 -0.05279108878436591 0.9905612184804651 0.1264973256138563 0.292904297274894 -0.4843789421773699 -0.1361746083671324 0.8641952999242652 14.571377241772234
0.8458883310455505 -0.0174330679675556 0.533075059951422 3.005248683420255 -0.059760823872896426 0.990074218623368 0.1272072543032056 0.3410430215062649 -0.530001486159243 -0.13946013680821615 0.8364504138981748 14.967372128955759
0.8165379046947987 -0.01941872653389513 0.576965131750984 3.313971209568384 -0.06639183558986396 0.9896438930349856 0.12726778518370935 0.38921028117498613 -0.5734613974485441 -0.14222474481734929 0.8067925059133875 15.344956172021142
0.7857550975954283 -0.019374124162079138 0.6182342354769362 3.6388674600892577 -0.07475496421101659 0.989208266776349 0.12601071489020832 0.43894386280313524 -0.6140037637739766 -0.1452296397237289 0.7758271262446983 15.724274341529318
0.7548966426080768 -0.019330792360694134 0.6555588298892494 3.996590531628751 -0.08120670317129416 0.9891184991444951 0.12267871050101024 0.488423047293186 -0.6507968426007485 -0.14584551798683804 0.7451124442284183 16.093716098124037
0.724869757980329 -0.018183442674827254 0.6886459150957268 4.372946080000397 -0.08649117307322174 0.9893391240348083 0.11716387939316535 0.5398352851832553 -0.6834347890954614 -0.14449034592847187 0.7155693041121266 16.46130500717184
0.6966106778518028 -0.016231022205556583 0.7172657230211235 4.77116549691775 -0.09132472864485242 0.9896055288912613 0.11108866335405744 0.5917277711022964 -0.7116132077475772 -0.14288964660187864 0.6878874845882822 16.819902615235836
0.6715169088639209 -0.014627443090704679 0.7408448413929014 5.190332823867251 -0.09478416913871415 0.9898961268636781 0.10545908828058745 0.6440980000640341 -0.7349020359139908 -0.14103792372591603 0.6633455371678884 17.17767454779393
0.6499092265427071 -0.014667711986415649 0.7598702885886144 5.660814301914395 -0.09678577511695824 0.9900761034926543 0.10189123135880128 0.6971520141099105 -0.7538239257211663 -0.13976468623327834 0.6420399687655305 17.558199510865784
0.6328626915787683 -0.015117557076991838 0.7741164467156739 6.184013031094745 -0.09799907675716363 0.9902045070516751 0.09945458847782197 0.751279795973244 -0.7680371049385706 -0.1388037956346053 0.6251819829097816 17.973901819891722
0.6197306740657933 -0.016814134828799385 0.7846344221941303 6.76499771766434 -0.09912589275100554 0.9900867933791709 0.09950979329928933 0.806382611598393 -0.7785293501264254 -0.13944685886067892 0.6119204397187729 18.423500844687464
0.6093179960950726 -0.018455394257470722 0.7927111567636012 7.382178454420364 -0.10067081153299912 0.9898384269134017 0.10042547640359961 0.8624496424601249 -0.7865093561681089 -0.14099392550178855 0.6012684472277118 18.89447671815657
0.6005594799376652 -0.02003993037874155 0.7993289136816061 8.025100217852879 -0.10225362808573127 0.9895526676766008 0.10163519782746565 0.9211402792186487 -0.793014821173165 -0.14277226300839505 0.5922360798829768 19.373364931016503
0.5928893314357896 -0.02192084323220642 0.804985538566757 8.68419798453181 -0.10279862215667857 0.9893908309847587 0.10265586610602173 0.9830517431904974 -0.7986956140810539 -0.1436149720442756 0.5843458358304703 19.853717859673658
0.5860051349466813 -0.024588357798834493 0.8099341914482181 9.358324981411743 -0.10215466642373106 0.9893228820579851 0.1039454624518961 1.0485903831250618 -0.8038422767831878 -0.14365113190378556 0.5772364735173818 20.332847194162497
0.5796769843615742 -0.027127327965511344 0.8143946843385726 10.0433662491308 -0.1004658714226801 0.989440715565559 0.10446855536665534 1.1175056273554136 -0.8086292119882597 -0.142376888779626 0.5708306395601773 20.81189791407975
0.5738687477570011 -0.029044879155042377 0.8184320713062758 10.737785131406884 -0.09944526246023638 0.9895039944710713 0.10484505090851284 1.189085524197217 -0.812887015594435 -0.1415564902103147 0.564957042576965 21.29107912542784
0.5685327872376269 -0.03207186684717928 0.8220351970522628 11.450527936737942 -0.0995086317519586 0.989221783420029 0.10741645783654455 1.2633519739774173 -0.8166201699950041 -0.14286937587962595 0.5592135901362711 21.77739497185119
0.5634864690405312 -0.03595686354148522 0.8253424157114997 12.170776970820496 -0.1001374683907292 0.9887129778693717 0.11144117200108258 1.3383536838070844 -0.8200338326145642 -0.14544329258146682 0.5535257555078457 22.26175051650157
0.5584680429056504 -0.03935990858868904 0.8285917225322875 12.89910123836578 -0.10044963698265597 0.9883143698970924 0.11464980019592516 1.4133758314209406 -0.8234217118118676 -0.14725998727014392 0.5479883034025557 22.74391346956128
0.5532770181886045 -0.041588643073253835 0.831958488093999 13.628059023712204 -0.10006831582978884 0.9882016600451445 0.11594745038598193 1.4892830276508826 -0.8269648561524954 -0.147403744359991 0.5425875623688197 23.2169210627812
0.5467752922767605 -0.04268110344672015 0.8361908293949618 14.357182358654004 -0.09954513531584441 0.9883026126937301 0.11553662526531101 1.5659123981393097 -0.831340812056412 -0.1464113013101005 0.5361307536954667 23.680519678454385
0.538710603198988 -0.04199964378100386 0.8414433527714459 15.08490601588661 -0.09975588366474801 0.9885507851508816 0.1132082543449925 1.642244607169418 -0.8365641933977626 -0.1449254121948391 0.5283530781824856 24.135700787768325
0.5281263993765939 -0.041242970832067044 0.8481636184360068 15.80416786008158 -0.09973734253910913 0.9888936785964302 0.11018963170487493 1.7165310265584517 -0.8432881884532428 -0.14278763878209066 0.5181473935341988 24.571947204548728
0.5146058935580186 -0.04020989767784376 0.8564834723706531 16.518249634787242 -0.1003437635938249 0.9892115851150478 0.10673129335860454 1.7866357334567844 -0.851535027713588 -0.14086732766298657 0.5050192992093553 24.988062456373413
0.4965178824375586 -0.0381056127573497 0.8671896878400425 17.213263184650973 -0.10371257195521687 0.989275085866513 0.10285186873478167 1.8503798980882584 -0.8618083863818905 -0.14100626496787177 0.4872407396776804 25.38022958988299
0.4742007671163888 -0.038048250541078174 0.8795942036513158 17.888893251373535 -0.10748978349249583 0.9890898069208685 0.10073380907111128 1.9061646285900071 -0.8738304062636904 -0.14231544004781083 0.4649373469759476 25.729435467069056
0.44804593995114533 -0.03805677973709239 0.8932001551776275 18.54541213807065 -0.11086921988057949 0.9890158283464963 0.09775329847716079 1.9587131948995844 -0.8871092671009405 -0.14282637290128025 0.4389052009574477 26.049150751421397
0.41930091261253993 -0.03836545052799747 0.9070362930379775 19.199118471804162 -0.11444436519865082 0.9889024907059634 0.0947330520453082 2.0104065724318527 -0.9006049255675711 -0.1435268479460375 0.41025700720658703 26.33621903468785
0.38967247869351357 -0.03860331210889433 0.9201440885225952 19.867287264605142 -0.11590192074857886 0.9891217857910936 0.09058055884254226 2.063116746140494 -0.9136312736085848 -0.14194321811083602 0.38095933997829196 26.60435972175801
0.3615382950643445 -0.03770534525170983 0.9315945299009745 20.55837232719872 -0.11932416018321072 0.989094057107076 0.0863405524190973 2.115844048747239 -0.9246901134966999 -0.1423771510282206 0.353096220408189 26.862081881389173
0.33525217899490334 -0.035900042192724274 0.9414441903000577 21.258863589164495 -0.12172900159068938 0.9892469490490472 0.08107110440153778 2.166450984309688 -0.934231249022909 -0.14178032574271957 0.32727711893956885 27.10405759006477
0.3102642137656383 -0.03354737755303439 0.9500582566957175 21.967771215920756 -0.1226387366613479 0.9896138292955572 0.0749947273952759 2.2123386333968114 -0.9427066658969271 -0.13978212448770874 0.3029275486765828 27.327193434904984
0.2852323596600636 -0.030482074620211786 0.9579735612894551 22.681643201293884 -0.12348067063008167 0.9899960425078388 0.06826682795883902 2.253748475158731 -0.9504709490476281 -0.13776312621911654 0.2786149602423351 27.53076394434342
0.26129149777265087 -0.027407719917429643 0.9648707530444967 23.406486055178238 -0.12212038977460352 0.9906260323394499 0.061210084566981 2.2910136562123844 -0.9575037146627812 -0.13382406711920594 0.25549511828340327 27.720124738541653
0.23701616740758977 -0.023486712441558984 0.9712217618680641 24.148652382442915 -0.1213088644017556 0.9911680349620443 0.05357318253599627 2.3234417607643962 -0.9639022231559459 -0.13051551941499592 0.23207370248879913 27.899857301772258
0.2117870776945286 -0.01910239108118714 0.9771291277904853 24.902951213431816 -0.12084421144098258 0.9916245850419976 0.045578052848841914 2.3493582074037747 -0.9698159156679269 -0.12773324154371898 0.2077048596492505 28.058546443966243
0.18465217944793424 -0.010988711868594207 0.9827424997610505 25.659562269370696 -0.12047017491271202 0.9921437670061227 0.03372955006221641 2.3681374757082154 -0.9753924900170335 -0.12461939577115574 0.1818776968624887 28.199139737170924
0.15770326246838715 0.0006553711198725633 0.987486329776531 26.44581093476172 -0.12048050161767093 0.9925417623217052 0.018582216694375882 2.3776553373738 -0.980109243776826 -0.12190332454866656 0.156606033495523 28.326440366634504
0.13031266494287375 0.01344530957109137 0.9913817796419426 27.240340983484245 -0.12105939734050368 0.9926422408438303 0.002450307754505509 2.3760811536373705 -0.9840544861292186 -0.12033538691122908 0.13098153681295788 28.435704488287
0.10327906468409606 0.026570546698997582 0.9942974609472238 28.032700239628706 -0.11966998125701861 0.9927136262998719 -0.014097934050832138 2.3644810506152583 -0.987427227892731 -0.11753153707270718 0.10570623164886545 28.52983251608544
0.07415227968853577 0.03575283851466475 0.9966058267716174 28.773950557087762 -0.1202969658056443 0.992380162604786 -0.02665057009620499 2.34675803671193 -0.9899646859534683 -0.1179124565372181 0.07788820936707766 28.592251865903684
0.044329456891641424 0.03990970169355134 0.9982194723418419 29.482392331462695 -0.11889374893333476 0.9923111194742072 -0.03439358417527096 2.3263422305005697 -0.9919169197650928 -0.11715740641792986 0.04873362704698529 28.62639790607815
0.01429876670412488 0.04004563555544173 0.9990955371453238 30.185452385144796 -0.11537679621207514 0.9925895534465838 -0.03813362406783828 2.302207585415709 -0.9932188782773809 -0.11472717839148067 0.01881314359034702 28.63545560731044
-0.014535274620435865 0.036364834613968326 0.9992328680518914 30.91223654828512 -0.11237407796318084 0.9929478522175109 -0.03777074765682946 2.272106815523354 -0.9935596571890555 -0.11283688040764696 -0.010346304955725643 28.619479167250585
-0.039735335172398606 0.03363815814239597 0.9986438691823656 31.65773886435776 -0.10802243757058823 0.9934310655248375 -0.037760707507847324 2.2368509313372047 -0.9933540436924015 -0.1093763793831737 -0.03584064052137636 28.58507858783454
-0.060021423432466504 0.03392535461586332 0.9976204183171723 32.419997591499666 -0.10520410007697302 0.9936410396312535 -0.04011959231491204 2.1981624244972395 -0.9926376610103683 -0.10736179336574248 -0.05607066317743001 28.54200084814775
-0.07564690113495685 0.03850142893548164 0.9963910810111687 33.19705225939402 -0.10065307327202148 0.9938555254102645 -0.04604512408912559 2.155738539892786 -0.9920415844053992 -0.1037729954343225 -0.07130680352542071 28.48351340253453
-0.08864176465388322 0.042741356135472565 0.9951461269757057 33.995663018633046 -0.09919851089006339 0.9937332066213858 -0.051516691422981375 2.1076982297190554 -0.9911116450714517 -0.10328354435086633 -0.08384638614802124 28.417282527402183
-0.10071578248306207 0.04675083365903514 0.9938162258239754 34.78903999221343 -0.09988304445820786 0.9933736362726879 -0.05685240705665598 2.0567747985901272 -0.9898887354589827 -0.1049913249300209 -0.09537878747842515 28.346276990642835
-0.1117480214503847 0.047417114890373556 0.9926046528791808 35.56913733155924 -0.09888829287028879 0.993372389875395 -0.058586692741995364 2.002497963388119 -0.9888040681728225 -0.1047039266155671 -0.10631840158767253 28.264504206755056
-0.12109009985964735 0.04886832096481365 0.991437882533274 36.337455492476764 -0.09781288647005325 0.9933392140553341 -0.060908497439408904 1.9450082802837638 -0.9878106230226402 -0.10435081708357594 -0.11550359309395093 28.176950047582686
-0.1279589422465899 0.051991187029532204 0.9904157841888404 37.106660730330475 -0.09587768378748705 0.9932992450031948 -0.06452968020708393 1.8848454441655178 -0.9871342253466242 -0.10321592099740254 -0.12211672613519192 28.082387552106876
-0.1316820407767022 0.05526776453557843 0.9897501272241013 37.90723563175748 -0.09463128129717546 0.9931838431566713 -0.0680497927447096 1.8190935427612296 -0.9867647950433462 -0.1026222582863138 -0.1255544159608866 27.98307372340447
-0.1324337292173442 0.058303147628975614 0.9894756441379156 38.724406277190305 -0.09485656261889237 0.9929412571598202 -0.07120317660050268 1.7499812741190264 -0.9866425593363155 -0.10328796060736242 -0.1259684774054869 27.883672079369287
-0.12987629710411597 0.05832076797848511 0.9898135357090875 39.5417527346794 -0.09354393899183867 0.9930954367146887 -0.07078831156590315 1.6787548102073082 -0.9871077342055498 -0.10178478078209863 -0.1235240036297625 27.785031136196626
-0.1243324143609867 0.05740976946651446 0.9905784012933916 40.34531591222239 -0.09340224401873756 0.9932147197267391 -0.06928593890824869 1.6080190639844245 -0.9878347389879706 -0.10113673362302632 -0.11812658278572574 27.69465882421649
-0.11693792913702936 0.05650676468917372 0.9915303859557242 41.138571116219346 -0.09362929179205969 0.9933060920422648 -0.06765030103583777 1.5398410224211423 -0.9887158724566226 -0.1007471739359692 -0.11086446904331042 27.612658263091365
-0.1098613847618895 0.057065240777118685 0.9923074293953722 41.94251171656117 -0.09434498398389264 0.9932442220701991 -0.06756433468363521 1.4730145453452597 -0.9894591957909529 -0.10104193990226361 -0.10373536641622394 27.534714878223195
-0.10415923520922817 0.05712412335233788 0.9929187722325818 42.769382269535875 -0.09417220965443415 0.9932971747594892 -0.06702475321563367 1.4057596698537689 -0.9900921414946339 -0.10048660182353732 -0.09808156913777372 27.4571237874601
-0.10033925429534432 0.05648486049536662 0.9933486269091407 43.632261238266274 -0.09333681937910604 0.9934500316434434 -0.06591868305595952 1.335034426964884 -0.9905656324523109 -0.0993302328722672 -0.09440991813307968 27.37927477410625
-0.09871728081444857 0.05566971926951532 0.9935571351588477 44.52554266393212 -0.09302254846057306 0.9935458187916358 -0.06491156630028945 1.261471498085596 -0.9907581460409508 -0.09883111007223301 -0.09290160243714056 27.300565180519722
-0.09911295364171659 0.053935050780763646 0.9936134221706616 45.43133983687682 -0.09392690906601489 0.9935646137406695 -0.06330161195149332 1.187265752508356 -0.990633311661646 -0.09960104728178949 -0.09340917089157373 27.22349333929625
-0.10013749999393143 0.05348585215228184 0.9935349740771644 46.33335612593381 -0.09272437093755473 0.9937068160588989 -0.06284070935563126 1.11418371510611 -0.9906435646231193 -0.09841761700848257 -0.09454787429218862 27.1427888883501
-0.10086170947356074 0.05277957341177536 0.9934994877666239 47.23848639560228 -0.09085245697733625 0.9939308871813228 -0.06202598300815666 1.0422275018918636 -0.9907435322136867 -0.09651791614730311 -0.09545441445700599 27.060619729112712
-0.1015495336070255 0.05293236241499473 0.9934212888967929 48.14651191955099 -0.08844830514409696 0.9941485552459892 -0.0620124779334573 0.9713908514311785 -0.9908908060635806 -0.09416376750894379 -0.09627354437844945 26.976767729199366
-0.10257427386124827 0.052542013038378764 0.9933367280070312 49.06019004821287 -0.08715296269677125 0.9942890856579367 -0.0615920062563133 0.9011417861485089 -0.9909000350363365 -0.092889994118728 -0.0974092888671807 26.89159184732478
-0.10311223794020646 0.05258432845405182 0.9932787900624884 49.97255010562022 -0.0859133837893895 0.9943988009067121 -0.06156228749119548 0.8314121193906254 -0.9909524493500278 -0.09168376713643415 -0.09801698817476907 26.806054488140475
-0.10322727485216557 0.05152523740387504 0.9933223442755489 50.89098579332595 -0.08563698165672645 0.9944887345342525 -0.06048523999443912 0.7601876387249645 -0.9909643974933313 -0.09130885386934648 -0.09824589612673593 26.71935320616463
-0.10261100776747936 0.051094244486776554 0.9934084554025449 51.8145711192706 -0.08592895192949616 0.9944913926130059 -0.06002570481835666 0.6878920559556227 -0.9910031262842921 -0.09152184547400476 -0.09765528913372683 26.63276296541103
-0.10131605239006931 0.050751682540750576 0.993558918357325 52.73329083683089 -0.0852124020915117 0.9945850270073568 -0.05949344991314348 0.6163453949539436 -0.9911982163310663 -0.09069118354093746 -0.09644275592317314 26.545402209163143
-0.09961294963206403 0.04941258368199041 0.9937985997371258 53.64904804749901 -0.083982784245047 0.9947848231402583 -0.057879595716043 0.545508322287876 -0.991475744643332 -0.0892275306375389 -0.09494364412785782 26.458489778673172
-0.09779527896187794 0.04732582487822541 0.9940806555367455 54.55808039623658 -0.08321687704869285 0.9949816828031965 -0.05555539812097064 0.47669645448557224 -0.9917212485305692 -0.08815734334536349 -0.09336620388157858 26.374040531289374
-0.0960755428227351 0.04568768114830974 0.9943249598911862 55.455067399116366 -0.08204796828271459 0.9951830396310927 -0.05365490221121862 0.4109078503693162 -0.9919867040298449 -0.08673726662690673 -0.09186416932676991 26.29264079393876
-0.09426699350298305 0.04551401682855916 0.9945060121527872 56.35230911194148 -0.08080236583781225 0.9953088421571419 -0.053209833666528775 0.3470330843517516 -0.9922624207390506 -0.08537436966641039 -0.09014713191855973 26.211429606781103
-0.09282560910342369 0.04511576129683124 0.9946597279357334 57.25768927791032 -0.07928038252814135 0.9954662236689003 -0.05255110351427499 0.2839171107000753 -0.9925210462457559 -0.08373509190885123 -0.08882796374029 26.131020372873728
-0.09212463822137179 0.04577002978342154 0.9946950062236202 58.1880030678659 -0.07809713519831449 0.995533735878555 -0.05304166476932281 0.21921715163439714 -0.9926801541817976 -0.08256927455966712 -0.08813867705095627 26.04990026261707
-0.0926436778240769 0.04749772385140758 0.9945657922873508 59.12580650072806 -0.07629302028926067 0.9955864642833635 -0.05465315353107371 0.15435071722434401 -0.9927721410345735 -0.08094169731778571 -0.08861104683359107 25.967984279359815
-0.09493997077124733 0.05147393505283264 0.9941513144185512 60.07074669352055 -0.07773460309675692 0.9952295412507943 -0.05895330103667649 0.08822848504238281 -0.9924433149713611 -0.08287698252173553 -0.09048575764587255 25.88841371560601
-0.09805863586975821 0.05448823179144616 0.9936878466236795 61.039526677673216 -0.077801620460588 0.9950242223377801 -0.062239093942635534 0.017931783748821935 -0.9921347750104663 -0.08341360534909871 -0.09333144517040354 25.802181188211595
-0.10170306683897251 0.053937382645968514 0.9933515213401805 62.044489759266625 -0.07657212547203486 0.9951423379339118 -0.061874363448205016 -0.05823704754475664 -0.9918634965539574 -0.08235584985128834 -0.0970789276775842 25.707406011152123
-0.1047148842317716 0.05177942821949423 0.9931534039782525 63.09082763696675 -0.07447428067359264 0.9954312921042835 -0.05975051646425343 -0.13985091106488007 -0.9917098237581783 -0.08022115377415283 -0.10038023684304659 25.60140119577203
-0.10712543388131535 0.05232567323540994 0.9928676474415924 64.14821371306417 -0.07404781194193734 0.9954208983691584 -0.06044962064849196 -0.22369565566649863 -0.9914842726752405 -0.07999536868091905 -0.10276029402085439 25.493794458468194
-0.10929076017293801 0.05703091195722281 0.9923724123645065 65.21726991984953 -0.07268946621286533 0.9952211836905438 -0.0651999772644041 -0.3096314545375173 -0.9913484610582242 -0.07926077601763412 -0.10462293315794775 25.38083699153973
-0.1120142496931261 0.05960995419134298 0.9919170636837503 66.26868431593446 -0.07304017759635878 0.9950051162930384 -0.06804374333740426 -0.39629631321691716 -0.9910186377270498 -0.0800716673485705 -0.10710082990174039 25.270988762266924
-0.11469683253375776 0.061515335612565114 0.9914940746626769 67.28064831320667 -0.07352994952142008 0.9948172906094335 -0.07022752186914019 -0.4829490284356268 -0.990675518588251 -0.080959383575819 -0.10957917266033221 25.163419405985838
-0.11645159327216614 0.06340841498322755 0.9911702171341157 68.25570717162088 -0.07366391234145944 0.9946598967133722 -0.0722863603226137 -0.5675551327196517 -0.9904608293329541 -0.08143133782184675 -0.11115881781316557 25.056903649571193
-0.11822007001196584 0.06274211459375115 0.9910032502987423 69.20274028041804 -0.07206395141484538 0.9948280979250277 -0.07158102042683842 -0.6513883465587064 -0.9903690231185768 -0.07987792332787089 -0.11308720268881937 24.94799958858742
-0.11914004447164767 0.056538757894700226 0.9912663711934445 70.17120038637445 -0.06745275852511802 0.9956098346326714 -0.06489362487991002 -0.7385793737608638 -0.9905835528468284 -0.07459508052429999 -0.11480330479096544 24.829267642568183
-0.12044520487379831 0.04751793824007445 0.9915820682970838 71.13481195637212 -0.06538781071512723 0.9963048820059929 -0.055686769531954124 -0.8238970262454223 -0.9905641760293933 -0.07154458495535995 -0.11689305167876267 24.71147736980502
-0.12244372734838695 0.04520139722789844 0.9914455947361314 72.0728131167991 -0.06353191739563381 0.9965565069316036 -0.05328061527716271 -0.9011039303380106 -0.9904399169586552 -0.06951231675699181 -0.11915036178714455 24.595032087847486
-0.12513232369674301 0.050439568019976316 0.990857079272391 72.97392009743419 -0.06263181124158787 0.9963132756524806 -0.05862689638058788 -0.9704454782200922 -0.9901611776811142 -0.06939529333161025 -0.12151187380897464 24.479856783700267
-0.12794625735299203 0.058205225802489366 0.990071667566871 73.85399627257203 -0.06257131524526123 0.9958139515986685 -0.06662885493478642 -1.0395663283738659 -0.9898053271920896 -0.07047499904734919 -0.12376869059433449 24.36365093244837
-0.1304013742565672 0.060097876204575046 0.9896381797746588 74.73651173566255 -0.06077281304425518 0.995799764244143 -0.06847988555769866 -1.114232577017069 -0.9895969617913578 -0.06907296726655837 -0.12620134074686493 24.24389392698615
-0.13274401835435704 0.05989744770958383 0.9893388304059522 75.60775297417777 -0.05829672738621341 0.9959723999528971 -0.06812099608873938 -1.19047274627862 -0.9894344430871582 -0.06671787084389139 -0.12871755335952528 24.120700910066567
-0.13468911489348132 0.05655065671562342 0.9892728974121568 76.47273942713332 -0.057240057860152106 0.9962589480381652 -0.06474321763747419 -1.2650182195281139 -0.9892332475737845 -0.06534624456629928 -0.13094827305353982 23.998325367942506
-0.1358075612843948 0.051116184578235996 0.9894157073607385 77.3587567047329 -0.055889306056989406 0.9966825598313739 -0.05916299854170779 -1.3380773433011617 -0.9891575667033301 -0.0633325398364982 -0.13250017974102865 23.872911120627908
-0.13651108312883659 0.04527453367132991 0.9896034260166225 78.26391322966775 -0.05386968160179287 0.9971377654890591 -0.05305029726218183 -1.407116267305736 -0.989172776408203 -0.06055157501112571 -0.13368143168203556 23.744782335358256
-0.137470296693009 0.04264819009042178 0.9895873126759198 79.17202511533898 -0.05474301862840216 0.9972184735464287 -0.05058179444404242 -1.471708125470515 -0.9889919713721573 -0.06112649098173528 -0.13475322876158993 23.621740958059988
-0.13876665003623384 0.04023214593682521 0.9895075498807681 80.1000626117069 -0.0568366283605813 0.9972040017946454 -0.04851573436880313 -1.5348503878140884 -0.9886927806524746 -0.06297263880496884 -0.1360919992050099 23.496863070490125
-0.1395417380905045 0.03879563367298038 0.9894559121752693 81.07225902575732 -0.05426167924393129 0.997431249805997 -0.046760796358421626 -1.5990414087930727 -0.9887283618346899 -0.06021462213081587 -0.13707817399328512 23.35949116080502
-0.13965606277253473 0.03994007657076482 0.9893942462003691 82.10767339758647 -0.052049939179240626 0.997508721063263 -0.04761465356556618 -1.667522841023064 -0.9888311220639806 -0.058147585386264716 -0.13722926200863983 23.21269260499048
-0.1385315862740975 0.04205042814146787 0.9894648862377597 83.1915501503007 -0.050861576267980546 0.9974776542563707 -0.04951191087751229 -1.7407135416212718 -0.989051110743989 -0.05718470732919371 -0.1360434106590828 23.061316113778066
-0.13599763165534623 0.04189155829954589 0.989823085974142 84.31444571614617 -0.0486176646235188 0.997619655131559 -0.04890139447646055 -1.8212530807480516 -0.9895155212884191 -0.05477336066394939 -0.13363724065875185 22.907901625307296
-0.13242888206095335 0.04188119991868353 0.9903073039665307 85.45236079359566 -0.047394976521027386 0.9976965473303148 -0.04853159430451938 -1.9065303339045545 -0.9900587393668404 -0.05336257619847856 -0.13013887991220857 22.758768340471526
-0.1278602974412576 0.04095420139680041 0.9909462637934433 86.6101836413943 -0.048716733011121886 0.9976816529289697 -0.04751841047046865 -1.9947529815894722 -0.9905949849776932 -0.05435138265828351 -0.12556871800005237 22.615970818684243
-0.12207962312110231 0.03774496466042631 0.9918023408227034 87.77111946606803 -0.05055325681923855 0.9977431008572091 -0.04419358456617298 -2.0804062526374323 -0.9912320282575507 -0.05553397459774073 -0.11989597083221683 22.481916516586764
-0.11514985809453064 0.03288163859371479 0.9928037610848394 88.93801411772115 -0.05205846725472306 0.9978787841055216 -0.03908769907749902 -2.1602339624016316 -0.9919830775612548 -0.056184785088816414 -0.11319383267928143 22.355709238452356
-0.10772986224563193 0.03072302373453095 0.9937053751455437 90.10103886699072 -0.053023176407033454 0.997922268355625 -0.03660176339564956 -2.2330367455613125 -0.9927652388879487 -0.05663251833151975 -0.10587699619456688 22.23827664663756
-0.10045552939849775 0.027573677840665573 0.9945593893295702 91.26286253555327 -0.05373428695643022 0.9980066311389637 -0.03309668575460509 -2.3007824286458147 -0.993489462963021 -0.05676668471026139 -0.09877363255674174 22.128286543281686
-0.09350414931642971 0.025082076063375904 0.9953029003880993 92.42101323077773 -0.05445006983424421 0.9980576680571999 -0.030266832131375196 -2.3668955228554998 -0.9941288467576307 -0.05702438682330493 -0.09195681242718975 22.02704489656148
-0.08645319182418212 0.027620855402791473 0.9958729507172238 93.55645372462412 -0.05568095233276048 0.9979191567908899 -0.03251135274138746 -2.432230739965337 -0.9946986866236065 -0.05826186451338579 -0.08473534075399633 21.938476270372927
-0.0799614860764663 0.033445664901215824 0.9962366928816463 94.67379304410409 -0.05595270975274197 0.9977105541511607 -0.03798610807529881 -2.499123321206015 -0.9952263335622548 -0.05877956817380016 -0.07790704300339667 21.85705982203438
-0.07374766975508326 0.03579592001224614 0.9966343026989253 95.79629588589323 -0.05613084189138126 0.9976224414277515 -0.03998490900697837 -2.57061183327296 -0.9956960428736571 -0.05889071633295379 -0.07156307522411015 21.78154438858233
-0.06763922463629314 0.032025262451037644 0.9971957269541141 96.94675586349233 -0.0561730894307024 0.9977770622806381 -0.035854121247478846 -2.6448412944050483 -0.9961272606019831 -0.05844070971130256 -0.06568990892083723 21.70927625959421
-0.06104481750355523 0.027760139986227863 0.9977489187585741 98.11791029969669 -0.05626431973505356 0.9979280620938937 -0.031207518489562904 -2.7157177229170766 -0.9965479700349146 -0.058042721451270284 -0.05935643104012365 21.641205632893527
-0.05568397443137346 0.02864356031931809 0.9980374950089604 99.31220035752816 -0.0552738145844045 0.9979670840128692 -0.031725457414177385 -2.7821350244133987 -0.9969172986827014 -0.056931939006883196 -0.05398753474739809 21.576818309876522
-0.05225220253232789 0.03522778488211446 0.9980123799346483 100.51243696897029 -0.055578247107081244 0.9977260888944453 -0.038127548936386535 -2.8478246592707106 -0.9970861375924469 -0.057460027077019166 -0.05017548713548703 21.51745889704502
-0.04980372016237415 0.04323246048210703 0.9978229020315437 101.72415458833738 -0.05526733058375075 0.997412645881862 -0.045973209645278096 -2.919694291814661 -0.9972287158060248 -0.05743664505875418 -0.047285517616500246 21.46006652732242
-0.047413012352276636 0.047122315010543925 0.9977632453080894 102.94472515477072 -0.05654662793982443 0.9971581376542367 -0.04978079326977395 -3.0005436827114895 -0.9972735257331946 -0.058780404370673944 -0.04461366308320943 21.405568017259245
-0.044940923161631986 0.04721846465738259 0.9978731031653175 104.17241524960416 -0.05813239575363206 0.9970660695559386 -0.04979836848948063 -3.087648430599274 -0.9972968153911463 -0.060246738796971254 -0.04206414714464237 21.352837577843115
-0.04212026216562441 0.048133802783498214 0.9979524139680704 105.4157447134503 -0.06012927383841426 0.9969061965455328 -0.0506211982946202 -3.1763842104434334 -0.9973015361177194 -0.06213833212049983 -0.03909569974458052 21.301872794080836
-0.03864825063168427 0.04413478030649458 0.9982777338448499 106.65118950764929 -0.06231800874879429 0.9969730038463347 -0.0464897342130519 -3.2629875684879512 -0.9973077651902117 -0.06400742745113602 -0.0357808709004104 21.255863442187596
-0.034066883175515726 0.040800254947905686 0.9985863941927572 107.90192821724283 -0.061725045600957484 0.9971730266116546 -0.04284826418550434 -3.3490348075793386 -0.9975116371332539 -0.06309749752832457 -0.031452179406164876 21.21277747339088
-0.029247653241573503 0.03811457525322007 0.9988452602546245 109.15547969556839 -0.06130400192367433 0.9973232534290103 -0.039851568575340154 -3.432626808643819 -0.9976905302387117 -0.06239877661492653 -0.026832788691406567 21.17818394694032
-0.025320275466969674 0.03761587737533494 0.9989714357375599 110.43467584737965 -0.06207667112927968 0.997304167652751 -0.039126513823234635 -3.513426994317988 -0.9977501543732192 -0.06300351539189107 -0.022916947800256958 21.150648516633034
-0.021578494030459184 0.03870091654274054 0.9990178214897522 111.69137053126543 -0.06274483854419273 0.9972282267788258 -0.039986859736926346 -3.591539405296186 -0.9977962987661556 -0.06354606812627545 -0.01909040057856614 21.130862118512237
-0.01765831167562241 0.04301851875554163 0.9989182104020563 112.9023254583057 -0.06329011789125524 0.9970222957483622 -0.044055677931171044 -3.6689412855175276 -0.9978389374072733 -0.06399960019205701 -0.014883083322324148 21.11820890203142
-0.013304024588858956 0.04639258769499774 0.9988346863904467 114.05242655635104 -0.06400693560041565 0.9968348799260138 -0.047152246584151083 -3.74473436249318 -0.9978607694086293 -0.06455966209522988 -0.010292468380637987 21.112737091324195
-0.008521599903616547 0.04327151624044678 0.9990270057497627 115.1678523169343 -0.06529629006422846 0.99690696609319 -0.0437366603516806 -3.8176740265568676 -0.9978295329558697 -0.06560546347007123 -0.0056697728302196005 21.113760242405622
-0.00313960999070312 0.03751418177443743 0.9992911632827051 116.28436227790442 -0.06781760330246558 0.9969874347895015 -0.03764076984012733 -3.8877351274086664 -0.9976927961709525 -0.06788770903221336 -0.0005860298130756089 21.122634157564264
0.0018661735835520487 0.03347552797038831 0.9994377951744976 117.44891013563083 -0.06942541715620608 0.9970323613048732 -0.03326532674593808 -3.955622990429467 -0.9975853992760925 -0.06932430697764654 0.00418468794848173 21.13583834660051
0.005914535646635543 0.0354165726213889 0.9993551344000989 118.66431650489012 -0.06990716132285292 0.9969422095729406 -0.03491732474863982 -4.022907487937461 -0.9975359678046017 -0.06965556083741778 0.008372322291900327 21.15081538385622
0.00919838982382926 0.039266702975318875 0.9991864268804388 119.89723782126651 -0.07141600460906182 0.9967028678069688 -0.03851165526228143 -4.091855218582659 -0.9974042028738026 -0.07100365724954172 0.01197233255728469 21.170021999955214
0.01273478535477673 0.03920923144779681 0.9991498693445555 121.11344106804027 -0.07298458183322472 0.9966020337662053 -0.03817901396960011 -4.164063148470976 -0.9972517616212043 -0.07243633385487329 0.015553182345365742 21.193143164896195
0.017492029250152058 0.03786467042346211 0.9991297691723712 122.29533445455485 -0.07477641229704331 0.9965336743329039 -0.03645715409275494 -4.234273221517961 -0.9970468981330278 -0.07407362995211485 0.02026278038726871 21.222578148663295
0.02294651119031497 0.035903905984605564 0.9990917711397901 123.45258775415645 -0.07509840344339357 0.996593271620626 -0.034089305665398646 -4.299067999536148 -0.9969120760751393 -0.07424796627210914 0.025564664676260465 21.25733192035104
0.028084041373366495 0.03457158428796808 0.9990075536150667 124.60126617428115 -0.0761784590324853 0.9965694150351239 -0.032345685894504386 -4.360301180145558 -0.9966986149280902 -0.07519445841529723 0.030621306700646726 21.298844911888764
0.033537110156399826 0.03424017261375799 0.9988507760530293 125.74932689278457 -0.07658002235282377 0.9965628627696562 -0.031590516374182 -4.419667890402296 -0.9964992535967084 -0.07543256012973754 0.03604395169060882 21.345526648430056
0.03887077158106136 0.034008834845829755 0.9986653404765399 126.90165659863246 -0.07778790383695576 0.9964907402669413 -0.03090706357606514 -4.479765702886448 -0.9962118776311313 -0.07648270206178288 0.04137983992215289 21.401117970604616
0.04352652110124988 0.03237211685738031 0.9985276601131267 128.0456387305958 -0.07796235530998576 0.996537070203002 -0.02890914847821977 -4.5362320044585065 -0.9960056792585776 -0.07658925356333156 0.04589959829093972 21.461155585468934
0.04683694500852195 0.03132527701380998 0.9984112517406232 129.15549730471844 -0.0773545579359621 0.996620433090086 -0.027640273404224695 -4.587744697840464 -0.9959028933328787 -0.07593707505123198 0.049101809374634084 21.51896255259391
0.04918530081344533 0.030609712823751207 0.9983205154982742 130.1976902723177 -0.07728202417904616 0.9966503270564074 -0.026750968527223636 -4.634053096984763 -0.9957953077428509 -0.0758364757831126 0.05138612670864643 21.575964178669693
0.051262690923689194 0.03172135989291424 0.9981812920736434 131.21286439682308 -0.07638599480746373 0.9966920555709599 -0.027751146985449282 -4.676749372384016 -0.995759667950322 -0.07482447252255146 0.053516184422895956 21.630215012691625
0.05312397093559859 0.028079538753078354 0.9981930590899987 132.23689670129372 -0.0744288694702413 0.996935479451695 -0.024083047975700878 -4.718602113450068 -0.995810316828167 -0.07301499376040828 0.055051099759695896 21.686144164877827
0.05532144185742665 0.023666296612181198 0.9981880807119874 133.29203384637606 -0.07308214085538844 0.9971334893447139 -0.01959094472524164 -4.760041560022647 -0.9957904090514265 -0.07186592260521348 0.056892445977412935 21.74526190895861
0.05757866051655957 0.02176854860089174 0.9981036159362067 134.34803282261703 -0.07350582423176102 0.9971411101592215 -0.01750714809566879 -4.798520263075878 -0.9956312528527451 -0.07235839082127794 0.05901416457620041 21.80721872261169
0.060403994747809976 0.02349561816767247 0.9978974463066969 135.3721571672775 -0.07336425357270578 0.9971235106558965 -0.01903656468428206 -4.833685899636652 -0.9954742807909329 -0.072060116737194 0.06195398178967677 21.871236160807968
0.06304457518999743 0.025128590963358965 0.9976943096235992 136.36999184641562 -0.0742424579795039 0.9970311234707827 -0.020420486373970374 -4.8662006532409325 -0.9952454164537877 -0.07278387696999981 0.06472301198910224 21.93867361268961
0.06515751478550626 0.024480410260906527 0.9975746627598534 137.33897268033462 -0.07526351860510305 0.9969720213794557 -0.019549714927340645 -4.8977155341661565 -0.9950326130505244 -0.07380716835117469 0.0668027010368998 22.006040639464896
