0.999996841 -0.002199890 -0.001208985 -0.000232176 0.002203509 0.999993086 0.003000723 -0.000665128 0.001202375 -0.003003377 0.999994755 0.051581483
0.999993086 -0.002775830 -0.002481871 -0.000641828 0.002785524 0.999988496 0.003911121 -0.001293777 0.002470986 -0.003918007 0.999989271 0.102995738
0.999990225 -0.001714051 -0.004074048 -0.001012601 0.001729049 0.999991715 0.003680628 -0.001827899 0.004067705 -0.003687636 0.999984920 0.153954402
0.999984682 -0.000980388 -0.005451799 -0.001574598 0.000999840 0.999993145 0.003566309 -0.002426499 0.005448265 -0.003571705 0.999978781 0.204791844
0.999979556 -0.001160129 -0.006289701 -0.002468819 0.001183742 0.999992251 0.003751721 -0.002872799 0.006285300 -0.003759090 0.999973178 0.259310782
0.999966025 -0.001393395 -0.008125273 -0.002978142 0.001426471 0.999990702 0.004066311 -0.003392890 0.008119532 -0.004077763 0.999958694 0.305676699
0.999949217 -0.003241940 -0.009545032 -0.003547312 0.003275562 0.999988496 0.003508885 -0.004091077 0.009533547 -0.003539972 0.999948263 0.359492093
0.999931991 -0.004552979 -0.010738884 -0.004544485 0.004593751 0.999982297 0.003775075 -0.004571727 0.010721507 -0.003824150 0.999935210 0.406498164
0.999919593 -0.004291269 -0.011932978 -0.005255198 0.004340111 0.999982297 0.004070141 -0.005439483 0.011915301 -0.004121604 0.999920487 0.459882557
0.999905527 -0.003808177 -0.013208750 -0.005932172 0.003861048 0.999984622 0.003979553 -0.005871444 0.013193391 -0.004030177 0.999904871 0.506555855
0.999905944 -0.002408279 -0.013503947 -0.007082064 0.002468052 0.999987245 0.004411372 -0.006422367 0.013493151 -0.004444286 0.999899089 0.559188306
0.999900758 -0.000780363 -0.014064674 -0.007970149 0.000856600 0.999984980 0.005415298 -0.007098048 0.014060237 -0.005426808 0.999886394 0.605387211
0.999891162 0.000217882 -0.014753684 -0.008700102 -0.000127064 0.999981046 0.006156287 -0.007285857 0.014754746 -0.006153742 0.999872208 0.653875470
0.999881148 0.000334317 -0.015415395 -0.009488340 -0.000244130 0.999982834 0.005851950 -0.007482493 0.015417087 -0.005847490 0.999864042 0.702597380
0.999873221 0.001301503 -0.015871139 -0.010374459 -0.001213510 0.999983847 0.005552558 -0.007664266 0.015878109 -0.005532594 0.999858618 0.751202345
0.999870896 0.001882221 -0.015958726 -0.011407743 -0.001781947 0.999978602 0.006295259 -0.008082433 0.015970234 -0.006266009 0.999852836 0.799322069
0.999867737 0.002955366 -0.015991660 -0.012253412 -0.002837676 0.999968767 0.007377164 -0.008365647 0.016012961 -0.007330809 0.999844909 0.847055614
0.999869406 0.002953207 -0.015887666 -0.013216219 -0.002857503 0.999977648 0.006043131 -0.008771876 0.015905157 -0.005996943 0.999855518 0.895097971
0.999867141 0.004122717 -0.015772032 -0.014063861 -0.004057180 0.999983013 0.004185038 -0.009395228 0.015789019 -0.004120492 0.999866843 0.942310989
0.999878287 0.001577727 -0.015519994 -0.015044893 -0.001518152 0.999991417 0.003849612 -0.009808025 0.015525935 -0.003825582 0.999872148 0.989201903
0.999890149 0.001174615 -0.014775954 -0.016069943 -0.001082963 0.999980152 0.006209305 -0.010141718 0.014782954 -0.006192621 0.999871552 1.037430048
0.999890387 0.000126410 -0.014804943 -0.016797829 -0.000012579 0.999970436 0.007688523 -0.010470065 0.014805476 -0.007687494 0.999860823 1.083279848
0.999885619 -0.000825999 -0.015100991 -0.017213291 0.000928521 0.999976575 0.006783324 -0.010695394 0.015095035 -0.006796570 0.999862969 1.130277753
0.999899089 -0.001155725 -0.014159855 -0.018784652 0.001227622 0.999986410 0.005069906 -0.011214979 0.014153803 -0.005086777 0.999886870 1.174706697
0.999910116 0.000716337 -0.013388181 -0.019648410 -0.000660680 0.999991119 0.004161091 -0.011654031 0.013391043 -0.004151872 0.999901712 1.220854402
0.999921083 0.000684476 -0.012543118 -0.020611381 -0.000641262 0.999993861 0.003448951 -0.012485432 0.012545401 -0.003440636 0.999915361 1.264086366
0.999938071 0.000546908 -0.011116629 -0.021154793 -0.000497931 0.999990165 0.004408031 -0.013117019 0.011118931 -0.004402222 0.999928474 1.309650779
0.999950945 0.001548583 -0.009784998 -0.022002788 -0.001484827 0.999977648 0.006519552 -0.013485778 0.009794876 -0.006504703 0.999930859 1.351763606
0.999965668 0.000820613 -0.008243917 -0.022698905 -0.000756492 0.999969482 0.007778084 -0.013927802 0.008250048 -0.007771580 0.999935746 1.394998312
0.999980927 0.001478086 -0.005994253 -0.022849940 -0.001429775 0.999966502 0.008055816 -0.014314735 0.006005960 -0.008047093 0.999949574 1.437111974
0.999995232 0.001923127 -0.002407292 -0.023257405 -0.001905168 0.999970496 0.007440409 -0.014704114 0.002421530 -0.007435787 0.999969423 1.478801608
0.999999225 0.000573906 0.001082909 -0.023431581 -0.000580227 0.999982774 0.005845525 -0.015222582 -0.001079536 -0.005846149 0.999982357 1.519628644
0.999990463 0.000601803 0.004325703 -0.023293385 -0.000617140 0.999993503 0.003544970 -0.015312127 -0.004323542 -0.003547606 0.999984384 1.559369802
0.999960959 0.000670312 0.008810980 -0.023605727 -0.000709992 0.999989629 0.004501098 -0.016150011 -0.008807871 -0.004507178 0.999951065 1.600761294
0.999896586 0.001579505 0.014295172 -0.023213178 -0.001637378 0.999990523 0.004037619 -0.016268188 -0.014288658 -0.004060608 0.999889672 1.640949011
0.999787331 0.003107009 0.020386729 -0.022523774 -0.003178059 0.999988973 0.003453610 -0.017053384 -0.020375773 -0.003517666 0.999786198 1.679482102
0.999590278 0.004471022 0.028271055 -0.022044683 -0.004574810 0.999983013 0.003607578 -0.017748101 -0.028254446 -0.003735435 0.999593794 1.718650579
0.999322653 0.005390405 0.036403485 -0.020718601 -0.005557529 0.999974489 0.004491247 -0.018102827 -0.036378346 -0.004690518 0.999327064 1.757001400
0.998860419 0.008308987 0.046998098 -0.019505180 -0.008561113 0.999949992 0.005165852 -0.018439524 -0.046952825 -0.005562321 0.998881638 1.794456482
0.998155534 0.010126340 0.059858222 -0.017480806 -0.010452749 0.999932170 0.005142422 -0.019010445 -0.059802085 -0.005758620 0.998193622 1.832493305
0.997128427 0.011957307 0.074779436 -0.014872658 -0.012379906 0.999909878 0.005190279 -0.018940328 -0.074710637 -0.006101137 0.997186601 1.868891001
0.995756090 0.014273013 0.090918086 -0.012103164 -0.014965720 0.999863923 0.006941813 -0.019880872 -0.090806633 -0.008273006 0.995834172 1.906496644
0.993902683 0.014968405 0.109240010 -0.008902626 -0.015876090 0.999846280 0.007444033 -0.020067085 -0.109111793 -0.009132950 0.993987501 1.942242265
0.991662681 0.014142472 0.128082454 -0.004101312 -0.015095109 0.999865115 0.006469982 -0.020396626 -0.127973676 -0.008349458 0.991742432 1.979912281
0.988847077 0.014316580 0.148244604 0.001016032 -0.015304602 0.999867618 0.005526178 -0.020716738 -0.148145869 -0.007733370 0.988935292 2.014853477
0.985521853 0.010385917 0.169230193 0.006484687 -0.011471571 0.999919415 0.005438773 -0.021135695 -0.169160068 -0.007301366 0.985561550 2.049780369
0.981619477 0.005961171 0.190755382 0.013164453 -0.007543780 0.999942899 0.007571433 -0.021568587 -0.190699354 -0.008871282 0.981608391 2.082924366
0.976778507 -0.000054804 0.214251548 0.020525390 -0.001912033 0.999957919 0.008972793 -0.021890504 -0.214243025 -0.009174088 0.976737320 2.118025780
0.971323669 -0.005226950 0.237703621 0.028623050 0.003246719 0.999956667 0.008721400 -0.022254677 -0.237738907 -0.007699545 0.971298575 2.150410414
0.964753211 -0.011307501 0.262913167 0.037555732 0.009984136 0.999929845 0.006368949 -0.022515701 -0.262966752 -0.003519503 0.964798450 2.183576584
0.957133770 -0.015152433 0.289249599 0.047372025 0.013710149 0.999881446 0.007011902 -0.022751212 -0.289321572 -0.002745674 0.957228005 2.216038465
0.948455691 -0.017708831 0.316414595 0.057435021 0.015492842 0.999834657 0.009517981 -0.023258358 -0.316530824 -0.004125222 0.948573232 2.246911049
0.938764393 -0.021902855 0.343862921 0.068831623 0.018918235 0.999748647 0.012032656 -0.023233552 -0.344040036 -0.004790550 0.938942730 2.277480841
0.927804649 -0.024947569 0.372231364 0.080809183 0.022144699 0.999685109 0.011803837 -0.023471992 -0.372408628 -0.002708704 0.928064942 2.307364225
0.915662408 -0.024181550 0.401220202 0.093372978 0.022869812 0.999705970 0.008058948 -0.023641959 -0.401297122 0.001796555 0.915946186 2.336062193
0.902625322 -0.025527488 0.429669559 0.107399985 0.027039187 0.999631047 0.002587603 -0.023954136 -0.429577082 0.009282279 0.902982473 2.364639521
0.888357401 -0.026959715 0.458360404 0.122017153 0.030134184 0.999545813 0.000387344 -0.024175100 -0.458162636 0.013468216 0.888766348 2.392537355
0.872682154 -0.027691357 0.487502873 0.137516320 0.029549925 0.999555767 0.003879696 -0.024811260 -0.487393737 0.011019932 0.873112798 2.420098066
0.854922116 -0.026974589 0.518054605 0.153477609 0.025967030 0.999620497 0.009197029 -0.024857417 -0.518106103 0.005589594 0.855298102 2.447121620
0.835411072 -0.027215967 0.548951328 0.170850277 0.023956399 0.999627173 0.013102031 -0.025402429 -0.549103260 0.002205314 0.835751653 2.473110914
0.814221382 -0.020792743 0.580182076 0.188332319 0.019783303 0.999771774 0.008066448 -0.025486033 -0.580217361 0.004910042 0.814446867 2.498387814
0.792267382 -0.013956198 0.610014498 0.206950560 0.017061293 0.999854207 0.000716469 -0.025431123 -0.609935522 0.009839999 0.792389989 2.522781372
0.769927979 -0.011017254 0.638035715 0.226841345 0.015874004 0.999872208 -0.001890167 -0.025104266 -0.637933314 0.011583473 0.770004511 2.546323299
0.746494830 -0.013615903 0.665251851 0.246513471 0.016870165 0.999856532 0.001533941 -0.025891012 -0.665177286 0.010077830 0.746617436 2.569201469
0.721850395 -0.013761941 0.691912234 0.267507106 0.016967677 0.999853671 0.002184964 -0.026389234 -0.691841066 0.010162926 0.721978307 2.591346264
0.696413159 -0.012124721 0.717538595 0.289027393 0.017865861 0.999840319 -0.000444906 -0.026858611 -0.717418611 0.013129283 0.696518600 2.612215757
0.670424640 -0.009377802 0.741918385 0.311674982 0.017605953 0.999839664 -0.003271474 -0.026993996 -0.741768718 0.015255456 0.670482278 2.632286549
0.643247247 -0.007021827 0.765626371 0.334531605 0.016076017 0.999861360 -0.004336319 -0.027383117 -0.765489817 0.015097547 0.643270969 2.651677132
0.615137875 -0.005797511 0.788398325 0.358269215 0.016230375 0.999854147 -0.005311088 -0.027981680 -0.788252532 0.016063051 0.615142226 2.670823812
0.586099923 0.000562523 0.810238659 0.382532537 0.014781079 0.999825895 -0.011386296 -0.028588466 -0.810104072 0.018649708 0.585989594 2.688640594
0.556050539 0.009936227 0.831089079 0.407844812 0.013378499 0.999691963 -0.020903040 -0.029431077 -0.831040800 0.022741871 0.555746377 2.706153631
0.524942517 0.018582268 0.850934803 0.433421671 0.012103840 0.999497592 -0.029293375 -0.030172782 -0.851051629 0.025676917 0.524453878 2.722115517
0.493678391 0.023370426 0.869330466 0.460555732 0.009699654 0.999428689 -0.032376163 -0.031209445 -0.869590461 0.024415616 0.493169665 2.737471104
0.461275637 0.023023564 0.886958182 0.488110781 0.007951687 0.999515831 -0.030080719 -0.032305781 -0.887221277 0.020928318 0.460869193 2.751991749
0.428045630 0.021355044 0.903504848 0.516107917 0.003368429 0.999676168 -0.025223961 -0.033587229 -0.903750896 0.013840399 0.427835047 2.765385389
0.393482566 0.022942794 0.919045806 0.545363307 -0.001041260 0.999699056 -0.024510395 -0.034687988 -0.919331551 0.008687451 0.393388033 2.778860092
0.358045161 0.025921021 0.933344424 0.574832439 -0.008402152 0.999663532 -0.024539655 -0.035865039 -0.933666468 0.000944204 0.358142495 2.790926695
0.322308838 0.028035033 0.946219385 0.605128288 -0.012950586 0.999598384 -0.025205242 -0.036621012 -0.946546018 -0.004130222 0.322542489 2.801747799
0.286520720 0.027292449 0.957685232 0.635787368 -0.015691204 0.999593794 -0.023792272 -0.037847340 -0.957945526 -0.008210255 0.286832571 2.810986042
0.249832749 0.027056856 0.967911005 0.667488694 -0.016145909 0.999586940 -0.023774816 -0.038712122 -0.968154490 -0.009688074 0.250166416 2.819725752
0.213790298 0.026411833 0.976522505 0.699206233 -0.015548782 0.999599814 -0.023631902 -0.039807256 -0.976755857 -0.010131462 0.214115381 2.826885700
0.178866208 0.025162332 0.983551681 0.731400728 -0.013013076 0.999645948 -0.023207551 -0.040742476 -0.983787477 -0.008647984 0.179130316 2.832479477
0.144202828 0.024144720 0.989253640 0.764152169 -0.004765905 0.999707639 -0.023705151 -0.041808650 -0.989536762 -0.001296338 0.144275725 2.837159395
0.110920429 0.027514564 0.993448317 0.796929598 -0.002438603 0.999621212 -0.027413253 -0.043028306 -0.993826330 0.000618063 0.110945523 2.840478897
0.078090966 0.032633323 0.996412039 0.829605818 -0.001757770 0.999467075 -0.032595620 -0.044070732 -0.996944726 0.000793964 0.078106761 2.843298912
0.049141169 0.036403295 0.998128355 0.862630010 0.005262348 0.999312282 -0.036705561 -0.045428544 -0.998778105 0.007056258 0.048915803 2.844690800
0.023792386 0.034676969 0.999115407 0.896209836 0.007035673 0.999367654 -0.034853272 -0.046702679 -0.999692261 0.007858696 0.023533404 2.845285654
0.001461387 0.031697541 0.999496460 0.929730415 0.008704056 0.999459267 -0.031709086 -0.048001271 -0.999961078 0.008746012 0.001184702 2.845421314
-0.017701149 0.029260734 0.999415100 0.963999152 0.008805512 0.999537468 -0.029108360 -0.049308002 -0.999804556 0.008285112 -0.017950535 2.845062017
-0.034150124 0.032334894 0.998893499 0.997794390 0.010625672 0.999431729 -0.031989045 -0.050643593 -0.999360263 0.009521486 -0.034474254 2.843977451
-0.048461199 0.036871862 0.998144329 1.031927824 0.013771554 0.999248087 -0.036244009 -0.051896583 -0.998730183 0.011989573 -0.048932552 2.842131376
-0.060348868 0.042078827 0.997290015 1.065721273 0.017946640 0.998995304 -0.041064773 -0.053393573 -0.998016000 0.015419791 -0.061043382 2.839976788
-0.069223285 0.045535292 0.996561468 1.099822998 0.023342049 0.998758197 -0.044014279 -0.055065740 -0.997328103 0.020214973 -0.070200205 2.837391853
-0.074814558 0.050981719 0.995893538 1.133671284 0.027643347 0.998414516 -0.049034134 -0.056751028 -0.996814370 0.023861373 -0.076105237 2.834613800
-0.078151345 0.055581767 0.995391071 1.167909145 0.029296486 0.998141468 -0.053435199 -0.058777623 -0.996511102 0.024985429 -0.079634428 2.831634998
-0.080956340 0.059521947 0.994938850 1.202170610 0.031260606 0.997875810 -0.057154037 -0.060938641 -0.996227324 0.026475407 -0.082645059 2.828794956
-0.083181143 0.062335271 0.994583070 1.236893892 0.031715725 0.997701705 -0.059878223 -0.063284524 -0.996029794 0.026563188 -0.084967017 2.825681686
-0.085887194 0.066053092 0.994112849 1.271388888 0.032531381 0.997453749 -0.063464500 -0.065524749 -0.995773613 0.026889073 -0.087817311 2.822816133
-0.087918282 0.069899738 0.993672192 1.306214333 0.034077775 0.997162104 -0.067130096 -0.067845047 -0.995544612 0.027960179 -0.090050697 2.819719315
-0.089876533 0.071339205 0.993394613 1.341248870 0.036615174 0.996993721 -0.068284944 -0.070360690 -0.995279610 0.030236106 -0.092218399 2.816294909
-0.091897368 0.070182107 0.993292153 1.376168370 0.037051242 0.997063398 -0.067020662 -0.072899342 -0.995078921 0.030643685 -0.094227910 2.813091278
-0.094189167 0.069713652 0.993110478 1.411329389 0.036351502 0.997120857 -0.066547498 -0.075587213 -0.994890451 0.029833004 -0.096452236 2.809691429
-0.096118212 0.071041793 0.992831528 1.446509004 0.036298446 0.997036457 -0.067828543 -0.078158878 -0.994707882 0.029518684 -0.098412037 2.806098461
-0.098817945 0.073105752 0.992416561 1.481570959 0.035473198 0.996922672 -0.069905527 -0.080807619 -0.994473100 0.028296273 -0.101107121 2.802944899
-0.101450324 0.075276650 0.991988659 1.516772032 0.033618927 0.996823013 -0.072205320 -0.083513938 -0.994272530 0.026024345 -0.103658795 2.799510717
-0.103742957 0.078612030 0.991492808 1.552152872 0.031807136 0.996623933 -0.075690806 -0.086529918 -0.994095683 0.023684166 -0.105893135 2.795667648
-0.106190801 0.083254941 0.990854204 1.587903261 0.027690802 0.996349752 -0.080749042 -0.088939972 -0.993960083 0.018862747 -0.108108521 2.792158365
-0.108953834 0.085676275 0.990347862 1.623702049 0.024937358 0.996200800 -0.083439134 -0.092011295 -0.993734062 0.015605659 -0.110676408 2.788351536
-0.111400127 0.084017210 0.990217745 1.659914374 0.023857154 0.996358752 -0.081854314 -0.095249310 -0.993489265 0.014505199 -0.112998843 2.784325600
-0.113686681 0.080094010 0.990283072 1.695837855 0.021422511 0.996711075 -0.078154571 -0.098117754 -0.993285835 0.012329218 -0.115028620 2.779703617
-0.116635084 0.077914432 0.990113974 1.731727958 0.021228690 0.996885896 -0.075946607 -0.101544484 -0.992947996 0.012160792 -0.117925882 2.776185036
-0.119737506 0.078626409 0.989687264 1.766924024 0.019968627 0.996848106 -0.076779403 -0.104187056 -0.992604792 0.010569322 -0.120930076 2.772809267
-0.120024323 0.081636608 0.989408731 1.804599643 0.022398239 0.996582270 -0.079511389 -0.107213646 -0.992518246 0.012617709 -0.121442676 2.767777443
-0.120448112 0.084173843 0.989144742 1.840839744 0.023026221 0.996367574 -0.081984602 -0.110394508 -0.992452681 0.012901382 -0.121948838 2.763182878
-0.120776772 0.084697679 0.989059806 1.877373219 0.021500548 0.996342897 -0.082695872 -0.113761261 -0.992446840 0.011277590 -0.122156143 2.758942127
-0.120614052 0.083314396 0.989197254 1.913512945 0.018933434 0.996483684 -0.081619531 -0.117072895 -0.992519021 0.008884449 -0.121767402 2.754500389
-0.119615555 0.083209768 0.989327312 1.952577829 0.014438213 0.996522069 -0.082069241 -0.120096937 -0.992715478 0.004467363 -0.120401025 2.749371529
-0.119754672 0.084067635 0.989237905 1.989334822 0.011186732 0.996459484 -0.083327107 -0.123433322 -0.992740571 0.001087534 -0.120271087 2.745274067
-0.120497584 0.084258921 0.989131510 2.026560307 0.006958889 0.996438622 -0.084033646 -0.126668304 -0.992689371 -0.003242583 -0.120654821 2.741221189
-0.120933890 0.083552994 0.989138126 2.063478708 0.003008054 0.996477604 -0.083805211 -0.130111217 -0.992656171 -0.007159504 -0.120759249 2.736853838
-0.120906949 0.078485407 0.989556253 2.101160765 0.004051002 0.996900141 -0.078572914 -0.133389920 -0.992655575 -0.005491318 -0.120850086 2.732403278
-0.121286035 0.069431685 0.990186334 2.138579130 0.007336190 0.997586071 -0.069051959 -0.136634514 -0.992590547 -0.001110842 -0.121502638 2.727800369
-0.121064544 0.063131474 0.990635216 2.175986767 0.013776991 0.997986257 -0.061916281 -0.140001193 -0.992549181 0.006152115 -0.121690512 2.722947359
-0.119557500 0.066404507 0.990604162 2.214525700 0.021975061 0.997693300 -0.064227521 -0.142237514 -0.992584109 0.014089703 -0.120741010 2.717689753
-0.118637562 0.071593732 0.990353286 2.252566576 0.028196288 0.997237861 -0.068713710 -0.145022392 -0.992537260 0.019772265 -0.120328546 2.712839603
-0.117269993 0.078314789 0.990007401 2.289184809 0.031181315 0.996684670 -0.075149462 -0.147344857 -0.992610455 0.022056960 -0.119323134 2.708094597
-0.116365790 0.082789943 0.989749849 2.326604843 0.031674080 0.996322274 -0.079615757 -0.150293291 -0.992701232 0.022084871 -0.118560076 2.703391314
-0.115955710 0.080441691 0.989991665 2.364452839 0.028752204 0.996569216 -0.077608474 -0.153113246 -0.992838144 0.019465294 -0.117870808 2.698446274
-0.116333842 0.075808242 0.990312874 2.402834177 0.027843269 0.996939898 -0.073044740 -0.156209320 -0.992819846 0.019075977 -0.118088603 2.694778204
-0.116658092 0.073743150 0.990430653 2.441181660 0.025554527 0.997132361 -0.071232192 -0.159263521 -0.992843330 0.017000178 -0.118208051 2.690456152
-0.116177320 0.074352890 0.990441680 2.479370117 0.024269968 0.997108817 -0.072006576 -0.162262440 -0.992932022 0.015672462 -0.117645979 2.686069965
-0.116331100 0.079418123 0.990030229 2.517440796 0.024545461 0.996723413 -0.077070877 -0.165203333 -0.992907107 0.015335004 -0.117899299 2.681894779
-0.115657568 0.082199782 0.989882171 2.555687666 0.023511518 0.996517241 -0.080003686 -0.168260142 -0.993010938 0.014020598 -0.117187381 2.677603960
-0.115047574 0.081119180 0.990042508 2.594332933 0.024096487 0.996594727 -0.078855939 -0.171319067 -0.993067861 0.014784371 -0.116610527 2.672909498
-0.114038825 0.074659213 0.990667045 2.633205652 0.026334319 0.997049034 -0.072108760 -0.174351886 -0.993127227 0.017865347 -0.115668416 2.668071508
-0.114356518 0.073095970 0.990746975 2.672188282 0.025298197 0.997180283 -0.070650570 -0.177416027 -0.993117571 0.016984753 -0.115883231 2.663626909
-0.114277363 0.076337144 0.990511596 2.711229563 0.023258690 0.996975660 -0.074151918 -0.180260584 -0.993176520 0.014564109 -0.115707278 2.659600496
-0.114036679 0.079272181 0.990308881 2.750260830 0.022490211 0.996762037 -0.077198938 -0.183366939 -0.993221998 0.013468753 -0.115450263 2.655145645
-0.113871336 0.078836277 0.990362644 2.789828300 0.021449104 0.996809363 -0.076883249 -0.186529368 -0.993263960 0.012487593 -0.115198970 2.650633812
-0.113605738 0.075389862 0.990661502 2.829586744 0.021042313 0.997075796 -0.073464930 -0.189663187 -0.993303120 0.012499774 -0.114859819 2.646166801
-0.112999082 0.074107870 0.990827680 2.869028807 0.021808501 0.997159362 -0.072094306 -0.192870215 -0.993355870 0.013461882 -0.114294291 2.641893625
-0.111959934 0.074674249 0.990903080 2.908900261 0.022759734 0.997103631 -0.072569959 -0.195850641 -0.993452132 0.014427769 -0.113335252 2.637386560
-0.110823154 0.074846774 0.991017878 2.948746204 0.025700541 0.997042477 -0.072427765 -0.199017748 -0.993507922 0.017443027 -0.112419009 2.632747889
-0.109704256 0.074600026 0.991160810 2.988795757 0.025532978 0.997061968 -0.072218120 -0.201785430 -0.993636191 0.017384650 -0.111286640 2.628283978
-0.108479738 0.075098097 0.991258085 3.028995991 0.026743177 0.997002065 -0.072606586 -0.204978004 -0.993738949 0.018633049 -0.110162854 2.623904228
-0.107249975 0.073402099 0.991518974 3.069605827 0.026757782 0.997122884 -0.070922650 -0.208117142 -0.993872106 0.018924408 -0.108905435 2.619557858
-0.106506586 0.072174564 0.991689086 3.110018492 0.025078120 0.997239769 -0.069885172 -0.211416617 -0.993995726 0.017426474 -0.108022571 2.615465164
-0.104940176 0.071422093 0.991910577 3.150849819 0.026307812 0.997268021 -0.069024600 -0.214511469 -0.994130552 0.018851545 -0.106532454 2.611068487
-0.103086233 0.072081417 0.992057204 3.191925764 0.024209194 0.997257113 -0.069943622 -0.217601478 -0.994377792 0.016806681 -0.104548573 2.606745481
-0.101933956 0.075102359 0.991952181 3.233089685 0.023924757 0.997042775 -0.073029250 -0.220553696 -0.994503438 0.016288046 -0.103429317 2.602697611
-0.100334048 0.073938206 0.992202759 3.274396896 0.022008052 0.997155905 -0.072081812 -0.223729163 -0.994710386 0.014604196 -0.101675868 2.598304749
-0.100412965 0.072589032 0.992294490 3.315839052 0.018308852 0.997300982 -0.071102560 -0.227009133 -0.994777560 0.011028166 -0.101470947 2.594652891
-0.099765062 0.073554046 0.992288649 3.357568741 0.016062409 0.997253060 -0.072307117 -0.230283752 -0.994881392 0.008724824 -0.100672364 2.590322733
-0.100409150 0.073189922 0.992250562 3.399752617 0.012954589 0.997302294 -0.072251633 -0.233347863 -0.994861841 0.005599467 -0.101086497 2.586320877
-0.101595759 0.070489094 0.992325485 3.441667080 0.010254697 0.997507811 -0.069807336 -0.236635342 -0.994773030 0.003083868 -0.102065444 2.582327843
-0.103501081 0.068618283 0.992259562 3.483609200 0.007795463 0.997642756 -0.068177409 -0.240058348 -0.994598806 0.000678691 -0.103791952 2.578396320
-0.104400873 0.068403579 0.992180169 3.526722193 0.006280316 0.997657359 -0.068120353 -0.242940813 -0.994515538 -0.000880611 -0.104585886 2.574034691
-0.105464458 0.068745360 0.992044032 3.568711758 0.006500635 0.997633934 -0.068441637 -0.246118501 -0.994401813 -0.000769244 -0.105661869 2.569436073
-0.107586026 0.067455277 0.991904914 3.610537529 0.006053014 0.997721553 -0.067194320 -0.249078080 -0.994177520 -0.001225151 -0.107749224 2.564929485
-0.110638738 0.062898993 0.991868317 3.652632952 0.004128927 0.998015821 -0.062828265 -0.252013475 -0.993852139 -0.002855886 -0.110678911 2.560580969
-0.115006804 0.062561914 0.991392672 3.694098711 0.003029740 0.998032272 -0.062629439 -0.255147427 -0.993360102 -0.004199145 -0.114969969 2.556073904
-0.120694876 0.067999348 0.990357935 3.735304832 -0.001936082 0.997633100 -0.068734817 -0.258262932 -0.992687762 -0.010213354 -0.120277524 2.551677704
-0.127933025 0.071274184 0.989218473 3.776576042 -0.001217515 0.997402370 -0.072021306 -0.261316627 -0.991782129 -0.010418290 -0.127513885 2.546585560
-0.136708140 0.067652814 0.988298714 3.818147421 0.000644524 0.997671127 -0.068205252 -0.264346451 -0.990611315 -0.008687215 -0.136433363 2.540857315
-0.147759318 0.064944640 0.986888826 3.859154224 0.003158708 0.997867584 -0.065194204 -0.267778665 -0.989018440 -0.006515751 -0.147649407 2.535038233
-0.160808682 0.065768965 0.984791875 3.899887323 0.003617132 0.997809887 -0.066047721 -0.270998061 -0.986978948 -0.007058927 -0.160694480 2.528825760
-0.174698830 0.066331036 0.982385099 3.940418720 0.005664930 0.997779489 -0.066363066 -0.273901284 -0.984605610 -0.006028406 -0.174686670 2.521585464
-0.189305425 0.064248919 0.979814112 3.980775356 0.006545686 0.997917414 -0.064171344 -0.276962221 -0.981896520 -0.005734417 -0.189331651 2.514076710
-0.204546571 0.066676728 0.976583302 4.020643711 0.010321767 0.997768819 -0.065961272 -0.279939264 -0.978802443 -0.003412082 -0.204778433 2.505771160
-0.219272494 0.069790781 0.973164320 4.059926987 0.010833039 0.997551024 -0.069098786 -0.283046693 -0.975603521 -0.004609134 -0.219491601 2.496828079
-0.234064102 0.074011460 0.969399989 4.099324226 0.010697038 0.997233868 -0.073553689 -0.285909802 -0.972162306 -0.006846563 -0.234208345 2.487213612
-0.249758601 0.071772464 0.965644658 4.138511181 0.007268479 0.997360110 -0.072249800 -0.289224595 -0.968280971 -0.011026232 -0.249620914 2.477161407
-0.265986323 0.066086456 0.961708903 4.177186966 0.001597725 0.997676134 -0.068116158 -0.292379797 -0.963975608 -0.016581412 -0.265473723 2.466927528
-0.281753898 0.062155571 0.957471371 4.217812538 -0.002429995 0.997850120 -0.065491885 -0.295509875 -0.959483624 -0.020779250 -0.280997157 2.455984116
-0.297257781 0.064040318 0.952647269 4.256609917 -0.004258089 0.997649312 -0.068394184 -0.298123956 -0.954787850 -0.024387155 -0.296286345 2.444669724
-0.311513186 0.066071555 0.947941959 4.294566154 -0.004127002 0.997476280 -0.070880316 -0.301123351 -0.950232804 -0.025992315 -0.310454369 2.432544231
-0.325373054 0.068143502 0.943127215 4.332481384 -0.002645321 0.997330427 -0.072972454 -0.304422945 -0.945582092 -0.026238138 -0.324324250 2.419774532
-0.339431882 0.068097346 0.938162565 4.370382309 -0.000199078 0.997370780 -0.072467059 -0.307659775 -0.940630734 -0.024784388 -0.338525891 2.406295776
-0.353547573 0.066041969 0.933082461 4.407544136 -0.001072178 0.997475326 -0.071005844 -0.310884118 -0.935416102 -0.026104366 -0.352584124 2.392529964
-0.367719173 0.064512283 0.927696705 4.444287777 -0.000692384 0.997571528 -0.069645852 -0.314231336 -0.929936826 -0.026252422 -0.366781473 2.377710819
-0.382278204 0.065881789 0.921695709 4.480876923 -0.001873118 0.997397840 -0.072069772 -0.317387551 -0.924045384 -0.029277150 -0.381160021 2.362727642
-0.397452235 0.067847058 0.915111244 4.517393112 -0.001300595 0.997220218 -0.074499555 -0.320613921 -0.917621970 -0.030800199 -0.396259189 2.347465038
-0.411763310 0.069664702 0.908624411 4.553806305 -0.000206012 0.997066557 -0.076538980 -0.323795587 -0.911291063 -0.031703111 -0.410541058 2.331012726
-0.426463127 0.072049670 0.901630938 4.589683056 0.002429338 0.996910036 -0.078514412 -0.327106595 -0.904501855 -0.031293124 -0.425320387 2.314500809
-0.441135883 0.075242870 0.894280493 4.626097679 0.001848344 0.996553123 -0.082936116 -0.330713302 -0.897438407 -0.034933161 -0.439754486 2.296840191
-0.456316948 0.077555314 0.886431098 4.661998749 0.003388813 0.996338665 -0.085426822 -0.334310085 -0.889810920 -0.035977751 -0.454909086 2.278738022
-0.471116304 0.074722059 0.878900468 4.696962833 0.002262760 0.996504545 -0.083507575 -0.337962598 -0.882068217 -0.037353035 -0.469638586 2.260115623
-0.487496138 0.070472635 0.870276451 4.732836723 -0.001134618 0.996685386 -0.081344463 -0.341451705 -0.873124361 -0.040642545 -0.485800385 2.240794659
-0.504016399 0.070123650 0.860842705 4.768771172 -0.001959858 0.996603191 -0.082330078 -0.344863385 -0.863691866 -0.043182835 -0.502166867 2.220899582
-0.520287037 0.069617167 0.851149082 4.803231716 -0.002936963 0.996519983 -0.083302625 -0.348322660 -0.853986382 -0.045841072 -0.518271923 2.200622082
-0.535895109 0.068542317 0.841497660 4.839272976 -0.003182788 0.996528029 -0.083196878 -0.352049410 -0.844278514 -0.047263116 -0.533816338 2.178015232
-0.551765203 0.068005793 0.831222415 4.873222828 -0.004537555 0.996410370 -0.084532551 -0.355678409 -0.833987355 -0.050413825 -0.549475908 2.156064987
-0.566751361 0.067434385 0.821124792 4.907961845 -0.004821880 0.996356189 -0.085153297 -0.359379888 -0.823875010 -0.052220095 -0.564361095 2.132070065
-0.582146406 0.065836616 0.810414433 4.941919327 -0.004475858 0.996441841 -0.084164307 -0.362539321 -0.813071966 -0.052623227 -0.579780340 2.108261585
-0.597127438 0.061909966 0.799753785 4.976621628 -0.004110003 0.996767938 -0.080229774 -0.366520345 -0.802135944 -0.051194385 -0.594943047 2.083042145
-0.611820579 0.061192460 0.788626075 5.009240150 -0.002079233 0.996875286 -0.078964375 -0.369881392 -0.790993869 -0.049951766 -0.609781623 2.057753563
-0.627161980 0.058490686 0.776689529 5.043430328 -0.004193937 0.996908307 -0.078461379 -0.373797119 -0.778877497 -0.052465383 -0.624977708 2.031683445
-0.642014980 0.059462685 0.764382780 5.075905323 -0.005276332 0.996621609 -0.081960611 -0.377561837 -0.766673982 -0.056653075 -0.639532328 2.005166531
-0.657739878 0.059775859 0.750869513 5.108389378 -0.007194400 0.996302187 -0.085616559 -0.379871428 -0.753210723 -0.061715484 -0.654877663 1.978664398
-0.673743725 0.057115674 0.736754537 5.140404701 -0.008560642 0.996338367 -0.085067973 -0.383388698 -0.738915563 -0.063621104 -0.670787811 1.951182842
-0.690169573 0.048819732 0.721999049 5.170986176 -0.012644589 0.996755838 -0.079485238 -0.387313366 -0.723537207 -0.063987672 -0.687313318 1.923111916
-0.707143426 0.045996610 0.705572546 5.201346874 -0.013916232 0.996783197 -0.078927986 -0.390905350 -0.706933260 -0.065632306 -0.704228640 1.893956184
-0.724707723 0.043703444 0.687669158 5.230512619 -0.015240976 0.996725798 -0.079406798 -0.394206941 -0.688887894 -0.068027467 -0.721668839 1.864520550
-0.741871476 0.039716441 0.669364989 5.259759426 -0.018762348 0.996623993 -0.079928897 -0.397727281 -0.670279682 -0.071855821 -0.738621712 1.832818985
-0.758433819 0.038108550 0.650635004 5.287106514 -0.018303767 0.996649921 -0.079711474 -0.401043892 -0.651493013 -0.072364949 -0.755195498 1.801801920
-0.774701476 0.038836509 0.631133378 5.315926552 -0.017381381 0.996427059 -0.082649931 -0.405152559 -0.632088184 -0.074998990 -0.771258473 1.767710447
-0.789461732 0.038185641 0.612610877 5.342438698 -0.013893573 0.996695518 -0.080031082 -0.409202516 -0.613642514 -0.071692824 -0.786322474 1.733661175
-0.803718209 0.039109647 0.593723595 5.367596149 -0.010297447 0.996773779 -0.079598859 -0.412961304 -0.594921231 -0.070088878 -0.800722480 1.699857473
-0.818181038 0.040809199 0.573510528 5.393300533 -0.007788264 0.996599793 -0.082025781 -0.416914523 -0.574907899 -0.071578592 -0.815081239 1.663744211
-0.831956744 0.042426221 0.553216100 5.417644024 -0.006724455 0.996227980 -0.086513475 -0.420711815 -0.554799795 -0.075695544 -0.828533292 1.628062487
-0.844727755 0.043315843 0.533440650 5.440528870 -0.003872078 0.996198714 -0.087023810 -0.424262583 -0.535182416 -0.075576946 -0.841349006 1.591812372
-0.856820226 0.040877882 0.513992369 5.463652611 -0.002765232 0.996473789 -0.083859310 -0.428600013 -0.515607893 -0.073273659 -0.853685856 1.555886745
-0.867432594 0.042395681 0.495745420 5.485576630 -0.000116136 0.996345878 -0.085409783 -0.432649553 -0.497554928 -0.074144788 -0.864257932 1.518965244
-0.876933575 0.045739628 0.478430063 5.506458759 0.003220904 0.995998025 -0.089317262 -0.436485052 -0.480600715 -0.076784328 -0.873571515 1.481590748
-0.885874271 0.043371655 0.461893588 5.526796818 0.001491348 0.995881438 -0.090652660 -0.440702677 -0.463923037 -0.079618007 -0.882290483 1.443557978
-0.894133449 0.040612619 0.445955098 5.546620369 0.000406475 0.995952070 -0.089885235 -0.444884360 -0.447800368 -0.080188125 -0.890530586 1.405241489
-0.901426196 0.038686179 0.431200892 5.565738678 -0.000427212 0.995919585 -0.090244301 -0.449078053 -0.432932615 -0.081532784 -0.897731543 1.366511106
-0.908055544 0.036541034 0.417253047 5.584092617 -0.001030418 0.995989323 -0.089466467 -0.453326285 -0.418848753 -0.081670463 -0.904376030 1.327460766
-0.914283991 0.033913355 0.403651953 5.601963520 -0.002227191 0.996053278 -0.088729404 -0.457450390 -0.405067980 -0.082022868 -0.910600066 1.288159370
-0.920102954 0.028844932 0.390613347 5.619697571 -0.004910830 0.996356547 -0.085143812 -0.461523414 -0.391646147 -0.080259301 -0.916609049 1.248460054
-0.925275922 0.025870886 0.378411502 5.636650085 -0.005575113 0.996635735 -0.081769101 -0.465573609 -0.379253834 -0.077768661 -0.922018766 1.208316565
-0.929557681 0.025744041 0.367776662 5.652853012 -0.003413930 0.996915221 -0.078411907 -0.469422102 -0.368660808 -0.074143961 -0.926602364 1.167824745
-0.932869196 0.030228643 0.358944803 5.668592930 0.001441916 0.996778011 -0.080196530 -0.473135948 -0.360212535 -0.074295297 -0.929907084 1.128140092
-0.934921265 0.035184663 0.353106588 5.683660984 0.006577971 0.996619701 -0.081889845 -0.476785541 -0.354794234 -0.074237831 -0.931992292 1.087385297
-0.936776400 0.038473323 0.347807437 5.698888779 0.009800836 0.996432304 -0.083824761 -0.480893850 -0.349791586 -0.075116239 -0.933811426 1.047135234
-0.938679338 0.035662249 0.342942208 5.714098454 0.007483590 0.996509552 -0.083142526 -0.484473497 -0.344710231 -0.075477727 -0.935669780 1.006815910
-0.940737844 0.027784092 0.337994903 5.729425430 0.001055939 0.996873498 -0.079006709 -0.488471687 -0.339133322 -0.073967688 -0.937825918 0.966543436
-0.942654133 0.021682424 0.333066374 5.744368553 -0.004317782 0.997012079 -0.077125214 -0.492203116 -0.333743453 -0.074140497 -0.939743876 0.926191807
-0.944384933 0.015029068 0.328498274 5.759225845 -0.011572250 0.996817470 -0.078873768 -0.495646030 -0.328638196 -0.078288674 -0.941205502 0.886001587
-0.945631742 0.013016482 0.324979037 5.773452282 -0.014281617 0.996573210 -0.081473038 -0.499314845 -0.324925900 -0.081684709 -0.942205429 0.845700264
-0.946498394 0.012856130 0.322452575 5.787619591 -0.014957905 0.996384442 -0.083631769 -0.503231406 -0.322361916 -0.083980545 -0.942883968 0.805602789
-0.946647525 0.013324763 0.321995497 5.801467896 -0.015133988 0.996204495 -0.085717797 -0.507077873 -0.321915537 -0.086017609 -0.942852974 0.764945030
-0.946550727 0.015806712 0.322167724 5.815282345 -0.013107557 0.996088564 -0.087382600 -0.511154115 -0.322288811 -0.086934894 -0.942641258 0.724638462
-0.946127176 0.016611474 0.323369205 5.829241276 -0.012704069 0.996009767 -0.088335112 -0.515368521 -0.323546261 -0.087684348 -0.942140818 0.684728384
-0.945766449 0.017510923 0.324374706 5.843436241 -0.012502137 0.995844185 -0.090211265 -0.519383550 -0.324606329 -0.089374177 -0.941617131 0.644653320
-0.945040464 0.019171359 0.326390922 5.857493401 -0.010683889 0.995935559 -0.089433081 -0.523666322 -0.326778859 -0.088004999 -0.940994620 0.604793072
-0.944453478 0.018080300 0.328147531 5.871788025 -0.012224305 0.995861948 -0.090053305 -0.527511418 -0.328417808 -0.089062527 -0.940324187 0.565180540
-0.943300843 0.017375486 0.331484735 5.886184692 -0.013089517 0.995905221 -0.089451142 -0.531761110 -0.331681639 -0.088718288 -0.939210773 0.526120186
-0.941360950 0.014580739 0.337086320 5.900362015 -0.016179211 0.995965779 -0.088263430 -0.535520613 -0.337013364 -0.088541530 -0.937327385 0.485614061
-0.939113259 0.012240630 0.343389243 5.914494514 -0.018256864 0.996176064 -0.085439734 -0.539485693 -0.343121976 -0.086506806 -0.935298681 0.446598530
-0.936814189 0.009754427 0.349691719 5.929559708 -0.020272138 0.996417642 -0.082102910 -0.543366134 -0.349239856 -0.084004164 -0.933260441 0.408075094
-0.933942556 0.011777561 0.357228816 5.943948746 -0.018777374 0.996460021 -0.081944287 -0.547119677 -0.356929332 -0.083239079 -0.930415273 0.369619846
-0.930884242 0.012094456 0.365114450 5.959653854 -0.019238081 0.996442020 -0.082056046 -0.550829411 -0.364807814 -0.083408773 -0.927339554 0.331330776
-0.926852465 0.015216944 0.375117630 5.974917412 -0.017776534 0.996278644 -0.084337652 -0.554616570 -0.375005037 -0.084836841 -0.923132777 0.292837858
-0.922793984 0.016602812 0.384935826 5.991005898 -0.016705461 0.996407509 -0.083023883 -0.558452964 -0.384931386 -0.083044477 -0.919201493 0.255237103
-0.917753816 0.018003343 0.396741718 6.007373810 -0.017036119 0.996267915 -0.084617049 -0.562187195 -0.396784425 -0.084416553 -0.914021969 0.217522621
-0.911985278 0.020770382 0.409696639 6.024320602 -0.015814032 0.996194959 -0.085706130 -0.565849304 -0.409917891 -0.084641695 -0.908186674 0.179950237
-0.905935049 0.023172969 0.422782421 6.041893005 -0.014213539 0.996274173 -0.085063078 -0.569819212 -0.423178405 -0.083070852 -0.902230263 0.142736912
-0.899670243 0.022630922 0.435983181 6.059890747 -0.014856508 0.996490061 -0.082382642 -0.573643208 -0.436317295 -0.080594398 -0.896176219 0.105796337
-0.892904758 0.025821576 0.449504554 6.078375340 -0.012789804 0.996496618 -0.082649194 -0.577375531 -0.450063914 -0.079546936 -0.889446259 0.068609238
-0.885895848 0.028304592 0.463019937 6.097269058 -0.010646787 0.996633232 -0.081295080 -0.581080794 -0.463762045 -0.076948650 -0.882611871 0.032124996
-0.878681779 0.029998772 0.476464659 6.116923332 -0.008766842 0.996841609 -0.078929856 -0.584787965 -0.477327615 -0.073531315 -0.875643611 -0.003834248
-0.870889783 0.032030027 0.490433842 6.137044907 -0.006332556 0.997060001 -0.076362640 -0.588310719 -0.491437852 -0.069609135 -0.868126512 -0.039839268
-0.862695336 0.034833845 0.504523277 6.157194138 -0.003132521 0.997237802 -0.074208744 -0.591970444 -0.505714655 -0.065599956 -0.860203266 -0.074534893
-0.853306413 0.038225301 0.520006835 6.177549362 0.000465153 0.997364521 -0.072552212 -0.595472455 -0.521409690 -0.061667379 -0.851075292 -0.108908176
-0.843141556 0.040531162 0.536162138 6.198870659 0.002505672 0.997440219 -0.071461186 -0.598836243 -0.537686110 -0.058908436 -0.841084838 -0.142232895
-0.831962943 0.043842927 0.553096473 6.220735550 0.006135720 0.997539043 -0.069843777 -0.602242649 -0.554797471 -0.054713782 -0.830184579 -0.175658703
-0.821044445 0.045502793 0.569048166 6.243248463 0.007064501 0.997551739 -0.069574296 -0.605327070 -0.570820868 -0.053103536 -0.819355845 -0.207962513
-0.808895111 0.047645018 0.586019397 6.266486168 0.008684566 0.997570693 -0.069117807 -0.608598590 -0.587888896 -0.050819729 -0.807343841 -0.240458012
-0.796147943 0.050067887 0.603027165 6.290393353 0.010425769 0.997557998 -0.069060184 -0.611676157 -0.605012298 -0.048695099 -0.794725657 -0.272315979
-0.782280803 0.051336657 0.620807111 6.314903259 0.012256865 0.997673929 -0.067056157 -0.614689589 -0.622805476 -0.044847589 -0.781090379 -0.303669930
-0.767148495 0.053126689 0.639266074 6.340076447 0.014630305 0.997754335 -0.065362103 -0.617773771 -0.641303003 -0.040789772 -0.766202927 -0.333928108
-0.750599504 0.055656258 0.658409476 6.365543365 0.016095016 0.997690618 -0.065987542 -0.620944023 -0.660561562 -0.038933098 -0.749761939 -0.363211155
-0.733849049 0.058426905 0.676795363 6.391399384 0.016418491 0.997528851 -0.068312868 -0.623775780 -0.679114163 -0.039019376 -0.732994914 -0.390876293
-0.715761781 0.059185863 0.695831954 6.418482780 0.015679665 0.997512937 -0.068717398 -0.626753926 -0.698168516 -0.038274873 -0.714909554 -0.419350624
-0.697287321 0.059608001 0.714309156 6.445884228 0.015275525 0.997545660 -0.068332151 -0.629868567 -0.716629148 -0.036735687 -0.696486473 -0.445610046
-0.676986456 0.058675833 0.733653009 6.474453449 0.012611382 0.997595489 -0.068148047 -0.632752419 -0.735887587 -0.036882915 -0.676098585 -0.472608566
