0.999561071 0.001800347 -0.029570287 -0.003634285 -0.001856368 0.999996543 -0.001867163 -0.000374868 0.029566823 0.001921237 0.999560952 0.035115853
0.999169469 0.001925812 -0.040702593 -0.005161779 -0.002070050 0.999991715 -0.003501856 -0.000309938 0.040695515 0.003583204 0.999165177 0.045280520
0.998576641 0.001958800 -0.053299941 -0.008283974 -0.002195423 0.999988019 -0.004381288 -0.000465664 0.053290721 0.004492067 0.998568952 0.057923693
0.997547805 0.001746116 -0.069966480 -0.009320729 -0.002051206 0.999988675 -0.004288906 -0.000582043 0.069958195 0.004421904 0.997540116 0.069026053
0.996132374 0.000312685 -0.087864920 -0.012540634 -0.000718151 0.999989212 -0.004583078 -0.000458054 0.087862544 0.004628453 0.996121883 0.082665689
0.994142950 -0.000870777 -0.108069710 -0.014754187 0.000394639 0.999990106 -0.004427146 -0.001034877 0.108072497 0.004358567 0.994133472 0.096986726
0.991532743 -0.001070736 -0.129852682 -0.018896066 0.000413878 0.999987006 -0.005085369 -0.001195383 0.129856437 0.004988567 0.991520286 0.111968093
0.988180459 0.002579083 -0.153273389 -0.023820782 -0.003583554 0.999973893 -0.006277559 -0.001775857 0.153253183 0.006752624 0.988163888 0.126813680
0.984016061 0.006765571 -0.177951157 -0.030049028 -0.008261644 0.999936461 -0.007667548 -0.002581121 0.177887976 0.009015159 0.984009445 0.143052816
0.978826225 0.009554704 -0.204469979 -0.035913471 -0.011567681 0.999895632 -0.008651842 -0.002951831 0.204365969 0.010833894 0.978834629 0.158383548
0.972195566 0.010163401 -0.233949840 -0.042024091 -0.012606198 0.999880493 -0.008948511 -0.003192661 0.233830944 0.011648919 0.972207487 0.175407529
0.964628279 0.012142006 -0.263334095 -0.050755341 -0.014914767 0.999852359 -0.008532857 -0.003480321 0.263191611 0.012158602 0.964666963 0.192817792
0.955375612 0.014006028 -0.295061409 -0.058989249 -0.016982673 0.999827445 -0.007527994 -0.003941770 0.294905066 0.012202994 0.955448627 0.210201800
0.944557667 0.015931211 -0.327958763 -0.068183474 -0.019028539 0.999799490 -0.006237173 -0.004265113 0.327793658 0.012131946 0.944671452 0.227676809
0.932299674 0.018456997 -0.361215562 -0.078028388 -0.021954276 0.999743402 -0.005580332 -0.004730605 0.361019880 0.013132769 0.932465613 0.245131761
0.919193208 0.021629784 -0.393212408 -0.090020530 -0.025656229 0.999658406 -0.004986200 -0.004868525 0.392970234 0.014671629 0.919434130 0.262592256
0.903520525 0.022633903 -0.427946657 -0.100494325 -0.027035117 0.999625623 -0.004209296 -0.004938368 0.427691162 0.015372773 0.903794169 0.278192669
0.885914028 0.018053805 -0.463497967 -0.114153340 -0.022962259 0.999724090 -0.004948809 -0.005000975 0.463280737 0.015027179 0.886084139 0.298276067
0.865351796 0.013444685 -0.500984550 -0.126787990 -0.018430952 0.999817610 -0.005004193 -0.005571839 0.500825942 0.013564010 0.865441740 0.314821720
0.841212332 0.014697296 -0.540505171 -0.142614156 -0.018707123 0.999823153 -0.001927762 -0.006103485 0.540381253 0.011732954 0.841338515 0.333377719
0.813233614 0.020597877 -0.581572711 -0.160239771 -0.023680808 0.999716938 0.002293810 -0.007051345 0.581455350 0.011906708 0.813491225 0.349801302
0.781663239 0.023707679 -0.623250008 -0.179171875 -0.027079964 0.999625027 0.004061576 -0.007270902 0.623112559 0.013702802 0.782012105 0.366541028
0.746604204 0.023395970 -0.664856970 -0.198640913 -0.026448501 0.999635160 0.005476173 -0.008280239 0.664742529 0.013495935 0.746950626 0.382527232
0.708198190 0.018804794 -0.705763221 -0.220876992 -0.020387877 0.999773026 0.006180357 -0.007754013 0.705719292 0.010012097 0.708420873 0.400458634
0.666342854 0.015570111 -0.745482981 -0.243897095 -0.015582867 0.999854386 0.006954299 -0.007748914 0.745482683 0.006982813 0.666488409 0.417207897
0.623423040 0.014643983 -0.781747520 -0.270708293 -0.012284330 0.999884605 0.008933779 -0.007972468 0.781788170 0.004033722 0.623530984 0.432892501
0.576317668 0.015230782 -0.817083836 -0.298539728 -0.010213704 0.999882460 0.011434144 -0.007580495 0.817161977 0.001755753 0.576405525 0.448424220
0.526459098 0.015700215 -0.850055516 -0.328174978 -0.008178400 0.999876738 0.013402286 -0.007237894 0.850161195 -0.000103662 0.526522636 0.462052822
0.475615919 0.017505344 -0.879478931 -0.359972239 -0.006389330 0.999844372 0.016445821 -0.008102914 0.879629910 -0.002202615 0.475653708 0.473147511
0.422477782 0.019235935 -0.906169176 -0.395921022 -0.005656965 0.999811232 0.018586334 -0.007021857 0.906355619 -0.002726148 0.422506869 0.484989882
0.367622256 0.021742633 -0.929721057 -0.432975948 -0.004882341 0.999758005 0.021449998 -0.007654651 0.929962456 -0.003346284 0.367639422 0.495616347
0.314494312 0.024293052 -0.948948562 -0.473360240 -0.002723787 0.999691486 0.024689373 -0.006726553 0.949255526 -0.005179934 0.314463437 0.503645718
0.261773348 0.026496843 -0.964765668 -0.514874399 0.002258510 0.999603510 0.028066460 -0.007338004 0.965126812 -0.009525986 0.261609674 0.511333942
0.212174714 0.026788408 -0.976864517 -0.559760809 0.004459606 0.999587238 0.028380157 -0.006920394 0.977221608 -0.010377984 0.211967707 0.516288936
0.165566564 0.027716519 -0.985809147 -0.607018232 0.001903685 0.999594152 0.028423818 -0.005956877 0.986196876 -0.006582705 0.165446579 0.519750237
0.124144197 0.028278319 -0.991861165 -0.656617522 0.000287999 0.999592781 0.028534798 -0.005494970 0.992264152 -0.003828086 0.124085486 0.520971358
0.087301493 0.026664151 -0.995825112 -0.707549334 -0.000836546 0.999643326 0.026693054 -0.004239201 0.996181667 -0.001497292 0.087292671 0.521468878
0.053001344 0.024309605 -0.998298645 -0.760833025 0.000213889 0.999703348 0.024355171 -0.003637874 0.998594522 -0.001504384 0.052980423 0.521230280
0.022214711 0.021777466 -0.999516129 -0.816580772 0.000688708 0.999762177 0.021798136 -0.003065460 0.999753058 -0.001172616 0.022194445 0.519383788
-0.003883481 0.019982813 -0.999792933 -0.872748554 -0.000174926 0.999800265 0.019983644 -0.002657220 0.999992609 0.000252491 -0.003879189 0.516338646
-0.024461865 0.017622272 -0.999545455 -0.933332324 -0.000410583 0.999844372 0.017637590 -0.001312941 0.999700725 0.000841844 -0.024450779 0.512539327
-0.040439487 0.016701085 -0.999042451 -0.995066762 0.000287522 0.999860466 0.016703121 -0.000055287 0.999181986 0.000388218 -0.040438652 0.508143783
-0.053203702 0.016920986 -0.998440266 -1.057808638 0.001332691 0.999856710 0.016873976 0.001084239 0.998582721 -0.000432854 -0.053218722 0.503186345
-0.062650681 0.017944798 -0.997874141 -1.122810602 0.000624167 0.999838829 0.017940940 0.001500534 0.998035312 0.000501172 -0.062651873 0.497254848
-0.069449186 0.019471621 -0.997395396 -1.188701630 -0.001397399 0.999806583 0.019615995 0.001115611 0.997584522 0.002756073 -0.069408536 0.491363168
-0.073679209 0.020497395 -0.997071326 -1.257050276 -0.001366739 0.999785721 0.020654192 0.001674838 0.997281075 0.002884522 -0.073635459 0.485218644
-0.075003624 0.021067359 -0.996960819 -1.327249289 0.000682045 0.999777675 0.021075573 0.002701355 0.997183144 0.000900771 -0.075001359 0.479254603
-0.074068308 0.023207003 -0.996983111 -1.399423122 0.003213502 0.999729574 0.023032194 0.003577923 0.997247994 -0.001497854 -0.074122787 0.473593950
-0.072790623 0.025725355 -0.997015476 -1.473103285 0.002354345 0.999668956 0.025621934 0.004038934 0.997344553 -0.000482282 -0.072827101 0.467758775
-0.070581198 0.025715368 -0.997174680 -1.547605991 0.000231997 0.999668062 0.025763251 0.004458776 0.997506142 0.001587054 -0.070563674 0.460991263
-0.069471478 0.023239726 -0.997313380 -1.624325275 -0.001563241 0.999724865 0.023404814 0.005316813 0.997582853 0.003185003 -0.069416046 0.455010653
-0.068058610 0.023110541 -0.997413754 -1.703394890 -0.002251467 0.999725580 0.023317739 0.006414140 0.997678936 0.003832613 -0.067987800 0.448708177
-0.066359043 0.025752269 -0.997463465 -1.784219980 -0.001823111 0.999662101 0.025930321 0.007877678 0.997794211 0.003539199 -0.066289663 0.442788243
-0.064745784 0.029099036 -0.997477412 -1.866982222 -0.002755031 0.999565721 0.029338785 0.008995937 0.997897983 0.004647642 -0.064637423 0.436753273
-0.062872887 0.031392246 -0.997527838 -1.951196194 -0.003598954 0.999491572 0.031680886 0.009447105 0.998015165 0.005581919 -0.062727928 0.430230379
-0.060972333 0.030602995 -0.997670233 -2.036973715 -0.005205804 0.999506533 0.030977473 0.011192303 0.998125911 0.007082443 -0.060782909 0.423827648
-0.059371233 0.027703391 -0.997851610 -2.124112606 -0.007822629 0.999571204 0.028216574 0.012524500 0.998205483 0.009481070 -0.059129119 0.417409420
-0.057826400 0.027143259 -0.997957587 -2.213390827 -0.008904348 0.999576509 0.027703252 0.014138985 0.998286903 0.010488138 -0.057560205 0.410943031
-0.056276917 0.029309239 -0.997984946 -2.303927422 -0.006200933 0.999539495 0.029704567 0.015761081 0.998395979 0.007860117 -0.056069255 0.405379534
-0.055121422 0.031415321 -0.997985423 -2.394629002 -0.003822154 0.999490976 0.031673823 0.016924787 0.998472452 0.005560358 -0.054973364 0.399409294
-0.054092050 0.032971136 -0.997991621 -2.487097025 -0.003054621 0.999444544 0.033184703 0.018662527 0.998531461 0.004843509 -0.053961277 0.393908262
-0.053476214 0.028726203 -0.998155951 -2.580047846 -0.002421942 0.999579489 0.028896930 0.019137047 0.998566270 0.003962772 -0.053384185 0.387788057
-0.053233862 0.021970296 -0.998340428 -2.672059298 -0.001326345 0.999755502 0.022072162 0.019684114 0.998581290 0.002499129 -0.053191781 0.382458687
-0.053293824 0.017052053 -0.998433471 -2.767208099 0.002242634 0.999853730 0.016956607 0.021424413 0.998576522 -0.001335441 -0.053324223 0.376472950
-0.054047108 0.017881602 -0.998378396 -2.862704515 0.003421939 0.999837101 0.017722484 0.022296347 0.998532653 -0.002458545 -0.054099441 0.371634722
-0.054188490 0.025237627 -0.998211741 -2.959797382 0.002906034 0.999680281 0.025117001 0.022491466 0.998526514 -0.001539785 -0.054244518 0.364968538
-0.054339767 0.032023527 -0.998009026 -3.056436300 0.001348187 0.999487042 0.031997554 0.023853105 0.998521745 0.000393232 -0.054355145 0.358307600
-0.054657221 0.037910074 -0.997785270 -3.154227257 -0.000804930 0.999276996 0.038010843 0.023763038 0.998504877 0.002880714 -0.054587245 0.351440668
-0.054838300 0.038565423 -0.997750282 -3.249816418 -0.002299042 0.999246299 0.038749613 0.024763357 0.998492658 0.004418828 -0.054708362 0.344565392
-0.055404425 0.034885190 -0.997854352 -3.347269297 -0.002819970 0.999379992 0.035095099 0.026060846 0.998459995 0.004758345 -0.055271745 0.338429451
-0.056160569 0.031956762 -0.997910261 -3.445113659 -0.002281404 0.999480903 0.032135453 0.028290201 0.998419225 0.004081382 -0.056058526 0.332276583
-0.055778503 0.033338055 -0.997886419 -3.541794538 -0.003994027 0.999426961 0.033612773 0.029500108 0.998435199 0.005860455 -0.055613399 0.324533463
-0.055538654 0.035791099 -0.997814953 -3.639317036 -0.005828775 0.999328673 0.036169827 0.030106269 0.998439610 0.007824857 -0.055292726 0.316879988
-0.055481434 0.034069818 -0.997878432 -3.736284733 -0.005888135 0.999389112 0.034448773 0.031932138 0.998442531 0.007786902 -0.055246949 0.310659409
-0.055074930 0.029231923 -0.998054326 -3.832017899 -0.006796528 0.999537230 0.029650405 0.032714218 0.998459160 0.008416295 -0.054850817 0.304036140
-0.055050254 0.025050163 -0.998169303 -3.928518057 -0.007571621 0.999646008 0.025504807 0.034548290 0.998454869 0.008961806 -0.054841042 0.297781944
-0.053909540 0.025696846 -0.998215079 -4.024950027 -0.007034530 0.999634266 0.026113285 0.035593878 0.998521030 0.008429729 -0.053709030 0.290024757
-0.053780913 0.028239910 -0.998153329 -4.120944023 -0.006624835 0.999567926 0.028636880 0.035692677 0.998530746 0.008152721 -0.053570628 0.284715652
-0.053437471 0.033345584 -0.998014271 -4.216847420 -0.006507932 0.999409437 0.033740658 0.036257036 0.998549998 0.008298024 -0.053188801 0.278840542
-0.053110719 0.038444955 -0.997848272 -4.313848019 -0.005625593 0.999231279 0.038797658 0.038434967 0.998572767 0.007674059 -0.052853584 0.273295403
-0.052899718 0.041524656 -0.997736216 -4.411085606 -0.005788895 0.999105513 0.041888576 0.040086649 0.998583138 0.007991684 -0.052612066 0.265523911
-0.052891493 0.041512147 -0.997737110 -4.506603241 -0.005492298 0.999108374 0.041860357 0.041589633 0.998585224 0.007693922 -0.052616358 0.261011600
-0.053177118 0.037306588 -0.997887969 -4.600758076 -0.005207262 0.999277949 0.037636045 0.043287218 0.998571515 0.007197640 -0.052944541 0.256397247
-0.052660584 0.032915868 -0.998069823 -4.697522640 -0.006370396 0.999425232 0.033296686 0.045268063 0.998592138 0.008111522 -0.052420616 0.249314785
-0.052374363 0.030328192 -0.998166978 -4.792893410 -0.010826806 0.999462724 0.030935651 0.046094913 0.998568892 0.012427189 -0.052017808 0.241919518
-0.052731633 0.028485155 -0.998202503 -4.890359402 -0.013849754 0.999476075 0.029253135 0.047794044 0.998512805 0.015367417 -0.052309513 0.234528065
-0.052930474 0.026554512 -0.998245180 -4.987311840 -0.011963665 0.999557793 0.027223784 0.048532061 0.998526692 0.013383632 -0.052589297 0.227610588
-0.054773569 0.023145638 -0.998230517 -5.080141068 -0.008464123 0.999684632 0.023643788 0.048547193 0.998462915 0.009744202 -0.054560423 0.223071098
-0.054871082 0.021133907 -0.998269916 -5.175868034 -0.004045291 0.999763072 0.021387875 0.050163120 0.998485386 0.005211865 -0.054772615 0.216170311
-0.057211876 0.024775023 -0.998054624 -5.270867825 -0.003572477 0.999680579 0.025020169 0.050162267 0.998355687 0.004996975 -0.057105064 0.210511208
-0.059526563 0.031106198 -0.997742116 -5.364977837 -0.001263517 0.999511242 0.031236740 0.050158639 0.998226047 0.003120074 -0.059458137 0.205140114
-0.061008930 0.034811374 -0.997530043 -5.460407257 0.000971932 0.999393225 0.034816951 0.050872076 0.998136759 0.001154615 -0.061005831 0.198321342
-0.062652707 0.033427212 -0.997475505 -5.554246426 0.000502301 0.999439895 0.033461493 0.052441765 0.998035371 0.001595418 -0.062634468 0.191717148
-0.063655257 0.029916892 -0.997523487 -5.647762299 -0.002336656 0.999543369 0.030126581 0.052881967 0.997969270 0.004248584 -0.063556314 0.183851242
-0.065117478 0.026805310 -0.997517526 -5.739806652 -0.006718530 0.999604702 0.027299978 0.053437181 0.997855008 0.008479558 -0.064911723 0.175957680
-0.066224098 0.025244379 -0.997485399 -5.832296848 -0.011392966 0.999595582 0.026054176 0.054317079 0.997739792 0.013089729 -0.065909624 0.167867661
-0.067121983 0.026554257 -0.997391522 -5.924566269 -0.012580935 0.999543786 0.027458226 0.054405868 0.997665584 0.014391162 -0.066757321 0.159564018
-0.068099022 0.027939880 -0.997287273 -6.016808033 -0.013077283 0.999496937 0.028894758 0.054983750 0.997592866 0.015009512 -0.067699432 0.152234077
-0.068940282 0.027768923 -0.997234344 -6.107162476 -0.015191514 0.999467373 0.028881319 0.055208474 0.997505248 0.017140582 -0.068481684 0.144818306
-0.069522619 0.027512195 -0.997200966 -6.198405266 -0.014673273 0.999483287 0.028598152 0.056346521 0.997472465 0.016620420 -0.069082975 0.137028694
-0.070500135 0.029151304 -0.997085869 -6.288054466 -0.012881692 0.999462903 0.030131619 0.057362303 0.997428715 0.014968433 -0.070086837 0.130235672
-0.070580006 0.031962086 -0.996994019 -6.376956463 -0.012153828 0.999384761 0.032899134 0.058118284 0.997432172 0.014439310 -0.070148110 0.122925758
-0.070815921 0.035913005 -0.996842742 -6.465035915 -0.012207912 0.999245644 0.036866829 0.059422813 0.997414708 0.014780125 -0.070324063 0.115652084
-0.071514010 0.038028531 -0.996714413 -6.555397511 -0.012329366 0.999162912 0.039006580 0.060726240 0.997363389 0.015078371 -0.070985198 0.108185291
-0.072000980 0.037428964 -0.996702015 -6.643962383 -0.011010710 0.999204934 0.038318358 0.062871128 0.997343779 0.013733356 -0.071531653 0.100173950
-0.072358251 0.036118001 -0.996724546 -6.727092743 -0.010616889 0.999259591 0.036980607 0.062732480 0.997322202 0.013257963 -0.071921110 0.092607021
-0.071942806 0.031898547 -0.996898532 -6.815757751 -0.010831129 0.999404550 0.032760378 0.065429308 0.997349918 0.013154412 -0.071554542 0.084402561
-0.072427392 0.029429251 -0.996939361 -6.897678375 -0.011369590 0.999475300 0.030330107 0.065276690 0.997308850 0.013531524 -0.072054744 0.079234600
-0.071247101 0.027050197 -0.997091889 -6.980258465 -0.011520464 0.999543190 0.027939895 0.066724271 0.997392178 0.013477599 -0.070902944 0.072390556
-0.069023609 0.026584562 -0.997260809 -7.058683872 -0.014036090 0.999520063 0.027616274 0.066184781 0.997516334 0.015903816 -0.068617344 0.066074371
-0.064805388 0.027514020 -0.997518599 -7.138058186 -0.014050247 0.999495566 0.028481347 0.066748828 0.997799098 0.015861126 -0.064386129 0.059267521
-0.059375525 0.029181417 -0.997809112 -7.214631557 -0.013943170 0.999450862 0.030059133 0.066526145 0.998138368 0.015697397 -0.058936000 0.055234909
-0.052285671 0.030433098 -0.998168528 -7.286877632 -0.012859003 0.999432147 0.031145202 0.067471094 0.998549581 0.014463889 -0.051864624 0.051386356
-0.043457031 0.031531598 -0.998557746 -7.360435486 -0.013356551 0.999394178 0.032139286 0.067946911 0.998966157 0.014733957 -0.043009520 0.046877384
-0.031906247 0.032870401 -0.998950243 -7.431059837 -0.015456120 0.999323308 0.033376344 0.069166899 0.999371409 0.016504807 -0.031376600 0.044741631
-0.017612457 0.034520380 -0.999248981 -7.498517036 -0.018465603 0.999222100 0.034844924 0.069776118 0.999674559 0.019065430 -0.016961336 0.043615818
0.000361621 0.035723384 -0.999361753 -7.564205647 -0.019758629 0.999166846 0.035709269 0.070497826 0.999804854 0.019733099 0.001067162 0.044231415
0.022425950 0.036492135 -0.999082386 -7.628656387 -0.021043072 0.999129415 0.036021512 0.071070552 0.999527097 0.020215942 0.023174345 0.045712471
0.047336996 0.036772814 -0.998201907 -7.687921524 -0.020754624 0.999142587 0.035823237 0.071557030 0.998663366 0.019021537 0.048059583 0.049468040
0.076394081 0.036279641 -0.996417522 -7.745745182 -0.019581698 0.999199688 0.034879636 0.072495162 0.996885478 0.016846946 0.077043355 0.055278778
0.109735072 0.035769738 -0.993317127 -7.799962044 -0.018019551 0.999259591 0.033993050 0.073912010 0.993797600 0.014168896 0.110298395 0.063215733
0.146732450 0.036109947 -0.988516867 -7.852207184 -0.017615978 0.999270380 0.033887904 0.074015111 0.989019334 0.012441237 0.147261500 0.073277473
0.187279284 0.035805002 -0.981654048 -7.903738499 -0.017442819 0.999299109 0.033120867 0.074282631 0.982151926 0.010919956 0.187772572 0.084678173
0.231494367 0.037084192 -0.972129226 -7.949794769 -0.016049679 0.999282777 0.034298100 0.073859774 0.972703934 0.007662542 0.231923521 0.096859455
0.279318452 0.036150437 -0.959517896 -7.997253418 -0.013146066 0.999341369 0.033823956 0.073295459 0.960108638 0.003166227 0.279609680 0.112996101
0.327899098 0.030769072 -0.944211662 -8.042520523 -0.005564349 0.999515057 0.030638903 0.074055009 0.944696486 -0.004792548 0.327911258 0.133499146
0.378435671 0.026263753 -0.925254881 -8.086047173 -0.000109618 0.999598622 0.028329195 0.072729915 0.925627589 -0.010619354 0.378286660 0.154790401
0.428668916 0.021147018 -0.903214097 -8.129287720 0.004577180 0.999662340 0.025577515 0.073950887 0.903450072 -0.015098460 0.428427398 0.180929661
0.478536189 0.019943604 -0.877841353 -8.170981407 0.005023132 0.999663472 0.025449526 0.075286582 0.878053486 -0.016588034 0.478275001 0.207447529
0.525286794 0.018909933 -0.850715160 -8.211765289 0.005811106 0.999650002 0.025808655 0.076098777 0.850905418 -0.018500542 0.524993062 0.236464262
0.569190383 0.015189788 -0.822065413 -8.250043869 0.012970398 0.999539018 0.027449656 0.075882651 0.822103441 -0.026286596 0.568730950 0.268540144
0.611396849 0.008545023 -0.791278005 -8.285573959 0.023309486 0.999313295 0.028802145 0.075986162 0.790980756 -0.036053825 0.610777855 0.303270817
0.652856708 0.003179304 -0.757474840 -8.320720673 0.025085423 0.999351919 0.025815288 0.076534100 0.757066011 -0.035855260 0.652353823 0.338352919
0.692938924 -0.000715095 -0.720995963 -8.354480743 0.021423202 0.999578416 0.019598134 0.076292135 0.720677972 -0.029026350 0.692662060 0.374948859
0.732486486 -0.007459945 -0.680740774 -8.387020111 0.017977064 0.999803245 0.008387158 0.077115998 0.680544198 -0.018381199 0.732476473 0.414039969
0.770573318 -0.010094176 -0.637271404 -8.418477058 0.013362732 0.999910653 0.000319629 0.077619731 0.637211263 -0.008761984 0.770639360 0.456307888
0.806512058 -0.011247629 -0.591110647 -8.448225975 0.012145218 0.999923229 -0.002455551 0.077467017 0.591092885 -0.005198736 0.806586742 0.502227664
0.839544475 -0.012336732 -0.543150842 -8.476949692 0.012052476 0.999919057 -0.004082002 0.077077895 0.543157220 -0.003119290 0.839625239 0.552528262
0.869433999 -0.010796214 -0.493931085 -8.504447937 0.008921850 0.999941289 -0.006151911 0.076425895 0.493968487 0.000941901 0.869479299 0.605375707
0.894801557 -0.008949126 -0.446374446 -8.531237602 0.007761868 0.999959826 -0.004488238 0.074898228 0.446396679 0.000551383 0.894834995 0.662960052
0.915400982 -0.002689471 -0.402534276 -8.556194305 0.001437614 0.999993145 -0.003412030 0.073741108 0.402540684 0.002544687 0.915398538 0.723385274
0.932473183 0.001450493 -0.361236304 -8.580363274 -0.003560033 0.999980271 -0.005174371 0.073219702 0.361221671 0.006110976 0.932459950 0.786604583
0.945632815 0.006803606 -0.325165063 -8.603433609 -0.008429463 0.999958038 -0.003591581 0.072139710 0.325126976 0.006137284 0.945650458 0.853619218
0.955363810 0.007346923 -0.295340508 -8.624258041 -0.008180250 0.999965310 -0.001586125 0.070596971 0.295318604 0.003931285 0.955390751 0.923830271
0.962448120 0.006932452 -0.271377116 -8.644179344 -0.007280539 0.999973476 -0.000275899 0.069651224 0.271368027 0.002241310 0.962473035 0.997732580
0.968087852 0.007132959 -0.250509650 -8.663887024 -0.006911687 0.999974549 0.001763034 0.068923406 0.250515878 0.000024672 0.968112469 1.075053930
0.972512841 0.009089874 -0.232671678 -8.683174133 -0.008320774 0.999956191 0.004286795 0.068247110 0.232700452 -0.002232955 0.972545922 1.155661345
0.975998998 0.014375708 -0.217300072 -8.702728271 -0.013504630 0.999893725 0.005493209 0.067787416 0.217355952 -0.002426809 0.976089418 1.237197518
0.978750348 0.018274790 -0.204239398 -8.721506119 -0.017243950 0.999828041 0.006825931 0.066820741 0.204329014 -0.003158989 0.978897154 1.321645617
0.981365561 0.016892575 -0.191406026 -8.738857269 -0.015914666 0.999851286 0.006645343 0.066195503 0.191489816 -0.003475348 0.981488466 1.408615589
0.983938694 0.016632015 -0.177730128 -8.755331039 -0.015791193 0.999856412 0.006144487 0.065626949 0.177806810 -0.003239228 0.984060109 1.497052908
0.986373782 0.016976384 -0.163641661 -8.770448685 -0.016100883 0.999848068 0.006675041 0.065218352 0.163730115 -0.003949310 0.986497283 1.587601304
0.988557518 0.018470116 -0.149709538 -8.785223007 -0.017562270 0.999818504 0.007383965 0.064270407 0.149818748 -0.004670235 0.988702476 1.680876613
0.990414023 0.019088767 -0.136805370 -8.799643517 -0.018635683 0.999815822 0.004591990 0.062792443 0.136867836 -0.001998510 0.990587294 1.775065184
0.991828620 0.019824479 -0.126027822 -8.812936783 -0.020070618 0.999798357 -0.000683442 0.061475251 0.125988856 0.003207314 0.992026448 1.871558785
0.993003905 0.018229846 -0.116665654 -8.825041771 -0.019137725 0.999794662 -0.006666358 0.060136467 0.116520166 0.008852434 0.993148863 1.969798565
0.993879259 0.018106731 -0.108977623 -8.836307526 -0.018976184 0.999795794 -0.006946404 0.058910571 0.108829595 0.008971866 0.994019926 2.070041418
0.994569898 0.020036481 -0.102123834 -8.848915100 -0.020232592 0.999794900 -0.000884757 0.057531863 0.102085158 0.002946182 0.994771302 2.173653603
0.994926989 0.024138343 -0.097661003 -8.860274315 -0.023517236 0.999695241 0.007506110 0.055099364 0.097812429 -0.005171315 0.995191455 2.276847363
0.995344400 0.025134504 -0.093046986 -8.871849060 -0.024226081 0.999647319 0.010879948 0.053656060 0.093287624 -0.008575131 0.995602250 2.379855394
0.995637774 0.024395859 -0.090056725 -8.881237984 -0.023600472 0.999672592 0.009886538 0.052324433 0.090268433 -0.007718029 0.995887578 2.480596781
0.995940983 0.023707448 -0.086830638 -8.892450333 -0.023022097 0.999695480 0.008886022 0.051760715 0.087014861 -0.006850929 0.996183455 2.584519148
0.996246397 0.021841181 -0.083762273 -8.903041840 -0.020999081 0.999719858 0.010921421 0.051144287 0.083977342 -0.009121496 0.996425927 2.687981844
0.996455133 0.020449387 -0.081602953 -8.911112785 -0.019416254 0.999721229 0.013434063 0.049516469 0.081854925 -0.011802017 0.996574402 2.789283037
0.996722996 0.017702471 -0.078929827 -8.919399261 -0.016536072 0.999744534 0.015406924 0.048016123 0.079182401 -0.014051246 0.996761084 2.891686916
0.996937037 0.017615387 -0.076198503 -8.928655624 -0.016782233 0.999792337 0.011560557 0.047407858 0.076386325 -0.010246367 0.997025669 2.993919611
0.997013152 0.019544151 -0.074718192 -8.938112259 -0.019290708 0.999805450 0.004112262 0.046873309 0.074784026 -0.002658613 0.997196198 3.093808889
0.997088015 0.021314057 -0.073219866 -8.945992470 -0.021579323 0.999763131 -0.002833623 0.044383161 0.073142126 0.004405406 0.997311771 3.194415331
0.997151017 0.022254378 -0.072073638 -8.953931808 -0.022805862 0.999716520 -0.006837721 0.042141985 0.071901038 0.008461942 0.997375846 3.294398546
0.997293234 0.023927461 -0.069524541 -8.963693619 -0.024348900 0.999689877 -0.005220494 0.040000014 0.069378071 0.006899210 0.997566581 3.397167921
0.997357130 0.027905164 -0.067082025 -8.972990036 -0.028040035 0.999606252 -0.001069654 0.037393443 0.067025758 0.002947809 0.997746885 3.497893333
0.997415602 0.031005066 -0.064813659 -8.981174469 -0.030843906 0.999518156 0.003485866 0.035531968 0.064890504 -0.001477751 0.997891307 3.599370241
0.997639716 0.028243048 -0.062588759 -8.987439156 -0.027965931 0.999594808 0.005299379 0.034302302 0.062713072 -0.003536518 0.998025358 3.698055506
0.997799575 0.025694145 -0.061121769 -8.996129990 -0.025430825 0.999663651 0.005082279 0.032380592 0.061231796 -0.003516718 0.998117387 3.801425219
0.997921228 0.023620941 -0.059960406 -9.003071785 -0.023319926 0.999711692 0.005715135 0.029660314 0.060078118 -0.004304983 0.998184383 3.899614573
0.997979343 0.023331709 -0.059100784 -9.010280609 -0.023151591 0.999724984 0.003730627 0.028559368 0.059171572 -0.002354811 0.998245060 4.002710342
0.998063266 0.021723663 -0.058290772 -9.016584396 -0.021613786 0.999763250 0.002514881 0.027261460 0.058331605 -0.001250126 0.998296499 4.102233887
0.998136401 0.020474980 -0.057485014 -9.024516106 -0.020360045 0.999789357 0.002584424 0.025790334 0.057525821 -0.001409210 0.998343050 4.207066536
0.998113990 0.023966039 -0.056516428 -9.032263756 -0.023811139 0.999710679 0.003412714 0.024405263 0.056581862 -0.002060558 0.998395860 4.308990955
0.998101115 0.023655685 -0.056873694 -9.039271355 -0.023550831 0.999719501 0.002513272 0.023068609 0.056917194 -0.001169077 0.998378217 4.414180279
0.998018801 0.022642048 -0.058701452 -9.046208382 -0.022541951 0.999743104 0.002366898 0.021573991 0.058739964 -0.001038963 0.998272777 4.516742706
0.997964442 0.020275341 -0.060464192 -9.054088593 -0.020143140 0.999793172 0.002795230 0.020131640 0.060508363 -0.001571601 0.998166442 4.624872208
0.997731984 0.022885073 -0.063302308 -9.062096596 -0.022770826 0.999737501 0.002525752 0.019333228 0.063343495 -0.001078578 0.997991204 4.729430199
0.997446775 0.025504423 -0.066703811 -9.070558548 -0.025387881 0.999674320 0.002594406 0.016443226 0.066748261 -0.000894314 0.997769475 4.838626385
0.997263253 0.025746467 -0.069304362 -9.079600334 -0.025966091 0.999660254 -0.002269825 0.014562607 0.069222376 0.004063176 0.997592986 4.944952011
0.997086823 0.026823649 -0.071402438 -9.090360641 -0.027316798 0.999609172 -0.005938938 0.013422597 0.071215235 0.007872123 0.997429907 5.055422783
0.996955693 0.025752550 -0.073594570 -9.098798752 -0.026336711 0.999628782 -0.006978008 0.010461629 0.073387548 0.008895003 0.997263849 5.164475918
0.996848583 0.026101150 -0.074911207 -9.111051559 -0.026611270 0.999628901 -0.005819461 0.008653162 0.074731514 0.007794604 0.997173250 5.276095867
0.996701241 0.024581993 -0.077345483 -9.120764732 -0.025023444 0.999675632 -0.004743375 0.005698226 0.077203788 0.006663178 0.996993065 5.385704041
0.996551991 0.024132684 -0.079383500 -9.130252838 -0.024448989 0.999696553 -0.003014839 0.003666259 0.079286657 0.004945290 0.996839583 5.501218319
0.996443868 0.023820473 -0.080821835 -9.140281677 -0.023827467 0.999715686 0.000878067 0.001481910 0.080819771 0.001050835 0.996728182 5.614138126
0.996425748 0.023659274 -0.081092395 -9.152027130 -0.023323657 0.999715030 0.005083586 0.000347555 0.081189565 -0.003174045 0.996693611 5.730952263
0.996482074 0.022554845 -0.080714196 -9.161712646 -0.022045009 0.999731064 0.007202217 -0.000991560 0.080854930 -0.005397535 0.996711254 5.845640182
0.996568620 0.026481546 -0.078420259 -9.173939705 -0.025991304 0.999635756 0.007265789 -0.002171065 0.078584105 -0.005202613 0.996893883 5.963155270
0.996684551 0.026433012 -0.076949641 -9.183372498 -0.026053788 0.999642968 0.005928108 -0.003353007 0.077078864 -0.003903624 0.997017384 6.082525730
0.996883333 0.024947152 -0.074841700 -9.195108414 -0.024751889 0.999687374 0.003535561 -0.004525967 0.074906506 -0.001672069 0.997189164 6.198679447
0.997120857 0.021036496 -0.072852209 -9.205069542 -0.020980321 0.999778688 0.001536358 -0.005532523 0.072868407 -0.000003472 0.997341573 6.315725803
0.997271001 0.019863702 -0.071105823 -9.214077950 -0.019789238 0.999802649 0.001751618 -0.007904029 0.071126588 -0.000339707 0.997467220 6.434710979
0.997361302 0.017826481 -0.070374794 -9.223077774 -0.017563377 0.999836266 0.004355693 -0.010363174 0.070440918 -0.003108180 0.997511089 6.552696705
0.997470021 0.014768079 -0.069537856 -9.232424736 -0.014321975 0.999873579 0.006909490 -0.012020448 0.069631107 -0.005896090 0.997555375 6.670465469
0.997542083 0.014214759 -0.068613201 -9.242463112 -0.013760000 0.999880135 0.007095957 -0.014642940 0.068705842 -0.006134398 0.997618079 6.790226460
0.997597277 0.015870152 -0.067437634 -9.252347946 -0.015634263 0.999869704 0.004024238 -0.015653489 0.067492709 -0.002960232 0.997715354 6.906596184
0.997511923 0.018165257 -0.068117872 -9.259738922 -0.018318241 0.999830902 -0.001621872 -0.018087920 0.068076894 0.002865636 0.997675955 7.025063038
0.997616172 0.019955048 -0.066058755 -9.271395683 -0.020482896 0.999763370 -0.007322895 -0.019646298 0.065896995 0.008658512 0.997788846 7.139100075
0.997542322 0.025067125 -0.065429136 -9.281380653 -0.025970172 0.999578357 -0.012987961 -0.023186371 0.065075979 0.014655247 0.997772694 7.254951477
0.997674465 0.024878455 -0.063456714 -9.292626381 -0.025781780 0.999577045 -0.013456278 -0.027447643 0.063095100 0.015061012 0.997893870 7.372808933
0.997726023 0.021559434 -0.063858956 -9.298822403 -0.022123463 0.999722123 -0.008138430 -0.028935719 0.063665748 0.009532705 0.997925758 7.485640049
0.997710884 0.020250065 -0.064520508 -9.307218552 -0.020219861 0.999794900 0.001121145 -0.032553673 0.064529985 0.000186017 0.997915745 7.603315830
0.997673750 0.019532563 -0.065310940 -9.317399979 -0.018981567 0.999778926 0.009046475 -0.035870809 0.065473199 -0.007785727 0.997823954 7.718982697
0.997565627 0.018053066 -0.067356728 -9.327084541 -0.017632756 0.999821186 0.006829421 -0.037629638 0.067467980 -0.005625111 0.997705579 7.832963943
0.997475445 0.012729722 -0.069861829 -9.333909988 -0.012518236 0.999915659 0.003464195 -0.039734084 0.069900036 -0.002580903 0.997550666 7.945654392
0.997293115 0.011188296 -0.072672151 -9.342910767 -0.011094837 0.999936998 0.001689595 -0.041135967 0.072686478 -0.000878736 0.997354448 8.058033943
0.997106552 0.013294402 -0.074844852 -9.354072571 -0.013366330 0.999910533 -0.000460207 -0.043997135 0.074832037 0.001459276 0.997195065 8.170123100
0.996812820 0.014530361 -0.078441828 -9.364873886 -0.014871027 0.999882340 -0.003760480 -0.045919836 0.078377955 0.004915005 0.996911585 8.280259132
0.996509314 0.015405628 -0.082047701 -9.376391411 -0.016044909 0.999845803 -0.007137919 -0.048579518 0.081925087 0.008429451 0.996602833 8.391925812
0.996202648 0.017561464 -0.085275248 -9.388037682 -0.018597128 0.999762475 -0.011365751 -0.051379599 0.085055396 0.012908466 0.996292591 8.502330780
0.995838165 0.022520797 -0.088312805 -9.399229050 -0.023583651 0.999661267 -0.011010077 -0.054763965 0.088034935 0.013046993 0.996031940 8.609628677
0.995425284 0.026030516 -0.091928765 -9.411386490 -0.027007915 0.999590993 -0.009403930 -0.057557561 0.091646381 0.011843714 0.995721161 8.719104767
0.994978964 0.028753612 -0.095865041 -9.423894882 -0.029239697 0.999565721 -0.003669329 -0.060472414 0.095717900 0.006453969 0.995387554 8.828482628
0.994569838 0.029458053 -0.099815153 -9.436375618 -0.029385507 0.999565721 0.002197281 -0.063246161 0.099836536 0.000747769 0.995003581 8.936871529
0.994071186 0.029553078 -0.104637846 -9.448742867 -0.029131994 0.999560177 0.005550603 -0.064671405 0.104755856 -0.002469385 0.994494915 9.045862198
0.993358076 0.029865570 -0.111120716 -9.461797714 -0.029389927 0.999550521 0.005916313 -0.065046497 0.111247458 -0.002611188 0.993789315 9.154463768
0.992799878 0.026912935 -0.116722167 -9.475952148 -0.025884787 0.999611735 0.010315701 -0.067941837 0.116954468 -0.007220099 0.993111014 9.260597229
0.992045164 0.027730953 -0.122789994 -9.491403580 -0.026738930 0.999595165 0.009719862 -0.069280624 0.123009831 -0.006359268 0.992385089 9.365827560
0.991177499 0.032041021 -0.128610015 -9.507628441 -0.031154213 0.999474943 0.008901650 -0.070470363 0.128827706 -0.004816372 0.991655290 9.471154213
0.990342081 0.034117196 -0.134382039 -9.524279594 -0.033727720 0.999417663 0.005174391 -0.071949691 0.134480312 -0.000592017 0.990916073 9.572924614
0.989502728 0.032890797 -0.140721694 -9.539732933 -0.032818411 0.999457300 0.002835692 -0.073665597 0.140738592 0.001812337 0.990045130 9.678173065
0.988692343 0.033100504 -0.146259293 -9.556292534 -0.033182207 0.999447525 0.001881738 -0.075708292 0.146240786 0.002992746 0.989244521 9.780710220
0.988037407 0.036035836 -0.149945095 -9.576386452 -0.035474397 0.999349952 0.006418235 -0.076409042 0.150078923 -0.001022244 0.988673508 9.885692596
0.987041533 0.036881335 -0.156168908 -9.593622208 -0.035668056 0.999307871 0.010565182 -0.077562824 0.156450465 -0.004858033 0.987673879 9.987718582
0.986109853 0.035717640 -0.162208691 -9.612013817 -0.034050193 0.999334931 0.013048958 -0.079997659 0.162566885 -0.007344469 0.986670196 10.089942932
0.984973907 0.033178248 -0.169486374 -9.630240440 -0.032043677 0.999442041 0.009425825 -0.081205063 0.169704542 -0.003853225 0.985487461 10.189695358
0.983553171 0.031720322 -0.177811608 -9.649580956 -0.031843208 0.999490559 0.002163359 -0.081452563 0.177789643 0.003534314 0.984062195 10.291518211
0.981986225 0.028962348 -0.186719716 -9.669831276 -0.029368926 0.999568462 0.000588955 -0.083166286 0.186656192 0.004905412 0.982413054 10.390877724
0.979870617 0.028262112 -0.197623014 -9.691315651 -0.028191570 0.999597490 0.003170917 -0.084738374 0.197633088 0.002464214 0.980272949 10.490337372
0.977643430 0.028166696 -0.208374560 -9.713954926 -0.026779316 0.999596477 0.009476718 -0.085736364 0.208557397 -0.003684723 0.978003204 10.590570450
0.975104570 0.030063713 -0.219698101 -9.738638878 -0.026960865 0.999490082 0.017108571 -0.086755969 0.220100418 -0.010759396 0.975417852 10.690281868
0.972549796 0.031691782 -0.230526596 -9.764250755 -0.027644090 0.999402046 0.020768007 -0.087907135 0.231046930 -0.013825224 0.972844362 10.788385391
0.969737291 0.033726752 -0.241809979 -9.790711403 -0.030672885 0.999395192 0.016383573 -0.088978656 0.242216289 -0.008470752 0.970185280 10.884425163
0.966663480 0.033609524 -0.253834844 -9.817910194 -0.032793719 0.999434412 0.007445884 -0.089390591 0.253941536 0.001126524 0.967218935 10.979739189
0.963476300 0.031152174 -0.265975624 -9.846253395 -0.031554870 0.999498188 0.002760300 -0.089695871 0.265928149 0.005733342 0.963975787 11.075195312
0.960176766 0.030040262 -0.277773678 -9.875843048 -0.028986445 0.999548554 0.007900646 -0.090435654 0.277885616 0.000465652 0.960614085 11.171680450
0.956895947 0.031505845 -0.288717061 -9.907485008 -0.028410049 0.999485195 0.014907908 -0.091064081 0.289038122 -0.006062850 0.957298398 11.269515991
0.953278720 0.030920135 -0.300505549 -9.939320564 -0.026037250 0.999456048 0.020241085 -0.091921553 0.300967962 -0.011471059 0.953565240 11.365900040
0.949323654 0.028880168 -0.312970489 -9.972652435 -0.024378771 0.999535501 0.018287383 -0.091642603 0.313353240 -0.009730810 0.949586809 11.462569237
0.945671678 0.027213391 -0.323982358 -10.007158279 -0.023856150 0.999612689 0.014330307 -0.092648193 0.324246854 -0.005822794 0.945954561 11.557118416
0.942637086 0.023349764 -0.333001733 -10.042348862 -0.022144411 0.999727309 0.007415141 -0.093317986 0.333084047 0.000384340 0.942897081 11.651688576
0.939973116 0.019113902 -0.340712786 -10.077250481 -0.019636240 0.999805331 0.001915528 -0.094607532 0.340683073 0.004889772 0.940165460 11.746953964
0.937362969 0.019385029 -0.347814381 -10.115098000 -0.020736462 0.999784946 -0.000163109 -0.095642544 0.347736418 0.007365332 0.937563419 11.842103004
0.934313655 0.024566013 -0.355604380 -10.153335571 -0.026348300 0.999652803 -0.000168991 -0.097445361 0.355476767 0.009527462 0.934636593 11.936561584
0.931380093 0.024829365 -0.363200486 -10.192888260 -0.025779121 0.999665141 0.002232625 -0.099029668 0.363134295 0.007283566 0.931708336 12.032680511
0.928189993 0.025029710 -0.371263862 -10.231973648 -0.023506796 0.999686420 0.008627528 -0.099957511 0.371363372 0.000719237 0.928487360 12.128208160
0.925659895 0.027572120 -0.377350628 -10.273007393 -0.022928156 0.999596059 0.016794214 -0.100946963 0.377661258 -0.006893777 0.925918162 12.223813057
0.923017561 0.037395120 -0.382936299 -10.316395760 -0.030662403 0.999249458 0.023672653 -0.102160305 0.383534133 -0.010108529 0.923471391 12.319305420
0.920465350 0.044124801 -0.388325334 -10.359848022 -0.039125063 0.999018312 0.020776954 -0.102259904 0.388860881 -0.003931216 0.921288133 12.412797928
0.918192625 0.040612191 -0.394046932 -10.400708199 -0.038441088 0.999170959 0.013405001 -0.102713116 0.394264638 0.002839219 0.918992579 12.505659103
0.916300952 0.033236582 -0.399108857 -10.443075180 -0.033656906 0.999415696 0.005956531 -0.102731191 0.399073631 0.007974794 0.916884184 12.600873947
0.914597690 0.033535477 -0.402972013 -10.485795975 -0.034335423 0.999396622 0.005241413 -0.103266202 0.402904660 0.009042431 0.915197313 12.694842339
0.912413597 0.039910637 -0.407318830 -10.532097816 -0.039091647 0.999182165 0.010336492 -0.103760585 0.407398254 0.006491609 0.913227558 12.791664124
0.910194635 0.042728722 -0.411970913 -10.577689171 -0.040122472 0.999082506 0.014977422 -0.105270490 0.412232906 0.002896919 0.911073923 12.886004448
0.907810628 0.039120600 -0.417551696 -10.622019768 -0.037053872 0.999227941 0.013058253 -0.106456846 0.417740166 0.003617486 0.908559322 12.981405258
0.905758023 0.036956001 -0.422180861 -10.668099403 -0.037687037 0.999267697 0.006617066 -0.106951833 0.422116250 0.009917284 0.906487465 13.074849129
0.903602004 0.034511555 -0.426980495 -10.713849068 -0.038060322 0.999275446 0.000222877 -0.107909337 0.426678807 0.016049623 0.904260814 13.167874336
0.901302934 0.035495512 -0.431732684 -10.760758400 -0.039932113 0.999201655 -0.001213146 -0.109096691 0.431344956 0.018333409 0.902000785 13.261224747
0.899343550 0.038553208 -0.435539693 -10.808496475 -0.041316837 0.999141216 0.003127313 -0.110939234 0.435286224 0.015182593 0.900164068 13.355531693
0.897521198 0.040401652 -0.439116627 -10.857197762 -0.042323574 0.999089301 0.005416682 -0.112991929 0.438935548 0.013723399 0.898413777 13.448461533
0.895057797 0.041044585 -0.444057316 -10.904130936 -0.042843360 0.999063849 0.005987694 -0.114226252 0.443887383 0.013665575 0.895978391 13.541612625
0.892976701 0.039435592 -0.448372066 -10.952515602 -0.041330598 0.999130070 0.005562396 -0.116183996 0.448201358 0.013564393 0.893829703 13.634325027
