0.999991238 -0.002689718 -0.003205451 -0.000235377 0.002682634 0.999993980 -0.002212350 -0.000142697 0.003211382 0.002203732 0.999992430 0.039929781
0.999970317 -0.001284253 -0.007596409 -0.000831122 0.001255194 0.999991894 -0.003828885 -0.000285664 0.007601265 0.003819237 0.999963820 0.082728989
0.999938667 -0.001358719 -0.010993113 -0.001693658 0.001301480 0.999985576 -0.005212234 -0.000508839 0.011000036 0.005197607 0.999925971 0.121957168
0.999872565 0.000207057 -0.015963990 -0.002807463 -0.000305771 0.999980867 -0.006181315 -0.000647519 0.015962405 0.006185408 0.999853432 0.168777376
0.999793351 -0.000899091 -0.020309545 -0.003808546 0.000774485 0.999980807 -0.006142393 -0.001324977 0.020314679 0.006125394 0.999774873 0.207334489
0.999696612 0.000754353 -0.024618870 -0.005563078 -0.000927251 0.999974966 -0.007012352 -0.002288285 0.024612965 0.007033053 0.999672294 0.252597123
0.999563634 0.003366360 -0.029346045 -0.007448546 -0.003593551 0.999963939 -0.007692478 -0.002615104 0.029319093 0.007794578 0.999539733 0.296269149
0.999414742 0.003930712 -0.033982005 -0.009145373 -0.004148696 0.999971271 -0.006346550 -0.002916456 0.033956081 0.006483817 0.999402285 0.343043774
0.999266386 0.002938021 -0.038183942 -0.011064209 -0.003068927 0.999989629 -0.003370136 -0.003637329 0.038173646 0.003484848 0.999265015 0.388640106
0.999136865 0.002208414 -0.041480843 -0.013549613 -0.002245154 0.999997139 -0.000839134 -0.004091087 0.041478872 0.000931541 0.999138951 0.436095893
0.999017775 0.004011029 -0.044128753 -0.015790720 -0.004067356 0.999991000 -0.001186714 -0.004790518 0.044123597 0.001365036 0.999025166 0.482765466
0.998913407 0.003434569 -0.046477523 -0.018011536 -0.003491193 0.999993265 -0.001137178 -0.005382710 0.046473302 0.001298204 0.998918712 0.531076372
0.998881578 0.000415891 -0.047280647 -0.021274699 -0.000494413 0.999998510 -0.001649084 -0.005730470 0.047279891 0.001670615 0.998880267 0.579421759
0.998730958 -0.000017882 -0.050363503 -0.022725197 -0.000018536 0.999999762 -0.000722632 -0.006190632 0.050363503 0.000722648 0.998730719 0.627698660
0.998658597 -0.001696010 -0.051750094 -0.025315395 0.001650928 0.999998212 -0.000913880 -0.006755651 0.051751550 0.000827218 0.998659670 0.677295864
0.998551369 0.000468822 -0.053805109 -0.028166227 -0.000643006 0.999994636 -0.003220055 -0.007229590 0.053803310 0.003249987 0.998546243 0.727114975
0.998466790 0.000748364 -0.055349063 -0.030981103 -0.001075911 0.999982059 -0.005888293 -0.007779317 0.055343665 0.005938815 0.998449683 0.777638018
0.998356164 0.005099729 -0.057086952 -0.034412555 -0.005552814 0.999954283 -0.007780950 -0.008252992 0.057044663 0.008085153 0.998338878 0.828318775
0.998285770 0.005802386 -0.058239818 -0.037757289 -0.006244509 0.999953032 -0.007412323 -0.008947939 0.058194071 0.007763295 0.998275101 0.879742503
0.998199701 0.004781587 -0.059786662 -0.040903684 -0.005106918 0.999972939 -0.005289915 -0.010143180 0.059759751 0.005585718 0.998197138 0.932002902
0.998125315 0.005687729 -0.060938854 -0.044178568 -0.005956782 0.999973297 -0.004234359 -0.010563958 0.060913146 0.004589420 0.998132527 0.983912587
0.998070896 0.005796720 -0.061813064 -0.047790773 -0.006063195 0.999973118 -0.004124288 -0.011503444 0.061787494 0.004491116 0.998079240 1.036160707
0.997972727 0.005074917 -0.063440651 -0.051297382 -0.005404932 0.999972761 -0.005031419 -0.011937623 0.063413389 0.005364111 0.997972906 1.088359594
0.997886479 0.003968285 -0.064859614 -0.054161370 -0.004327190 0.999976099 -0.005394024 -0.013027733 0.064836659 0.005663284 0.997879803 1.141042352
0.997876406 0.004012655 -0.065012462 -0.058469951 -0.004292704 0.999982119 -0.004168508 -0.013227471 0.064994574 0.004438735 0.997875750 1.194884539
0.997866690 0.005024134 -0.065091364 -0.062008984 -0.005079975 0.999986827 -0.000692407 -0.014141704 0.065087035 0.001021593 0.997879088 1.248656750
0.997922719 0.006044187 -0.064137816 -0.065750532 -0.005862211 0.999978244 0.003025073 -0.014567818 0.064154707 -0.002642799 0.997936487 1.303168178
0.997986555 0.004473243 -0.063267455 -0.068528146 -0.004178952 0.999979854 0.004783102 -0.014317566 0.063287571 -0.004509080 0.997985125 1.356659174
0.998134136 0.004542574 -0.060890399 -0.072585329 -0.004139259 0.999968648 0.006748118 -0.015481999 0.060919147 -0.006483485 0.998121619 1.412566185
0.998156965 0.004705696 -0.060502250 -0.075332299 -0.004464878 0.999981582 0.004114902 -0.016071502 0.060520500 -0.003837183 0.998159587 1.468098521
0.998253405 0.005947774 -0.058777578 -0.079327747 -0.006003960 0.999981701 -0.000779359 -0.016260955 0.058771864 0.001130896 0.998270810 1.522180080
0.998299897 0.005744926 -0.058003169 -0.082766823 -0.006002289 0.999972880 -0.004263801 -0.016004533 0.057977103 0.004604704 0.998307288 1.578169465
0.998383820 0.003356869 -0.056732152 -0.086157732 -0.003542579 0.999988675 -0.003173197 -0.016837226 0.056720857 0.003369046 0.998384416 1.634243727
0.998339176 0.000649601 -0.057605725 -0.088606060 -0.000526856 0.999997556 0.002145934 -0.017579602 0.057606980 -0.002112020 0.998337090 1.690528035
0.998330355 -0.001823030 -0.057733200 -0.092485979 0.002105472 0.999986112 0.004831746 -0.017704902 0.057723589 -0.004945235 0.998320341 1.747588277
0.998201668 -0.008742160 -0.059304014 -0.094789475 0.009005988 0.999950707 0.004182912 -0.018373182 0.059264522 -0.004709481 0.998231232 1.804304004
0.998109341 -0.011329821 -0.060410552 -0.098516218 0.011402595 0.999934614 0.000860037 -0.019024746 0.060396861 -0.001547248 0.998173237 1.860660315
0.998022914 -0.011163993 -0.061851297 -0.102241896 0.010928231 0.999931693 -0.004148737 -0.018582098 0.061893389 0.003464610 0.998076737 1.916986942
0.997919381 -0.009864617 -0.063715436 -0.106214806 0.009621013 0.999945164 -0.004129009 -0.019913383 0.063752674 0.003507411 0.997959554 1.974817157
0.997870386 -0.010239050 -0.064419195 -0.110410385 0.010067609 0.999944866 -0.002985392 -0.020108044 0.064446211 0.002330487 0.997918487 2.032422781
0.997807026 -0.006903283 -0.065829545 -0.113991477 0.006920187 0.999976039 0.000028757 -0.021213571 0.065827772 -0.000484247 0.997830868 2.090397596
0.997755289 -0.006293338 -0.066669047 -0.118553288 0.006384843 0.999978960 0.001159545 -0.021834144 0.066660345 -0.001582613 0.997774482 2.148697376
0.997673988 -0.005254392 -0.067963213 -0.122359850 0.005544355 0.999976337 0.004078555 -0.022591373 0.067940176 -0.004445881 0.997679472 2.206440210
0.997662842 -0.005382487 -0.068116978 -0.125811175 0.005880198 0.999957442 0.007108314 -0.022936795 0.068075821 -0.007492242 0.997651994 2.265222073
0.997672975 0.000584816 -0.068178333 -0.131216660 0.000025099 0.999960005 0.008944676 -0.022815969 0.068180837 -0.008925573 0.997633040 2.322643042
0.997645199 0.000577615 -0.068583854 -0.135201603 -0.000056674 0.999971151 0.007597388 -0.022451334 0.068586268 -0.007575611 0.997616410 2.380176306
0.997646332 0.000881660 -0.068563655 -0.139012292 -0.000433720 0.999978483 0.006547818 -0.023471860 0.068567954 -0.006502669 0.997625232 2.437442303
0.997645915 0.002827414 -0.068517826 -0.143266290 -0.002526622 0.999986768 0.004476248 -0.023943415 0.068529576 -0.004292591 0.997639835 2.493947744
0.997590840 0.002553913 -0.069325648 -0.147982836 -0.002254674 0.999987781 0.004394333 -0.024343947 0.069336027 -0.004227440 0.997584403 2.552510977
0.997512817 0.001421317 -0.070471063 -0.152223244 -0.001082374 0.999987662 0.004847627 -0.024458416 0.070477083 -0.004759294 0.997502029 2.609836102
0.997443616 0.001184503 -0.071448050 -0.156231210 -0.000722393 0.999978662 0.006493282 -0.025198184 0.071454220 -0.006425069 0.997423172 2.666920185
0.997408390 0.003757304 -0.071849428 -0.160337269 -0.003572540 0.999989986 0.002699883 -0.025676992 0.071858853 -0.002436202 0.997411847 2.723002672
0.997358680 0.003916461 -0.072528452 -0.164940178 -0.003998857 0.999991536 -0.000990877 -0.026382850 0.072523959 0.001278290 0.997365832 2.779214621
0.997291684 0.004785161 -0.073392011 -0.168873310 -0.004972639 0.999984801 -0.002371966 -0.026912188 0.073379546 0.002730494 0.997300327 2.835490465
0.997295082 0.003384932 -0.073423468 -0.173233271 -0.003299217 0.999993742 0.001288650 -0.027770633 0.073427372 -0.001042924 0.997300029 2.891671896
0.997302234 0.001680534 -0.073385537 -0.177408636 -0.001352747 0.999988914 0.004516111 -0.028513767 0.073392309 -0.004404655 0.997293413 2.947172403
0.997274876 -0.000437180 -0.073774546 -0.181315005 0.000829241 0.999985695 0.005283766 -0.029155038 0.073771186 -0.005330544 0.997260928 3.002491236
0.997252524 -0.003785999 -0.073979869 -0.185308740 0.004097931 0.999983370 0.004065103 -0.029831756 0.073963247 -0.004357099 0.997251451 3.057328701
0.997212529 -0.006124492 -0.074361674 -0.189319730 0.006336779 0.999976516 0.002619195 -0.030294159 0.074343890 -0.003083107 0.997227907 3.112149715
0.997115791 -0.007665244 -0.075507030 -0.193321943 0.007972678 0.999961078 0.003771004 -0.030867267 0.075475194 -0.004362121 0.997138143 3.166853905
0.996979475 -0.010979124 -0.076885231 -0.197142586 0.011615449 0.999901831 0.007833990 -0.031237913 0.076791674 -0.008703384 0.997009158 3.221266985
0.996940792 -0.011541365 -0.077303417 -0.201392934 0.012593352 0.999834418 0.013134901 -0.031831078 0.077139020 -0.014068229 0.996921062 3.275748968
0.996934056 -0.009969244 -0.077608906 -0.205879942 0.011207483 0.999816477 0.015535665 -0.032075897 0.077439792 -0.016357834 0.996862829 3.329489231
0.996829391 -0.008546655 -0.079107910 -0.210354105 0.009491398 0.999887943 0.011574149 -0.032298505 0.079000130 -0.012288298 0.996798873 3.383540630
0.996727824 -0.006869929 -0.080538802 -0.214820743 0.007178467 0.999967933 0.003542003 -0.032458778 0.080511890 -0.004108557 0.996745169 3.436015844
0.996682167 -0.005128040 -0.081230387 -0.219463795 0.005037934 0.999986470 -0.001314178 -0.032891341 0.081236027 0.000900584 0.996694505 3.488177061
0.996599615 -0.000744228 -0.082393482 -0.224279180 0.000718845 0.999999702 -0.000337734 -0.033558071 0.082393706 0.000277357 0.996599793 3.540150881
0.996539533 0.002123369 -0.083092719 -0.229054421 -0.001953987 0.999995828 0.002119735 -0.034533285 0.083096877 -0.001950038 0.996539593 3.591278315
0.996429026 0.004558096 -0.084311351 -0.233552352 -0.004281169 0.999984860 0.003465082 -0.035053901 0.084325865 -0.003091758 0.996433437 3.641731262
0.996342778 0.005761924 -0.085251972 -0.238080576 -0.005514255 0.999979854 0.003140343 -0.035783820 0.085268356 -0.002658757 0.996354461 3.690700531
0.996202052 0.007411726 -0.086755782 -0.242860660 -0.007076404 0.999966264 0.004172033 -0.036258679 0.086783782 -0.003542269 0.996220887 3.740136862
0.996075630 0.008281394 -0.088118024 -0.247369096 -0.007880733 0.999956965 0.004893788 -0.037226416 0.088154763 -0.004180148 0.996098042 3.788129807
0.995934963 0.008075632 -0.089712277 -0.251504958 -0.007634061 0.999957025 0.005264128 -0.037734881 0.089750931 -0.004557860 0.995953798 3.835257530
0.995827615 0.007490836 -0.090946160 -0.255753815 -0.006960916 0.999956906 0.006142537 -0.037867598 0.090988256 -0.005483840 0.995836854 3.882127523
0.995674014 0.010523655 -0.092317291 -0.260565281 -0.009724521 0.999911308 0.009101954 -0.038568556 0.092404887 -0.008164838 0.995688021 3.928409338
0.995538056 0.011976968 -0.093597606 -0.265043467 -0.010769184 0.999852240 0.013398490 -0.039211024 0.093744248 -0.012330737 0.995519936 3.973239183
0.995356262 0.015224455 -0.095048152 -0.269631058 -0.013875956 0.999793708 0.014832431 -0.039064687 0.095254354 -0.013444669 0.995362163 4.017471313
0.995200694 0.017931152 -0.096198037 -0.274188817 -0.016965644 0.999797225 0.010845283 -0.039571270 0.096373007 -0.009161172 0.995303154 4.060244560
0.995105326 0.017789248 -0.097205721 -0.279144228 -0.017527444 0.999840081 0.003546599 -0.039939467 0.097253263 -0.001825472 0.995257974 4.101678371
0.994980633 0.017057909 -0.098603308 -0.283318520 -0.017415816 0.999844491 -0.002770110 -0.040025171 0.098540723 0.004473463 0.995122969 4.142482758
0.994902074 0.018026555 -0.099221602 -0.287292182 -0.018482549 0.999822438 -0.003678367 -0.040739410 0.099137679 0.005493484 0.995058537 4.181676865
0.994771302 0.020873483 -0.099971958 -0.291360289 -0.020942414 0.999780595 0.000360010 -0.041943666 0.099957541 0.001735527 0.994990170 4.220155239
0.994657755 0.021239240 -0.101018943 -0.296035558 -0.021126213 0.999774396 0.002188659 -0.042165250 0.101042643 -0.000042818 0.994882107 4.257862568
0.994655788 0.017802428 -0.101700164 -0.299995303 -0.018019529 0.999836922 -0.001216367 -0.042697068 0.101661921 0.003042456 0.994814336 4.293496609
0.994737446 0.009871747 -0.101980448 -0.302827120 -0.010612505 0.999921083 -0.006723725 -0.043101463 0.101906024 0.007770609 0.994763672 4.328439713
0.994828522 0.006045699 -0.101388536 -0.305532575 -0.007194997 0.999913871 -0.010973725 -0.044515502 0.101313464 0.011646465 0.994786382 4.363149166
0.995153964 0.008087084 -0.097995877 -0.309161603 -0.009240092 0.999893248 -0.011317761 -0.045127086 0.097893894 0.012168406 0.995122492 4.395934582
0.995494366 0.013274021 -0.093886778 -0.312872499 -0.014098329 0.999867618 -0.008121955 -0.046107285 0.093766533 0.009409008 0.995549738 4.428800106
0.995954394 0.011927597 -0.089064732 -0.315745801 -0.012406191 0.999911427 -0.004821887 -0.046864744 0.088999331 0.005907334 0.996014178 4.460855007
0.996475697 0.008086127 -0.083491638 -0.317615867 -0.008200274 0.999965847 -0.001024322 -0.047304548 0.083480507 0.001705366 0.996507943 4.491735935
0.997180521 0.003587813 -0.074954376 -0.319649071 -0.003420634 0.999991357 0.002358664 -0.047973324 0.074962191 -0.002095622 0.997184157 4.521382809
0.997881353 0.007207420 -0.064659700 -0.320999593 -0.007087400 0.999972701 0.002085365 -0.048488416 0.064672969 -0.001622678 0.997905195 4.551551819
0.998687148 0.012394549 -0.049703110 -0.322326332 -0.012351321 0.999923050 0.001176770 -0.048567448 0.049713869 -0.000561326 0.998763323 4.579913139
0.999366820 0.017470224 -0.030995812 -0.323508203 -0.017413532 0.999846160 0.002098050 -0.049090534 0.031027697 -0.001556976 0.999517322 4.608107567
0.999831557 0.015906226 -0.009155882 -0.323132962 -0.015881488 0.999870062 0.002768215 -0.049680188 0.009198723 -0.002622339 0.999954224 4.635447979
0.999782443 0.012559330 0.016653724 -0.320743620 -0.012617878 0.999914587 0.003415177 -0.049948115 -0.016609410 -0.003624568 0.999855459 4.662381649
0.998859227 0.011504929 0.046344612 -0.318798721 -0.011759544 0.999917209 0.005225062 -0.050464150 -0.046280660 -0.005764094 0.998911858 4.688026905
0.996729851 0.011556523 0.079975456 -0.315990776 -0.012044187 0.999911666 0.005617950 -0.050185166 -0.079903468 -0.006562818 0.996780992 4.714086056
0.993009686 0.011268272 0.117493592 -0.311802119 -0.012128231 0.999904633 0.006606771 -0.050895661 -0.117407940 -0.007985577 0.993051648 4.738598347
0.987130225 0.011739531 0.159487084 -0.306640208 -0.012860864 0.999899268 0.006000481 -0.050835803 -0.159400582 -0.007974397 0.987181783 4.763465881
0.978974819 0.011075867 0.203680187 -0.299814582 -0.012605826 0.999901235 0.006215693 -0.051438622 -0.203591228 -0.008652564 0.979017735 4.786198139
0.967423737 0.013607043 0.252796620 -0.292348832 -0.014975623 0.999881744 0.003490313 -0.051411398 -0.252719223 -0.007162398 0.967513144 4.809140205
0.952207088 0.014163350 0.305124611 -0.283463866 -0.015318507 0.999881685 0.001391946 -0.052675109 -0.305068821 -0.005999475 0.952311397 4.830317974
0.932307661 0.014363927 0.361380786 -0.273665786 -0.015061486 0.999886155 -0.000886470 -0.053090312 -0.361352384 -0.004616468 0.932417929 4.851545334
0.908167720 0.015270121 0.418327838 -0.261886418 -0.015362056 0.999877036 -0.003148057 -0.053265024 -0.418324471 -0.003567411 0.908290625 4.871787071
0.878873825 0.015901441 0.476789266 -0.249912024 -0.015362315 0.999869347 -0.005029113 -0.053867787 -0.476806939 -0.002904630 0.879003227 4.890640736
0.845795155 0.014226018 0.533318102 -0.235576034 -0.012180631 0.999898791 -0.007354447 -0.054217696 -0.533368766 -0.000275795 0.845882833 4.908366680
0.808977604 0.013848715 0.587676346 -0.220782399 -0.010898530 0.999903977 -0.008560358 -0.054898318 -0.587738454 0.000520330 0.809050858 4.924791813
0.769601107 0.012813723 0.638396442 -0.204559863 -0.009604276 0.999917805 -0.008491915 -0.055027880 -0.638452768 0.000404052 0.769660950 4.940149784
0.727136612 0.012560865 0.686377943 -0.187681019 -0.010852034 0.999917984 -0.006802263 -0.055348143 -0.686407089 -0.002502422 0.727213264 4.954574585
0.681598127 0.011677925 0.731633604 -0.170226574 -0.009933302 0.999928176 -0.006706318 -0.055709917 -0.731659353 -0.002696523 0.681665182 4.968187332
0.635805607 0.010194725 0.771781862 -0.151507974 -0.006613598 0.999948025 -0.007760266 -0.056435678 -0.771820903 -0.000170234 0.635839999 4.979635239
0.588953674 0.007827877 0.808128893 -0.132382512 -0.001112958 0.999960005 -0.008874925 -0.056979183 -0.808166027 0.004327506 0.588938832 4.990312576
0.542570591 0.009921130 0.839951634 -0.112965226 -0.002737200 0.999945819 -0.010042802 -0.057505313 -0.840005755 0.003149813 0.542568326 5.000212669
0.494906306 0.013231587 0.868845642 -0.093349457 -0.006933063 0.999912381 -0.011278425 -0.057992056 -0.868918717 -0.000441997 0.494954705 5.009849548
0.449411869 0.015124758 0.893196642 -0.073281050 -0.007578853 0.999885261 -0.013118047 -0.058728911 -0.893292546 -0.000873998 0.449474931 5.017949581
0.407102227 0.012519058 0.913296878 -0.052485704 0.000044722 0.999905765 -0.013726190 -0.059210353 -0.913382709 0.005628808 0.407063305 5.024681568
0.367963552 0.004947409 0.929827094 -0.031020641 0.015464971 0.999814987 -0.011439803 -0.059469383 -0.929711640 0.018589178 0.367818952 5.029810429
0.332889318 0.001520399 0.942964733 -0.009258747 0.019660454 0.999770105 -0.008552606 -0.059728142 -0.942760944 0.021386186 0.332782924 5.035218239
0.299673021 0.005700298 0.954024911 0.012267113 0.017052867 0.999790370 -0.011330297 -0.060141698 -0.953889549 0.019664245 0.299512982 5.040982246
0.268450558 0.013364810 0.963200808 0.034177542 0.006260742 0.999858439 -0.015618362 -0.061054260 -0.963273227 0.010223109 0.268328905 5.047162056
0.240127981 0.017810766 0.970577896 0.056652308 0.001693679 0.999822438 -0.018766453 -0.061985649 -0.970739782 0.006150200 0.240055203 5.052194595
0.214417160 0.019352036 0.976550519 0.079894304 0.002598095 0.999788880 -0.020383000 -0.063113064 -0.976738811 0.006907638 0.214321613 5.056075573
0.191207528 0.020613404 0.981333196 0.103885412 0.010320893 0.999681950 -0.023009801 -0.063828871 -0.981495440 0.014527882 0.190933943 5.059180737
0.171184599 0.026853066 0.984872937 0.128448486 0.017277729 0.999392986 -0.030252071 -0.063953862 -0.985087454 0.022195058 0.170616746 5.061872482
0.151734054 0.033513445 0.987853050 0.153503895 0.019174341 0.999137163 -0.036841441 -0.064160571 -0.988235354 0.024531530 0.150960505 5.064617157
0.133742154 0.034404222 0.990418792 0.180042267 0.017212486 0.999165833 -0.037032373 -0.064933397 -0.990866661 0.022000358 0.133038402 5.068336487
0.118372977 0.029987963 0.992516339 0.207155704 0.015729992 0.999361813 -0.032070842 -0.066269182 -0.992844641 0.019408595 0.117825747 5.071058273
0.104022801 0.026447825 0.994223177 0.235708714 0.015732117 0.999477565 -0.028233606 -0.067891322 -0.994450510 0.018578174 0.103552341 5.073500156
0.090696752 0.024279326 0.995582581 0.265180111 0.018029049 0.999498904 -0.026017267 -0.068781719 -0.995715380 0.020309089 0.090213537 5.075679779
0.079174042 0.023313651 0.996588171 0.295281410 0.022108017 0.999439538 -0.025136730 -0.069812581 -0.996615648 0.024022765 0.078614295 5.077292442
0.068851173 0.023881489 0.997341037 0.326461315 0.025149750 0.999354184 -0.025665900 -0.070876569 -0.997309864 0.026850004 0.068206072 5.078955173
0.061359167 0.024585485 0.997812927 0.358678341 0.027387049 0.999278724 -0.026305731 -0.071736902 -0.997739971 0.028941249 0.060641587 5.080409050
0.055465400 0.024944270 0.998149097 0.391937733 0.028758606 0.999233186 -0.026569437 -0.072853185 -0.998046517 0.030179061 0.054705501 5.082145691
0.050110042 0.026071245 0.998403430 0.426263332 0.030008161 0.999168575 -0.027597345 -0.073699802 -0.998292863 0.031343155 0.049286008 5.083493710
0.044194460 0.026624190 0.998668194 0.461797237 0.030794671 0.999133468 -0.027999368 -0.075056762 -0.998548269 0.031991076 0.043336272 5.084916592
0.039555728 0.026622778 0.998862684 0.498162746 0.033072818 0.999062419 -0.027937813 -0.076184377 -0.998669922 0.034140304 0.038638175 5.086348534
0.036764622 0.026663503 0.998968184 0.536017418 0.034533426 0.999013007 -0.027935622 -0.077386893 -0.998727083 0.035524838 0.035807550 5.087341309
0.033494949 0.025688579 0.999108672 0.574500084 0.035475731 0.999009132 -0.026875336 -0.078973010 -0.998809040 0.036344297 0.032550454 5.088735580
0.031290233 0.025389470 0.999187946 0.614974499 0.037397809 0.998947561 -0.026554508 -0.080185726 -0.998810589 0.038198333 0.030307770 5.089681625
0.030473113 0.025131393 0.999219656 0.656639576 0.041939761 0.998771310 -0.026399152 -0.081477307 -0.998655319 0.042711496 0.029381633 5.090936661
0.031810343 0.024685688 0.999188960 0.698551655 0.045321777 0.998631060 -0.026114773 -0.082445487 -0.998465776 0.046115745 0.030647993 5.091061592
0.034779549 0.024923796 0.999084294 0.741251469 0.046981193 0.998542964 -0.026545782 -0.083472438 -0.998290241 0.047861416 0.033557951 5.091669083
0.037697792 0.024173366 0.998996794 0.785608292 0.049534239 0.998433173 -0.026028937 -0.086125582 -0.998060763 0.050465778 0.036441326 5.095021725
0.042426765 0.024081567 0.998809338 0.831048965 0.049855530 0.998413026 -0.026189744 -0.086772107 -0.997854888 0.050907314 0.041158855 5.096003056
0.046037316 0.022688041 0.998682022 0.876721621 0.051119823 0.998378634 -0.025037671 -0.087864488 -0.997630835 0.052205116 0.044802904 5.098811150
0.050614178 0.020842109 0.998500824 0.924335957 0.051175531 0.998414695 -0.023434412 -0.089466453 -0.997406304 0.052284922 0.049467325 5.100360394
0.054577649 0.018623475 0.998335898 0.971631765 0.048215646 0.998610556 -0.021264490 -0.091012716 -0.997344851 0.049295977 0.053603888 5.103456497
0.058788955 0.017600862 0.998115361 1.019703627 0.047416031 0.998666823 -0.020403396 -0.092488587 -0.997143805 0.048526160 0.057875991 5.106471062
0.062520802 0.018622834 0.997870088 1.069274902 0.044201810 0.998793185 -0.021409506 -0.093989685 -0.997064531 0.045446198 0.061622143 5.110223770
0.066246331 0.022244211 0.997555375 1.118731022 0.042339582 0.998788357 -0.025083425 -0.096156657 -0.996904612 0.043897763 0.065224230 5.113011837
0.067303538 0.027964497 0.997340620 1.168431759 0.036443364 0.998871207 -0.030466724 -0.097574368 -0.997066796 0.038396966 0.066208482 5.117526054
0.067315161 0.030994911 0.997250319 1.217306852 0.034015704 0.998865008 -0.033341188 -0.099151522 -0.997151852 0.036166538 0.066184461 5.120943546
0.067107201 0.030753402 0.997271717 1.267956495 0.031125413 0.998973846 -0.032900348 -0.101441696 -0.997260213 0.033248346 0.066081166 5.125159740
0.066804111 0.029166875 0.997339785 1.318124056 0.028778886 0.999100447 -0.031146048 -0.103378966 -0.997351050 0.030783013 0.065904677 5.129415989
0.066944182 0.027704600 0.997371972 1.367469311 0.029485956 0.999122918 -0.029732348 -0.105850011 -0.997320950 0.031398874 0.066068530 5.132361889
0.067091703 0.027085006 0.997379065 1.416628599 0.026660845 0.999225855 -0.028928578 -0.107913405 -0.997390509 0.028531836 0.066317677 5.136409760
0.067114711 0.027386654 0.997369468 1.467415094 0.025311485 0.999254763 -0.029141683 -0.110067979 -0.997424304 0.027200738 0.066371500 5.140347481
0.066990077 0.028059201 0.997359097 1.516683340 0.021737708 0.999326169 -0.029574612 -0.112332433 -0.997516870 0.023661505 0.066334963 5.144388676
0.065934300 0.029243290 0.997395396 1.567014694 0.018762831 0.999357402 -0.030541163 -0.114426404 -0.997647583 0.020727670 0.065343201 5.147806168
0.062644243 0.029328192 0.997604966 1.615893841 0.016353516 0.999403775 -0.030407991 -0.116224602 -0.997901976 0.018219234 0.062127292 5.151683807
0.059096336 0.027920894 0.997861922 1.666582108 0.013941508 0.999488175 -0.028792063 -0.118533403 -0.998155117 0.015613207 0.058676839 5.154520988
0.053963900 0.025480807 0.998217821 1.715614080 0.011701744 0.999589562 -0.026148425 -0.120589875 -0.998474419 0.013091962 0.053643584 5.157694817
0.048050821 0.023470420 0.998569131 1.766104698 0.010360278 0.999658406 -0.023994556 -0.122440428 -0.998791218 0.011498413 0.047791243 5.160208702
0.041125119 0.023711700 0.998872638 1.814488888 0.009381532 0.999665141 -0.024116768 -0.124565743 -0.999109983 0.010362761 0.040888906 5.161607265
0.031964123 0.024556914 0.999187469 1.863784075 0.009427308 0.999646246 -0.024869775 -0.126446292 -0.999444723 0.010214591 0.031721354 5.163785458
0.021331966 0.025219720 0.999454498 1.911645412 0.009034925 0.999636114 -0.025417145 -0.128034949 -0.999731839 0.009572198 0.021096349 5.165009499
0.012023807 0.023997996 0.999639750 1.961319685 0.011302512 0.999644816 -0.024134068 -0.130073890 -0.999863863 0.011588625 0.011748314 5.165184498
0.000971437 0.023188816 0.999730766 2.009473324 0.010773375 0.999672830 -0.023197945 -0.131703094 -0.999941587 0.010793011 0.000721276 5.165405750
-0.010035515 0.022455132 0.999697626 2.057803631 0.011528532 0.999683976 -0.022339098 -0.133195892 -0.999883294 0.011300861 -0.010291219 5.164910316
-0.020743608 0.022948334 0.999521554 2.104835749 0.011962014 0.999670684 -0.022703508 -0.134605318 -0.999713361 0.011485341 -0.021011233 5.163676739
-0.032232404 0.023163475 0.999211907 2.152635813 0.012121372 0.999666929 -0.022783013 -0.136946797 -0.999406815 0.011377467 -0.032502532 5.162625790
-0.042727709 0.024588166 0.998784184 2.199888468 0.012287692 0.999634445 -0.024083436 -0.138459250 -0.999011219 0.011243723 -0.043014169 5.160681725
-0.053551555 0.025584519 0.998237312 2.247346163 0.012550849 0.999610007 -0.024946399 -0.140275896 -0.998486221 0.011192808 -0.053851724 5.158602238
-0.062028050 0.026171591 0.997731268 2.292943954 0.013227987 0.999589920 -0.025397975 -0.142149702 -0.997986794 0.011622591 -0.062348723 5.154695511
-0.072463751 0.026842471 0.997009814 2.339999199 0.014735469 0.999557495 -0.025840074 -0.144021139 -0.997262239 0.012818938 -0.072827220 5.151940346
-0.081475496 0.026889125 0.996312737 2.385534286 0.014979979 0.999556124 -0.025751648 -0.146251872 -0.996562958 0.012826618 -0.081842184 5.147934437
-0.090452194 0.026541013 0.995547116 2.430724144 0.016661812 0.999545217 -0.025133764 -0.147683203 -0.995761454 0.014314215 -0.090853333 5.143911839
-0.098200917 0.025507106 0.994839728 2.475033760 0.017981661 0.999553740 -0.023853000 -0.149362728 -0.995004177 0.015546487 -0.098615766 5.139938831
-0.102951050 0.023795351 0.994401693 2.519626617 0.020782020 0.999547064 -0.021766895 -0.151173413 -0.994469225 0.018424749 -0.103398919 5.134440422
-0.106799006 0.021903304 0.994039476 2.563211441 0.023666846 0.999530077 -0.019481542 -0.152833357 -0.993999064 0.021445168 -0.107267261 5.129650116
-0.109599948 0.021281751 0.993748069 2.606230259 0.025563901 0.999500394 -0.018585516 -0.154018059 -0.993647158 0.023367105 -0.110089302 5.124922276
-0.111707211 0.020208361 0.993535876 2.647711039 0.025628781 0.999519229 -0.017448524 -0.155687451 -0.993410826 0.023513986 -0.112171412 5.120727539
-0.111728430 0.021134784 0.993514001 2.688892841 0.026964275 0.999470174 -0.018229144 -0.156614423 -0.993372858 0.024752671 -0.112239122 5.115516663
-0.111148238 0.022048341 0.993559361 2.728443623 0.027578684 0.999437273 -0.019093594 -0.158157617 -0.993421257 0.025278840 -0.111693740 5.111450195
-0.108365655 0.023826217 0.993825734 2.766851664 0.029118946 0.999359846 -0.020783806 -0.159373969 -0.993684709 0.026686907 -0.108990073 5.107750416
-0.102833986 0.024277601 0.994402289 2.804331303 0.028832790 0.999354780 -0.021416837 -0.160907388 -0.994280636 0.026469013 -0.103467584 5.103487492
-0.094866633 0.024829920 0.995180309 2.840433836 0.028110549 0.999357045 -0.022254465 -0.162594274 -0.995093048 0.025863858 -0.095503569 5.100445747
-0.083963156 0.024869002 0.996158600 2.875286579 0.027659871 0.999361455 -0.022617603 -0.164030328 -0.996084988 0.025654575 -0.084597349 5.098026276
-0.070400000 0.025150504 0.997201800 2.908521175 0.026570968 0.999374688 -0.023329465 -0.165482804 -0.997164965 0.024854224 -0.071024179 5.096490860
-0.052947998 0.026648292 0.998241603 2.941788435 0.025962824 0.999342680 -0.025300585 -0.166739106 -0.998259664 0.024577556 -0.053605080 5.095117569
-0.031636596 0.029239567 0.999071598 2.973414421 0.024099646 0.999303699 -0.028483219 -0.168264821 -0.999208808 0.023176160 -0.032319307 5.095059395
-0.007449389 0.032282744 0.999450982 3.005065918 0.022166995 0.999238491 -0.032110654 -0.169575468 -0.999726534 0.021915620 -0.008159399 5.095956802
0.021184266 0.034163833 0.999191821 3.036521435 0.020560768 0.999189734 -0.034599688 -0.170971364 -0.999564290 0.021277124 0.020464718 5.097328186
0.054174840 0.033601303 0.997965991 3.067647696 0.018335296 0.999231696 -0.034639254 -0.172405541 -0.998363137 0.020174578 0.053517163 5.100374222
0.092539370 0.031398762 0.995213807 3.098200321 0.017541548 0.999296129 -0.033158652 -0.173554078 -0.995554507 0.020526074 0.091923475 5.104286194
0.134806335 0.027787978 0.990482211 3.127912521 0.015185608 0.999431372 -0.030105831 -0.174990118 -0.990755558 0.019099532 0.134307683 5.109068871
0.179663062 0.022887485 0.983462036 3.157361507 0.011894478 0.999605656 -0.025436124 -0.176922768 -0.983656406 0.016267700 0.179319978 5.116428375
0.227596760 0.019587012 0.973558426 3.186194181 0.007035207 0.999738514 -0.021758405 -0.178207338 -0.973730028 0.011801326 0.227399409 5.125110626
0.279423118 0.018059818 0.959998190 3.214413643 0.003149245 0.999800503 -0.019725230 -0.179406404 -0.960162878 0.008534955 0.279310524 5.135084152
0.333525896 0.017646285 0.942575753 3.241881609 0.001921261 0.999809980 -0.019397616 -0.180494905 -0.942738950 0.008280542 0.333428621 5.146792412
0.390879452 0.018115042 0.920263588 3.267925262 0.003965377 0.999763906 -0.021364259 -0.181503758 -0.920433283 0.012000042 0.390715361 5.159978867
0.449936152 0.021690803 0.892797291 3.292121172 0.004493849 0.999637365 -0.026551249 -0.182490394 -0.893049419 0.015958464 0.449675500 5.174998283
0.509345531 0.024596969 0.860210478 3.315662861 0.005443568 0.999479353 -0.031802472 -0.183913067 -0.860544860 0.020881064 0.508946478 5.191166878
0.567401171 0.028420655 0.822950900 3.337494850 0.001517609 0.999366403 -0.035559524 -0.185005993 -0.823440135 0.021425435 0.566998601 5.208944321
0.622779131 0.031105714 0.781779170 3.357806683 -0.002423838 0.999281287 -0.037828900 -0.186213046 -0.782393992 0.021664144 0.622406960 5.228755951
0.675134659 0.032148775 0.736993611 3.377018929 -0.004423065 0.999208391 -0.039535161 -0.187244445 -0.737681210 0.023431789 0.674742460 5.249626160
0.723694444 0.030290941 0.689455450 3.394329309 -0.004993374 0.999239981 -0.038659848 -0.188412279 -0.690102518 0.024535207 0.723295689 5.271699429
0.768601120 0.026206242 0.639191329 3.410076857 -0.006645944 0.999433756 -0.032984369 -0.189797968 -0.639693797 0.021103792 0.768340051 5.295072556
0.810121238 0.020000707 0.585921109 3.425450802 -0.006332367 0.999658108 -0.025368406 -0.191099495 -0.586228192 0.016841216 0.809970915 5.319902420
0.846956313 0.018109363 0.531354010 3.439058065 -0.009247181 0.999770343 -0.019334089 -0.191756174 -0.531582117 0.011461603 0.846929252 5.345695496
0.878143907 0.013977755 0.478192389 3.450884819 -0.009475357 0.999885142 -0.011826670 -0.192736298 -0.478302777 0.005854474 0.878175497 5.372380257
0.903797209 0.014397071 0.427718759 3.461125851 -0.012982834 0.999896348 -0.006223082 -0.193610147 -0.427764028 0.000071403 0.903890431 5.399917603
0.924039245 0.016183155 0.381954879 3.470197916 -0.016422417 0.999861658 -0.002633710 -0.194476262 -0.381944656 -0.003838971 0.924177229 5.427910805
0.939353943 0.022137620 0.342234045 3.478141785 -0.023557775 0.999722481 -0.000006976 -0.194869116 -0.342139214 -0.008055719 0.939614773 5.457291603
0.951348186 0.025862984 0.307030618 3.485543489 -0.026869312 0.999638498 -0.000949627 -0.194973290 -0.306944191 -0.007346276 0.951699138 5.486674309
0.960640967 0.027930923 0.276385188 3.492553711 -0.028803395 0.999584675 -0.000903092 -0.195050195 -0.276295632 -0.007093285 0.961046517 5.516789913
0.966804445 0.022363599 0.254536867 3.500087976 -0.022920992 0.999736965 -0.000776312 -0.195370331 -0.254487276 -0.005083695 0.967062771 5.547270775
0.970877469 0.019268326 0.238800585 3.507443666 -0.019853273 0.999802887 0.000044246 -0.196055621 -0.238752663 -0.004783931 0.971068621 5.578476906
0.973839641 0.023157969 0.226053312 3.513913393 -0.023683297 0.999719441 -0.000388132 -0.196146116 -0.225998878 -0.004975710 0.974114835 5.610784054
0.975864291 0.028759647 0.216475666 3.520076990 -0.029466365 0.999565780 0.000037022 -0.196157336 -0.216380596 -0.006414880 0.976288021 5.643743038
0.976914585 0.036487482 0.210491240 3.526270628 -0.037040845 0.999312878 -0.001314406 -0.196210504 -0.210394576 -0.006512710 0.977594852 5.677229881
0.977313519 0.041975722 0.207596585 3.532557487 -0.041830752 0.999111772 -0.005090055 -0.196260601 -0.207625836 -0.003709342 0.978201270 5.711421967
0.977398992 0.043398060 0.206900507 3.539623022 -0.042807564 0.999056458 -0.007332224 -0.197280318 -0.207023486 -0.001690399 0.978334486 5.746416092
0.976910532 0.042200975 0.209439605 3.547256470 -0.040800493 0.999106705 -0.011004824 -0.197922274 -0.209716931 0.002205490 0.977759659 5.781851768
0.976117313 0.040890131 0.213361293 3.555207014 -0.038029697 0.999123454 -0.017495407 -0.198539287 -0.213889658 0.008963503 0.976816714 5.818058491
0.975261033 0.041074391 0.217206880 3.563813686 -0.037097912 0.999061584 -0.022355177 -0.198862806 -0.217921272 0.013744213 0.975869596 5.854662418
0.974057138 0.045917455 0.221594751 3.572024345 -0.042121209 0.998874009 -0.021829430 -0.199858546 -0.222347587 0.011929273 0.974894464 5.892459869
0.972578466 0.049307380 0.227288187 3.580520630 -0.046473507 0.998760819 -0.017806239 -0.200861737 -0.227884516 0.006755085 0.973664761 5.931095600
0.971556067 0.046182740 0.232262745 3.589967012 -0.044327408 0.998929799 -0.013203810 -0.201850981 -0.232623965 0.002532637 0.972563446 5.971185684
0.970739484 0.041491732 0.236523360 3.600046158 -0.040809665 0.999136627 -0.007780876 -0.202566057 -0.236641988 -0.002099234 0.971594632 6.012337685
0.969991207 0.039248887 0.239951208 3.610212326 -0.039759237 0.999205589 -0.002715540 -0.203723848 -0.239867166 -0.006906226 0.970781147 6.052762508
0.969428301 0.034650307 0.242915973 3.620921850 -0.035190634 0.999378383 -0.002115834 -0.204179689 -0.242838293 -0.006497218 0.970045030 6.094208717
0.969449937 0.031334203 0.243279561 3.631445885 -0.031002531 0.999505818 -0.005192855 -0.204955995 -0.243322045 -0.002508069 0.969942331 6.136163712
0.969543576 0.030671651 0.242990747 3.641762257 -0.028562287 0.999517560 -0.012199941 -0.205708817 -0.243247703 0.004888004 0.969951868 6.178510666
0.969801664 0.032912206 0.241664156 3.652838707 -0.029202694 0.999394476 -0.018916577 -0.206502840 -0.242140412 0.011288082 0.970175564 6.221829414
0.970417678 0.035949156 0.238740802 3.663540840 -0.031371094 0.999244332 -0.022949262 -0.206986219 -0.239385396 0.014780811 0.970812142 6.265796661
0.970913887 0.034378335 0.236948028 3.673975229 -0.030894024 0.999353230 -0.018403463 -0.208163872 -0.237427458 0.010547900 0.971347988 6.311590195
0.971366227 0.030306745 0.235646382 3.685199261 -0.028630236 0.999534547 -0.010533568 -0.209496096 -0.235855937 0.003485342 0.971781790 6.358242512
0.971922338 0.030587887 0.233305365 3.696045637 -0.030297369 0.999529243 -0.004829719 -0.210329279 -0.233343273 -0.002374427 0.972391546 6.404996872
0.972231328 0.033924781 0.231549978 3.706722975 -0.033611033 0.999420941 -0.005300957 -0.211294293 -0.231595740 -0.002628878 0.972808540 6.452864170
0.972515106 0.039952945 0.229386449 3.716998100 -0.038697060 0.999201238 -0.009972512 -0.211868823 -0.229601651 0.000821837 0.973284364 6.500208378
0.973401666 0.040596608 0.225479871 3.727735281 -0.038127910 0.999155819 -0.015294343 -0.212778315 -0.225910425 0.006290464 0.974127769 6.548786163
0.974374235 0.039498847 0.221437842 3.738949776 -0.036304336 0.999169886 -0.018479455 -0.213403061 -0.221983939 0.009966752 0.974999368 6.597633362
0.975365222 0.037093267 0.217455149 3.750188589 -0.034230381 0.999270737 -0.016918851 -0.214812145 -0.217924148 0.009058487 0.975923657 6.647721767
0.976227880 0.033270873 0.214177996 3.761463165 -0.030840341 0.999416530 -0.014680597 -0.216076106 -0.214541465 0.007726286 0.976684332 6.698406219
0.976731837 0.032233000 0.212028235 3.773048401 -0.030423993 0.999467552 -0.011789726 -0.217303902 -0.212295353 0.005064656 0.977192402 6.749617577
0.977030396 0.028893273 0.211132154 3.784013271 -0.027531894 0.999576867 -0.009385356 -0.218575805 -0.211313993 0.003356911 0.977412462 6.802061081
0.977194667 0.023865690 0.210999906 3.795216084 -0.022520890 0.999707878 -0.008774525 -0.218734771 -0.211147681 0.003822515 0.977446675 6.854054928
0.977393210 0.024376461 0.210019857 3.806646109 -0.023472197 0.999701381 -0.006797521 -0.220248044 -0.210122839 0.001714224 0.977673471 6.907594681
0.977126956 0.029883679 0.210546494 3.817263126 -0.028609650 0.999549270 -0.009095135 -0.220647693 -0.210723385 0.002863441 0.977541566 6.960471630
0.976798654 0.035852972 0.211137265 3.827981949 -0.034042545 0.999345839 -0.012204407 -0.221824765 -0.211436719 0.004733599 0.977380216 7.014707088
0.976243436 0.044824615 0.211989358 3.838734865 -0.042888597 0.998985589 -0.013724430 -0.222712502 -0.212389514 0.004306458 0.977175593 7.068005085
0.975352585 0.050310496 0.214839831 3.849653244 -0.048635907 0.998730958 -0.013077146 -0.224242046 -0.215225115 0.002305899 0.976561725 7.122411251
0.974564552 0.052695189 0.217823729 3.861157417 -0.051558912 0.998610437 -0.010900915 -0.225820750 -0.218095466 -0.000607108 0.975927234 7.176700592
0.973964572 0.053364843 0.220329762 3.872940063 -0.051997174 0.998575032 -0.012006526 -0.226771206 -0.220656529 0.000237406 0.975351572 7.231351852
0.973605812 0.052049834 0.222221777 3.885370731 -0.049993102 0.998638809 -0.014874374 -0.227877080 -0.222693503 0.003372222 0.974882662 7.285618782
0.973693073 0.045800902 0.223213047 3.898250818 -0.043932419 0.998945534 -0.013332166 -0.229521051 -0.223588303 0.003175149 0.974678516 7.339800835
0.973966062 0.038891852 0.223332778 3.911439180 -0.036459159 0.999222457 -0.015007332 -0.230843276 -0.223742783 0.006474108 0.974626720 7.393997192
0.973641932 0.038103510 0.224876612 3.923790216 -0.035686832 0.999253392 -0.014803085 -0.232780516 -0.225272760 0.006387772 0.974274814 7.448835373
0.973080337 0.040921278 0.226804242 3.936307430 -0.039201930 0.999158263 -0.012081820 -0.233869791 -0.227107748 0.002865418 0.973865449 7.506325245
0.972773969 0.042628180 0.227801681 3.948182583 -0.042312596 0.999084711 -0.006271116 -0.235181123 -0.227860510 -0.003538502 0.973687351 7.558221817
0.972361505 0.046250988 0.228853583 3.960306883 -0.047105685 0.998888433 -0.001729595 -0.236690938 -0.228679180 -0.009098514 0.973459303 7.612333298
0.972174525 0.045413524 0.229813665 3.973027706 -0.044679780 0.998966038 -0.008398213 -0.237912208 -0.229957446 -0.002103494 0.973198414 7.666491985
0.972453535 0.041517101 0.229369789 3.986195803 -0.037277676 0.999045134 -0.022787010 -0.239440575 -0.230096817 0.013608935 0.973072588 7.720659733
0.972735405 0.039163724 0.228587016 3.998798132 -0.032743491 0.998957336 -0.031813439 -0.240898460 -0.229594603 0.023461321 0.973003566 7.772151470
0.972988486 0.036451112 0.227957621 4.011819839 -0.032066952 0.999223173 -0.022907862 -0.242258981 -0.228615552 0.014979181 0.973401546 7.827349186
0.973433733 0.029545976 0.227054611 4.024246216 -0.029868191 0.999551833 -0.002017261 -0.243855610 -0.227012441 -0.004818040 0.973879933 7.880841255
0.973780394 0.025764612 0.226026267 4.037066460 -0.029496076 0.999478459 0.013146820 -0.245325401 -0.225569665 -0.019469004 0.974032462 7.935341358
