0.999996781 0.002517305 0.000300046 -0.000567907 -0.002517781 0.999995530 0.001594850 -0.000716433 -0.000296029 -0.001595600 0.999998689 0.028802242
0.999986708 0.005129614 0.000464361 -0.001146595 -0.005130496 0.999984980 0.001918288 -0.001405964 -0.000454514 -0.001920645 0.999998033 0.060171541
0.999978721 0.006410773 0.001199890 -0.001647730 -0.006412853 0.999977946 0.001737342 -0.002136966 -0.001188725 -0.001745000 0.999997795 0.085035987
0.999962986 0.008453350 0.001602341 -0.002129807 -0.008454489 0.999963999 0.000705598 -0.002382459 -0.001596319 -0.000719119 0.999998450 0.118309096
0.999964297 0.008329162 0.001429030 -0.002080216 -0.008330979 0.999964476 0.001270524 -0.003417164 -0.001418397 -0.001282383 0.999998152 0.138915151
0.999963582 0.008487251 0.000912636 -0.001642742 -0.008489223 0.999961615 0.002179805 -0.003991819 -0.000894100 -0.002187473 0.999997199 0.165952787
0.999954045 0.009263214 0.002464451 -0.002691317 -0.009274832 0.999945700 0.004745548 -0.004454265 -0.002420359 -0.004768187 0.999985695 0.189996257
0.999955654 0.008755036 0.003465501 -0.002694917 -0.008784127 0.999925554 0.008470227 -0.004732319 -0.003391086 -0.008500293 0.999958098 0.215147793
0.999953210 0.008201390 0.005129575 -0.002871278 -0.008262919 0.999892771 0.012091274 -0.005328127 -0.005029859 -0.012133094 0.999913752 0.237875685
0.999956965 0.007399616 0.005598963 -0.002511870 -0.007478464 0.999871254 0.014195378 -0.005640985 -0.005493202 -0.014236638 0.999883592 0.260968149
0.999940932 0.008015597 0.007344554 -0.002972546 -0.008120548 0.999863744 0.014373028 -0.006197642 -0.007228345 -0.014431820 0.999869704 0.281834394
0.999923468 0.008962298 0.008531466 -0.003018364 -0.009063073 0.999888718 0.011847619 -0.006568620 -0.008424335 -0.011924033 0.999893427 0.302940845
0.999922395 0.009051954 0.008560508 -0.002720886 -0.009128707 0.999918103 0.008969680 -0.006789630 -0.008478614 -0.009047130 0.999923110 0.322178334
0.999917805 0.007131204 0.010655527 -0.002704697 -0.007211662 0.999945641 0.007531521 -0.006995724 -0.010601239 -0.007607745 0.999914885 0.340281099
0.999915063 0.003564686 0.012537171 -0.002522337 -0.003629036 0.999980330 0.005113787 -0.007220772 -0.012518696 -0.005158850 0.999908328 0.357614964
0.999893785 0.001607948 0.014487294 -0.002446847 -0.001665147 0.999990880 0.003936999 -0.007534527 -0.014480830 -0.003960705 0.999887288 0.373762786
0.999845386 0.006080492 0.016500618 -0.002353192 -0.006115953 0.999979079 0.002099441 -0.008026090 -0.016487507 -0.002200033 0.999861658 0.388937980
0.999755263 0.010383084 0.019535266 -0.002744391 -0.010416854 0.999944389 0.001627667 -0.008522245 -0.019517280 -0.001830765 0.999807835 0.403310299
0.999669790 0.010847015 0.023294032 -0.002534517 -0.010913149 0.999936759 0.002713872 -0.008925084 -0.023263121 -0.002967187 0.999724984 0.415615231
0.999634624 0.006607235 0.026210291 -0.001995002 -0.006690110 0.999972880 0.003075485 -0.009095589 -0.026189260 -0.003249711 0.999651730 0.427257150
0.999594510 0.001394859 0.028440710 -0.001339214 -0.001472936 0.999995232 0.002724498 -0.009296214 -0.028436773 -0.002765285 0.999591768 0.438162655
0.999522567 -0.001537804 0.030859467 -0.000772971 0.001411936 0.999990582 0.004100147 -0.009492368 -0.030865483 -0.004054618 0.999515295 0.447372764
0.999435842 -0.001308211 0.033560481 -0.000749388 0.001143577 0.999987245 0.004924319 -0.009558993 -0.033566494 -0.004883162 0.999424577 0.455766201
0.999369621 -0.001167234 0.035482019 -0.000297083 0.001020169 0.999990821 0.004162585 -0.009948692 -0.035486553 -0.004123764 0.999361634 0.463336974
0.999306560 -0.000483653 0.037231833 0.000046737 0.000379452 0.999996006 0.002805725 -0.010097422 -0.037233040 -0.002789651 0.999302745 0.470134556
0.999187231 0.002097174 0.040255193 0.000000835 -0.002178129 0.999995708 0.001967310 -0.010328646 -0.040250894 -0.002053392 0.999187469 0.476593107
0.999102831 0.004805501 0.042077061 -0.000112370 -0.004871640 0.999987066 0.001469446 -0.010706329 -0.042069454 -0.001673112 0.999113262 0.482405454
0.999038875 0.006195161 0.043392915 0.000206296 -0.006203449 0.999980748 0.000056359 -0.010892638 -0.043391731 -0.000325491 0.999058068 0.488371402
0.998972297 0.005051415 0.045042314 0.000578772 -0.004981294 0.999986172 -0.001668898 -0.011016373 -0.045050126 0.001442814 0.998983681 0.494182765
0.998912752 0.003719719 0.046470154 0.000897973 -0.003579164 0.999988794 -0.003107469 -0.011173050 -0.046481188 0.002937766 0.998914838 0.499316871
0.998859942 0.003094379 0.047636583 0.001231759 -0.002909472 0.999987960 -0.003950463 -0.011322929 -0.047648232 0.003807361 0.998856902 0.504406512
0.998779535 0.003769075 0.049246520 0.001481729 -0.003503638 0.999978900 -0.005475187 -0.011369460 -0.049266119 0.005295963 0.998771667 0.509446442
0.998721182 0.004543596 0.050351914 0.001774379 -0.004179847 0.999964416 -0.007327082 -0.011600583 -0.050383415 0.007107249 0.998704672 0.514120460
0.998672545 0.005055480 0.051259927 0.001932970 -0.004550876 0.999940097 -0.009955958 -0.011558587 -0.051307186 0.009709464 0.998635709 0.518506587
0.998625994 0.004234953 0.052232165 0.001993007 -0.003594939 0.999917388 -0.012341126 -0.011549903 -0.052280113 0.012136398 0.998558700 0.523077130
0.998669803 0.002843929 0.051483579 0.002518880 -0.002140662 0.999903738 -0.013710001 -0.012023681 -0.051517613 0.013581556 0.998579741 0.527820051
0.998796344 0.002095334 0.049004391 0.003041219 -0.001379967 0.999892056 -0.014627298 -0.012262889 -0.049029753 0.014542067 0.998691440 0.532762170
0.998944819 0.002584358 0.045854244 0.003213701 -0.001868834 0.999875963 -0.015640339 -0.012297034 -0.045888975 0.015538141 0.998825669 0.537263393
0.999056339 0.003235038 0.043312244 0.002042877 -0.002483558 0.999845624 -0.017392864 -0.012104529 -0.043361828 0.017268883 0.998910189 0.541189790
0.999304354 0.003560556 0.037123200 0.002477021 -0.002882815 0.999828517 -0.018294111 -0.012379968 -0.037181970 0.018174365 0.999143243 0.546126068
0.999533832 0.003046648 0.030378418 0.002518493 -0.002477440 0.999821007 -0.018757334 -0.012657866 -0.030430127 0.018673329 0.999362469 0.550823510
0.999714375 0.003712959 0.023610046 0.002097751 -0.003247273 0.999800026 -0.019731900 -0.012563000 -0.023678590 0.019649595 0.999526501 0.555173993
0.999878883 0.003213147 0.015226883 0.002069731 -0.002900239 0.999785066 -0.020527452 -0.012785658 -0.015289567 0.020480806 0.999673307 0.560200810
0.999980032 0.002431589 0.005828600 0.001335070 -0.002308496 0.999776125 -0.021033274 -0.013178772 -0.005878440 0.021019399 0.999761760 0.564988196
0.999976039 0.000672727 -0.006886605 0.001101976 -0.000833853 0.999725342 -0.023420975 -0.013092386 0.006868958 0.023426156 0.999701977 0.569969356
0.999744952 -0.000007254 -0.022582963 0.000150177 -0.000562050 0.999682188 -0.025202977 -0.013281121 0.022575969 0.025209242 0.999427259 0.575853407
0.999125242 0.000239973 -0.041817643 -0.000578482 -0.001327165 0.999661803 -0.025972584 -0.013550569 0.041797265 0.026005363 0.998787642 0.581850290
0.998014748 0.001134592 -0.062970780 -0.002082047 -0.002765591 0.999662817 -0.025819758 -0.013677182 0.062920250 0.025942652 0.997681320 0.588807583
0.996244490 0.001863136 -0.086564921 -0.003343614 -0.003967615 0.999700606 -0.024145311 -0.013974159 0.086494014 0.024398088 0.995953560 0.596071243
0.993629873 0.002849960 -0.112656586 -0.005458356 -0.005478543 0.999719739 -0.023030020 -0.014036733 0.112559386 0.023500510 0.993367076 0.603963792
0.989797056 0.003992562 -0.142428577 -0.007545772 -0.006988183 0.999764621 -0.020538440 -0.014532268 0.142313048 0.021324204 0.989591956 0.612104535
0.984554470 0.003804322 -0.175037056 -0.010656247 -0.006876844 0.999832690 -0.016950363 -0.014849408 0.174943283 0.017892260 0.984415948 0.621181607
0.977465749 0.005061376 -0.211033255 -0.013554851 -0.008013341 0.999881625 -0.013135321 -0.014950171 0.210941792 0.014530407 0.977390647 0.630429566
0.968153298 0.006584714 -0.250271469 -0.017289953 -0.008933119 0.999926090 -0.008248650 -0.015081504 0.250198632 0.010221663 0.968140543 0.639812350
0.956637859 0.010706133 -0.291083127 -0.021551320 -0.012183293 0.999920487 -0.003262704 -0.015314488 0.291025043 0.006667577 0.956692219 0.649381757
0.942766607 0.013561415 -0.333177388 -0.025165807 -0.013876645 0.999902666 0.001433642 -0.015729470 0.333164394 0.003271794 0.942863107 0.658121407
0.926745355 0.016877133 -0.375310868 -0.031601146 -0.015337466 0.999857247 0.007089585 -0.015895033 0.375376940 -0.000813922 0.926871896 0.669163942
0.908247530 0.019830389 -0.417963147 -0.037889551 -0.015372503 0.999783397 0.014030078 -0.015867932 0.418150842 -0.006317645 0.908355653 0.679351032
0.887053788 0.024883762 -0.460995018 -0.044582065 -0.016999308 0.999629676 0.021248056 -0.016215015 0.461353034 -0.011011573 0.887148321 0.689665735
0.863363326 0.029240303 -0.503734827 -0.051849183 -0.019293567 0.999502480 0.024950424 -0.015903618 0.504213810 -0.011822439 0.863497972 0.699017942
0.835841179 0.033056103 -0.547975183 -0.060675140 -0.020418085 0.999366760 0.029141633 -0.016231935 0.548591495 -0.013169173 0.835986853 0.710273504
0.805835724 0.036322214 -0.591024101 -0.069517508 -0.022732874 0.999278784 0.030416790 -0.015804961 0.591702640 -0.011075262 0.806080222 0.720130324
0.773181438 0.038642474 -0.633006513 -0.080507345 -0.022872834 0.999191642 0.033058722 -0.015559042 0.633772314 -0.011081738 0.773440301 0.731109679
0.737289190 0.042773206 -0.674221873 -0.091988362 -0.024196316 0.999025285 0.036919348 -0.015116116 0.675143838 -0.010906555 0.737605453 0.741465628
0.699270487 0.043818660 -0.713512957 -0.104371160 -0.022029148 0.998966396 0.039759669 -0.014603571 0.714517713 -0.012084678 0.699512959 0.751809895
0.660446167 0.043094181 -0.749635816 -0.118099704 -0.018947598 0.998990297 0.040735517 -0.014174833 0.750634372 -0.012699821 0.660595775 0.761471033
0.618851185 0.042290192 -0.784368992 -0.132299617 -0.013612855 0.998977125 0.043120779 -0.013763986 0.785390258 -0.016007841 0.618793845 0.771512568
0.575753808 0.042006422 -0.816543341 -0.148020297 -0.009214583 0.998949289 0.044892848 -0.012928981 0.817571223 -0.018323125 0.575535953 0.780892968
0.529804289 0.044103432 -0.846972466 -0.164654538 -0.007662930 0.998855174 0.047218878 -0.012588385 0.848085344 -0.018526474 0.529535711 0.790014625
0.481405616 0.043470781 -0.875419259 -0.182341158 -0.006402745 0.998917103 0.046082363 -0.011698768 0.876474559 -0.016579224 0.481162667 0.798191547
0.430915296 0.042424832 -0.901394546 -0.201266825 -0.001226054 0.998920858 0.046428863 -0.011016665 0.902391553 -0.018901749 0.430502295 0.805579484
0.378612399 0.041608084 -0.924619615 -0.221412614 0.004299201 0.998899162 0.046711113 -0.010362525 0.925545335 -0.021660531 0.378016710 0.812588334
0.326272666 0.040322740 -0.944415390 -0.242347732 0.006512824 0.998970151 0.044902038 -0.009307956 0.945253372 -0.020801123 0.325674057 0.818401575
0.274378657 0.046314448 -0.960505784 -0.265144914 0.007882887 0.998697579 0.050407842 -0.008499773 0.961589456 -0.021402396 0.273656189 0.823256016
0.224725723 0.051356744 -0.973067760 -0.288673580 0.010764515 0.998418331 0.055180721 -0.007647110 0.974362612 -0.022875130 0.223817468 0.827099919
0.177233577 0.052512798 -0.982766867 -0.313140750 0.016385680 0.998279631 0.056296717 -0.006679088 0.984032452 -0.026080973 0.176068246 0.830611110
0.133807778 0.054023508 -0.989533722 -0.338752806 0.018961828 0.998190641 0.057060212 -0.005875804 0.990825891 -0.026398471 0.132541299 0.832913399
0.094215393 0.052422542 -0.994170785 -0.365184873 0.019114990 0.998333335 0.054453529 -0.004828010 0.995368421 -0.024133930 0.093056321 0.834193408
0.059104502 0.048280779 -0.997083604 -0.392775446 0.016613202 0.998643816 0.049341116 -0.003438327 0.998113573 -0.019481033 0.058222294 0.834729314
0.030962348 0.048157603 -0.998359740 -0.421429425 0.014089501 0.998718381 0.048611861 -0.001942493 0.999421239 -0.015571528 0.030244112 0.834603429
0.010003626 0.052423812 -0.998574793 -0.451522440 0.013468980 0.998527110 0.052556243 -0.000755135 0.999859214 -0.013975541 0.009282827 0.834410906
-0.002591968 0.058481641 -0.998285234 -0.482048869 0.015149176 0.998176217 0.058435928 0.000451442 0.999881983 -0.014971736 -0.003473282 0.833721936
-0.010598421 0.060882930 -0.998088658 -0.513631403 0.014681858 0.998046577 0.060724463 0.001885533 0.999836028 -0.014010216 -0.011471629 0.833021045
-0.014511108 0.058123726 -0.998203933 -0.546239138 0.015728790 0.998198807 0.057894774 0.003321663 0.999771059 -0.014860422 -0.015399218 0.832455099
-0.013709903 0.054189473 -0.998436689 -0.579226315 0.023288891 0.998276830 0.053861018 0.004812710 0.999634922 -0.022514055 -0.014948368 0.831942022
-0.009624600 0.052245736 -0.998587906 -0.613421023 0.035056412 0.998037875 0.051879082 0.006531399 0.999339044 -0.034507599 -0.011437297 0.832119763
-0.003945112 0.052543484 -0.998610854 -0.648348272 0.035528898 0.997995496 0.052370746 0.007918615 0.999360859 -0.035272937 -0.005803943 0.831729412
0.001223385 0.051088747 -0.998693407 -0.683878005 0.033746157 0.998123169 0.051100913 0.009207066 0.999429703 -0.033764578 -0.000502944 0.831290185
0.004250944 0.044720709 -0.998990655 -0.719830513 0.037003107 0.998308301 0.044847634 0.010718303 0.999306262 -0.037156407 0.002588928 0.831244290
0.006541908 0.034248173 -0.999392092 -0.756463230 0.034835152 0.998798907 0.034455881 0.011859767 0.999371827 -0.035039380 0.005340993 0.830865204
0.007251799 0.026263859 -0.999628901 -0.794528604 0.027309984 0.999276936 0.026452741 0.012915518 0.999600828 -0.027491681 0.006529331 0.830246568
0.006001353 0.023318106 -0.999710202 -0.833365440 0.021537377 0.999493182 0.023442341 0.013917400 0.999750137 -0.021671820 0.005496085 0.829324543
0.002387702 0.029640883 -0.999557734 -0.873815417 0.012473855 0.999481976 0.029668432 0.014682741 0.999919355 -0.012539178 0.002016723 0.828626871
-0.002167940 0.037741303 -0.999285340 -0.914750099 0.007497356 0.999260068 0.037724089 0.015557511 0.999969721 -0.007410219 -0.002449393 0.827463448
-0.006647229 0.047108892 -0.998867631 -0.956471682 0.005957561 0.998873830 0.047069535 0.016921207 0.999960184 -0.005637934 -0.006920338 0.826532125
-0.008564711 0.057159405 -0.998328388 -0.998684585 0.004689174 0.998356283 0.057120778 0.018312376 0.999952435 -0.004192114 -0.008818626 0.825733423
-0.009387732 0.064674079 -0.997862279 -1.042293191 0.006850628 0.997887015 0.064611234 0.020251807 0.999932468 -0.006229425 -0.009811044 0.824978948
-0.010359287 0.065320410 -0.997810662 -1.085348129 0.007554593 0.997840762 0.065243952 0.022425931 0.999917924 -0.006862184 -0.010830402 0.823894620
-0.012798667 0.062655918 -0.997953296 -1.128859282 0.006142938 0.998020947 0.062581398 0.024537761 0.999899387 -0.005329419 -0.013158202 0.823081136
-0.015897393 0.057662930 -0.998209715 -1.171654582 0.006763062 0.998319030 0.057561550 0.026372030 0.999850929 -0.005835886 -0.016260624 0.822107315
-0.020072699 0.052873604 -0.998399496 -1.216109753 0.006229087 0.998587906 0.052758347 0.028052205 0.999779165 -0.005160113 -0.020373702 0.820540190
-0.025142908 0.048464727 -0.998508513 -1.259502411 0.006171668 0.998812616 0.048324089 0.029560165 0.999664962 -0.004947466 -0.025412083 0.818568707
-0.032261491 0.046363566 -0.998403668 -1.304724336 0.005713512 0.998915732 0.046202730 0.031220406 0.999463260 -0.004213824 -0.032491446 0.816645503
-0.038540483 0.048443075 -0.998082221 -1.349556804 0.005040647 0.998820901 0.048284292 0.032997906 0.999244452 -0.003170086 -0.038739204 0.813896060
-0.044979334 0.053249575 -0.997567713 -1.395953655 0.003902152 0.998580098 0.053127673 0.034768812 0.998980284 -0.001503017 -0.045123219 0.811753988
-0.051189303 0.056251742 -0.997103572 -1.439931631 0.001764450 0.998416007 0.056235202 0.036305696 0.998687506 0.001119296 -0.051207423 0.808888316
-0.055856466 0.058181856 -0.996742249 -1.488211393 -0.001244556 0.998295844 0.058342293 0.038720667 0.998438179 0.004499286 -0.055688858 0.805648923
-0.058465004 0.059811521 -0.996496141 -1.532298803 -0.006776550 0.998156786 0.060308781 0.040368054 0.998266518 0.010278750 -0.057951927 0.802317262
-0.060238123 0.060906522 -0.996324122 -1.579303265 -0.009837802 0.998052001 0.061606944 0.042742431 0.998135567 0.013512722 -0.059521556 0.798750281
-0.061786890 0.060530815 -0.996252179 -1.624416471 -0.011602962 0.998048306 0.061359551 0.044889368 0.998021901 0.015350690 -0.060963869 0.795353413
-0.063147783 0.059944291 -0.996202290 -1.670980573 -0.011686431 0.998081684 0.060798164 0.046609621 0.997935712 0.015481326 -0.062326193 0.791823149
-0.064137101 0.059410568 -0.996171057 -1.716032743 -0.012405485 0.998101711 0.060324423 0.048500586 0.997864008 0.016227016 -0.063278317 0.788233519
-0.065084219 0.058251448 -0.996178031 -1.763483763 -0.015099630 0.998122931 0.059351686 0.050694246 0.997765481 0.018904777 -0.064082384 0.784502864
-0.066173792 0.055719703 -0.996251166 -1.808831453 -0.019372037 0.998179674 0.057114311 0.052682299 0.997620046 0.023078881 -0.064973831 0.780909896
-0.066108584 0.051213861 -0.996497273 -1.856980801 -0.024825020 0.998288393 0.052952826 0.054453939 0.997503579 0.028238697 -0.064724088 0.776538134
-0.064986348 0.050087754 -0.996628463 -1.903703928 -0.026604354 0.998297513 0.051906407 0.056822136 0.997531593 0.029887853 -0.063543200 0.772858024
-0.063931704 0.054598734 -0.996459603 -1.951601267 -0.027182460 0.998036504 0.056429133 0.058223654 0.997584045 0.030693831 -0.062322021 0.769457102
-0.061954141 0.057470825 -0.996423066 -1.998534083 -0.026979418 0.997879565 0.059232324 0.060075209 0.997714400 0.030552598 -0.060272217 0.766155005
-0.060506105 0.057104815 -0.996533036 -2.046589375 -0.025513111 0.997947514 0.058734939 0.062511846 0.997841716 0.028978480 -0.058925033 0.762472153
-0.058102369 0.056461278 -0.996712744 -2.093408585 -0.024948275 0.998005450 0.057988837 0.064280376 0.997998893 0.028235547 -0.056577921 0.759286165
-0.054190993 0.056628488 -0.996923566 -2.142937660 -0.029920630 0.997850180 0.058307558 0.066814825 0.998082221 0.032988325 -0.052380204 0.755977154
-0.048497677 0.057695679 -0.997155607 -2.190575361 -0.034786049 0.997627079 0.059414819 0.068790391 0.998217404 0.037568584 -0.046375632 0.752557755
-0.042865753 0.057160284 -0.997444332 -2.239106655 -0.038622048 0.997520924 0.058824483 0.071034379 0.998334050 0.041044902 -0.040551901 0.749765396
-0.037018538 0.055987377 -0.997745156 -2.288485765 -0.040738717 0.997514784 0.057485949 0.073476747 0.998484015 0.042774890 -0.034645677 0.747382879
-0.031483889 0.054915778 -0.997994661 -2.336116314 -0.039970219 0.997621596 0.056156199 0.075645559 0.998704910 0.041658070 -0.029214025 0.745191097
-0.025965214 0.054680925 -0.998166382 -2.384660482 -0.038438246 0.997709870 0.055655807 0.077693135 0.998923719 0.039812863 -0.023803830 0.743044615
-0.020018935 0.054460015 -0.998315334 -2.433377743 -0.037844904 0.997758508 0.055188537 0.080471858 0.999083161 0.038885958 -0.017913103 0.741009712
-0.014973998 0.057000067 -0.998261869 -2.481871128 -0.036308497 0.997684360 0.057511721 0.081475019 0.999228418 0.037106570 -0.012869835 0.740180016
-0.009527683 0.057836059 -0.998280585 -2.530889750 -0.037376802 0.997607708 0.058153801 0.083852306 0.999255776 0.037866607 -0.007343173 0.739087582
-0.004365802 0.057556115 -0.998332858 -2.580074072 -0.036664747 0.997661769 0.057677764 0.085471123 0.999318242 0.036855418 -0.002245307 0.738342762
0.000138581 0.052681647 -0.998611391 -2.629729986 -0.036851559 0.997933328 0.052640762 0.087557614 0.999320745 0.036793087 0.002079725 0.738059521
0.004479229 0.047517076 -0.998860359 -2.678953171 -0.036475278 0.998213470 0.047322735 0.089226365 0.999324501 0.036221743 0.006204426 0.737688065
0.008057773 0.046935622 -0.998865366 -2.728354931 -0.036730569 0.998237669 0.046609823 0.090921611 0.999292672 0.036313329 0.009767532 0.737603426
0.011518180 0.048804995 -0.998741925 -2.778319359 -0.035994984 0.998181045 0.048362467 0.092783764 0.999285579 0.035392653 0.013253927 0.737383366
0.013659596 0.048672739 -0.998721361 -2.828002453 -0.036477849 0.998173952 0.048147149 0.094107330 0.999241114 0.035773531 0.015410125 0.737382650
0.014319420 0.048996981 -0.998696268 -2.877972841 -0.037729789 0.998113871 0.048427433 0.095377654 0.999185383 0.036987148 0.016141057 0.737573624
0.015078545 0.049692839 -0.998650789 -2.928293705 -0.039020918 0.998032689 0.049072914 0.097086161 0.999124646 0.038228318 0.016987920 0.737759352
0.016147733 0.049666826 -0.998635411 -2.978520393 -0.039751984 0.998007774 0.048992831 0.098380871 0.999079227 0.038906608 0.018089890 0.737927198
0.017313898 0.047504611 -0.998720944 -3.028913260 -0.040275369 0.998093128 0.046776529 0.099997431 0.999038577 0.039413970 0.019194186 0.738132954
0.017969429 0.046437852 -0.998759627 -3.079615593 -0.038183060 0.998224020 0.045725971 0.101310782 0.999109209 0.037314028 0.019710600 0.738528490
0.018186033 0.046541829 -0.998750925 -3.130226374 -0.034542777 0.998348892 0.045894112 0.102613404 0.999237895 0.033664990 0.019763708 0.739073038
0.018400848 0.047109701 -0.998720348 -3.181215048 -0.032202460 0.998399019 0.046501238 0.104076631 0.999312103 0.031305578 0.019888461 0.739530325
0.018330276 0.050072588 -0.998577356 -3.232137680 -0.031977184 0.998263597 0.049469866 0.105446033 0.999320507 0.031024896 0.019899666 0.740047932
0.018715978 0.053554527 -0.998389661 -3.283152819 -0.033992633 0.998021245 0.052897532 0.107181802 0.999247015 0.032947849 0.020499408 0.740186691
0.019650996 0.053601176 -0.998369038 -3.333531618 -0.036450215 0.997936428 0.052860498 0.108676821 0.999142230 0.035352007 0.021564245 0.740136385
0.019518554 0.051410850 -0.998486936 -3.384428740 -0.037160218 0.998024344 0.050660618 0.110608444 0.999118805 0.036115162 0.021390438 0.740678549
0.019787967 0.049314220 -0.998587251 -3.434723854 -0.036932431 0.998137236 0.048560143 0.111923143 0.999121845 0.035919353 0.021572411 0.741199017
0.019874811 0.048348337 -0.998632789 -3.485470533 -0.034983110 0.998252094 0.047633670 0.113584369 0.999190271 0.033988573 0.021531403 0.741709709
0.019528151 0.049752437 -0.998570800 -3.536278248 -0.033229690 0.998241603 0.049086194 0.115121692 0.999257088 0.032223623 0.021147072 0.742384911
0.020067036 0.052291535 -0.998430312 -3.586865902 -0.032595165 0.998134673 0.051620938 0.116851613 0.999267280 0.031508118 0.021734059 0.742708921
0.020236015 0.054966103 -0.998283088 -3.637518406 -0.033108871 0.997976780 0.054278094 0.118128613 0.999246836 0.031953659 0.022014976 0.743331909
0.020885468 0.055399321 -0.998245955 -3.687897682 -0.034912065 0.997895062 0.054649416 0.119633451 0.999172270 0.033709440 0.022775590 0.743404865
0.021133065 0.053396106 -0.998349786 -3.738105536 -0.034362040 0.998021603 0.052651174 0.121284775 0.999186039 0.033192649 0.022926092 0.743990660
0.021654785 0.051928129 -0.998416007 -3.788259506 -0.033045299 0.998141706 0.051197134 0.122972958 0.999219179 0.031884290 0.023330569 0.744463682
0.021957695 0.052749045 -0.998366356 -3.838247776 -0.031058909 0.998161137 0.052055102 0.124682426 0.999276340 0.029865162 0.023555636 0.744833708
0.022037983 0.055382226 -0.998221993 -3.888321400 -0.028835237 0.998084307 0.054737985 0.126456290 0.999341190 0.027577654 0.023592710 0.745553493
0.022060752 0.057852410 -0.998081386 -3.938703060 -0.027120557 0.997991562 0.057247754 0.128181055 0.999388754 0.025805591 0.023585439 0.746483564
0.022239208 0.059400409 -0.997986495 -3.989142895 -0.028240174 0.997872353 0.058764312 0.130291298 0.999353766 0.026876438 0.023869395 0.747442484
0.022918940 0.061454587 -0.997846782 -4.038303852 -0.030366063 0.997691154 0.060747545 0.131921262 0.999276102 0.028908405 0.024732113 0.747163534
0.023411512 0.060810342 -0.997874916 -4.088675976 -0.032398138 0.997670174 0.060037769 0.133724555 0.999200940 0.030923700 0.025327086 0.747621536
0.023266077 0.056894645 -0.998109043 -4.137425423 -0.034233697 0.997839153 0.056081269 0.135503322 0.999143004 0.032864172 0.025163472 0.748173714
0.023755074 0.054994650 -0.998204172 -4.186832428 -0.035518151 0.997901857 0.054132741 0.137574703 0.999086797 0.034168426 0.025658548 0.748522758
0.023661971 0.053713564 -0.998276055 -4.236504555 -0.036144134 0.997948706 0.052839234 0.139028102 0.999066472 0.034831539 0.025554836 0.749179363
0.023749232 0.054588813 -0.998226523 -4.285876274 -0.034566376 0.997955859 0.053751633 0.140589133 0.999120235 0.033228509 0.025587618 0.749851227
0.023449600 0.056431517 -0.998131096 -4.336203098 -0.035062112 0.997837782 0.055591207 0.142346635 0.999110043 0.033692989 0.025377512 0.750752926
0.023695350 0.058497779 -0.998006284 -4.386173248 -0.034126595 0.997752070 0.057672624 0.144101709 0.999136567 0.032691982 0.025638402 0.751449108
0.023248434 0.057402849 -0.998080492 -4.436160564 -0.037389826 0.997701645 0.056510139 0.146192133 0.999030411 0.036004271 0.025341272 0.751775265
0.022824526 0.058875162 -0.998004496 -4.486297131 -0.041607972 0.997455478 0.057891194 0.148106277 0.998873413 0.040203597 0.025216103 0.752167225
0.022485435 0.057957411 -0.998065948 -4.536467552 -0.044092264 0.997404277 0.056925636 0.150007427 0.998774529 0.042726975 0.024982572 0.752732277
0.022210598 0.054348450 -0.998274982 -4.586778164 -0.045251049 0.997552633 0.053302333 0.151723608 0.998728693 0.043989107 0.024615586 0.753234863
0.021441519 0.050114561 -0.998513341 -4.637820244 -0.045271978 0.997767091 0.049104966 0.153952360 0.998744607 0.044151783 0.023662388 0.753776073
0.020707130 0.049306229 -0.998569012 -4.689054012 -0.042098779 0.997940361 0.048402190 0.155653730 0.998898864 0.041036271 0.022740185 0.754399776
0.020307183 0.048249077 -0.998628914 -4.740749836 -0.037575636 0.998166025 0.047462609 0.157514766 0.999087453 0.036560278 0.022082925 0.755160332
0.019722760 0.050381351 -0.998535335 -4.792783260 -0.036607835 0.998096228 0.049636129 0.158878326 0.999135077 0.035575252 0.021529555 0.755718231
0.018998981 0.054316361 -0.998342991 -4.845392704 -0.035711929 0.997922957 0.053613894 0.160615057 0.999181449 0.034634151 0.020899236 0.756140709
0.018763661 0.054432094 -0.998341203 -4.898265839 -0.034152098 0.997969151 0.053769924 0.162574276 0.999240577 0.033086523 0.020584524 0.756332874
0.017913043 0.050044131 -0.998586297 -4.950967789 -0.034042247 0.998198092 0.049414009 0.164334819 0.999259830 0.033108972 0.019584358 0.756898403
0.016925156 0.046947021 -0.998753965 -5.003942966 -0.034161605 0.998341024 0.046348695 0.165711850 0.999273002 0.033334579 0.018500865 0.757269859
0.016345203 0.045332596 -0.998838246 -5.057421207 -0.033190820 0.998445749 0.044771638 0.167540058 0.999315441 0.032420453 0.017824411 0.757394314
0.015667319 0.046531159 -0.998794019 -5.111229420 -0.035339788 0.998318195 0.045954648 0.169200018 0.999252617 0.034577180 0.017285347 0.757625103
0.015350044 0.051203478 -0.998570263 -5.165384769 -0.039949447 0.997921884 0.050556127 0.170944318 0.999083817 0.039116289 0.017363667 0.757391453
0.015284657 0.054600239 -0.998391330 -5.220016003 -0.045612108 0.997506559 0.053853564 0.172795206 0.998842359 0.044715598 0.017736971 0.757084846
0.015200019 0.054645218 -0.998390257 -5.274566650 -0.053039297 0.997143745 0.053769495 0.174827054 0.998476863 0.052136604 0.018054962 0.756758690
0.015410662 0.052597653 -0.998496890 -5.328942299 -0.056176446 0.997083664 0.051656190 0.176841766 0.998301923 0.055295948 0.018320441 0.756587505
0.014821351 0.051633079 -0.998556137 -5.383464336 -0.058251761 0.997014225 0.050688732 0.178588942 0.998191893 0.057416376 0.017784834 0.756660938
0.014315546 0.050998706 -0.998596132 -5.437713146 -0.058313813 0.997041225 0.050083328 0.180363476 0.998195648 0.057514977 0.017247140 0.756657600
0.013861597 0.049923498 -0.998656809 -5.492100239 -0.056367356 0.997203588 0.049068455 0.182036653 0.998313844 0.055611480 0.016636908 0.756855011
0.013279438 0.050660256 -0.998627663 -5.546218872 -0.056213502 0.997174084 0.049839009 0.183674783 0.998330474 0.055474523 0.016089737 0.757116795
0.012583077 0.055564851 -0.998375773 -5.600949287 -0.056414492 0.996903956 0.054771911 0.185676262 0.998328149 0.055633668 0.015678763 0.757220745
0.012003362 0.059648577 -0.998147249 -5.655446053 -0.055210453 0.996735930 0.058900297 0.187474951 0.998402596 0.054401159 0.015257418 0.757289886
0.011840463 0.058219455 -0.998233616 -5.709442616 -0.055277698 0.996815085 0.057481050 0.189681649 0.998400807 0.054499455 0.015020967 0.757543087
0.012729645 0.056826551 -0.998303056 -5.763610840 -0.055518575 0.996883869 0.056037836 0.191739991 0.998376608 0.054711007 0.015844941 0.757362843
0.013641834 0.056365509 -0.998317122 -5.817553997 -0.054551400 0.996964931 0.055543728 0.193548873 0.998417914 0.053701863 0.016675234 0.757740974
0.014803171 0.055680886 -0.998338938 -5.871330261 -0.054655135 0.997000635 0.054795828 0.195541859 0.998395622 0.053753186 0.017802060 0.757676125
0.015378475 0.057852041 -0.998206735 -5.925475121 -0.054716364 0.996877551 0.056932043 0.197319895 0.998383522 0.053742711 0.018495917 0.758087158
0.016587079 0.061354551 -0.997978210 -5.979546547 -0.056307439 0.996588886 0.060333267 0.199607506 0.998275697 0.055192843 0.019985199 0.758156300
0.017810762 0.062303741 -0.997898281 -6.033007145 -0.057947759 0.996443272 0.061178632 0.201878220 0.998160720 0.056736335 0.021357775 0.758435249
0.018484354 0.059696566 -0.998045444 -6.086494446 -0.059518140 0.996511459 0.058502503 0.203807324 0.998056114 0.058320425 0.021972895 0.758791924
0.018684268 0.056833312 -0.998208880 -6.140086174 -0.058278494 0.996747553 0.055659264 0.205727115 0.998125553 0.057134151 0.021935642 0.759134293
0.018657327 0.055131715 -0.998304725 -6.193147182 -0.055596933 0.996990860 0.054020103 0.207635701 0.998278975 0.054494809 0.021666348 0.759793758
0.018613398 0.054610193 -0.998334229 -6.246981621 -0.053827383 0.997113883 0.053539857 0.209320903 0.998376727 0.052741162 0.021499157 0.760250092
0.018347204 0.055382736 -0.998296797 -6.300129890 -0.051274754 0.997202992 0.054379702 0.210586712 0.998516202 0.050189689 0.021135628 0.760960102
0.018193424 0.053703934 -0.998391211 -6.353484631 -0.049078993 0.997400641 0.052756298 0.212491751 0.998629272 0.048040215 0.020781815 0.761309624
0.018303633 0.053855073 -0.998381078 -6.406538486 -0.048296347 0.997430265 0.052918352 0.214492053 0.998665392 0.047249556 0.020857632 0.761699677
0.018343329 0.056215048 -0.998250186 -6.459995270 -0.046290584 0.997395277 0.055316295 0.216730803 0.998759568 0.045194898 0.020897746 0.761818886
0.018363655 0.057751011 -0.998162150 -6.512939453 -0.043828696 0.997417271 0.056901574 0.218462646 0.998870313 0.042703219 0.020847380 0.761892796
0.018291593 0.056147039 -0.998254955 -6.566073418 -0.041492708 0.997604489 0.055350158 0.220472395 0.998971403 0.040407855 0.020577431 0.762303352
0.017638206 0.055998921 -0.998275042 -6.618696690 -0.042822506 0.997556508 0.055202000 0.222672969 0.998926997 0.041774973 0.019993126 0.762585640
0.017738760 0.060803857 -0.997992218 -6.671623707 -0.043658845 0.997244239 0.059982274 0.224582732 0.998889089 0.042507160 0.020344496 0.762952805
0.018150508 0.067870878 -0.997529089 -6.724520683 -0.048233680 0.996591151 0.066929430 0.226382524 0.998671234 0.046899687 0.021362305 0.763017178
0.019626915 0.067513451 -0.997525334 -6.777570248 -0.053200055 0.996374547 0.066388823 0.229246587 0.998391032 0.051765390 0.023147464 0.762972832
0.021035671 0.063806392 -0.997740626 -6.829810143 -0.056962889 0.996416748 0.062520765 0.231782332 0.998154700 0.055519018 0.024594903 0.763151169
0.022754669 0.058565643 -0.998024225 -6.882785320 -0.058754008 0.996635556 0.057144579 0.233719647 0.998013139 0.057337616 0.026119113 0.763402462
0.023680568 0.056774694 -0.998106122 -6.935005665 -0.061549854 0.996574938 0.055227298 0.235854670 0.997823000 0.060125474 0.027093947 0.763883591
0.024750710 0.054620057 -0.998200417 -6.987174988 -0.055565335 0.997037888 0.053178683 0.236858830 0.998148263 0.054149128 0.027712345 0.765294075
0.025032938 0.049525999 -0.998459220 -7.040652752 -0.052808840 0.997443080 0.048151594 0.238926411 0.998290956 0.051522080 0.027584374 0.765863419
0.024840176 0.046394572 -0.998614311 -7.091460705 -0.046908110 0.997876346 0.045193467 0.240200251 0.998590291 0.045720499 0.026963711 0.766514301
0.023868799 0.048835341 -0.998521626 -7.143651009 -0.044859543 0.997852445 0.047730282 0.242149994 0.998708189 0.043653958 0.026008248 0.767364502
0.024322391 0.055581052 -0.998157918 -7.197349072 -0.044615127 0.997518837 0.054458316 0.243373483 0.998708129 0.043208387 0.026741803 0.768445015
0.025903046 0.058520265 -0.997950256 -7.249248028 -0.046200909 0.997288406 0.057282258 0.245341718 0.998596370 0.044622410 0.028536499 0.768900394
0.028685629 0.055139769 -0.998066545 -7.300776958 -0.047601510 0.997419953 0.053735923 0.247272581 0.998454452 0.045968022 0.031236351 0.768946171
0.028510094 0.055508669 -0.998051167 -7.353899479 -0.049520548 0.997309387 0.054052822 0.249065846 0.998366177 0.047882982 0.031182230 0.770342827
0.029363394 0.056452349 -0.997973442 -7.406192303 -0.047911398 0.997335851 0.055006586 0.250814795 0.998419881 0.046199121 0.031989872 0.771372318
0.030144572 0.054548215 -0.998056054 -7.457324028 -0.047617622 0.997454464 0.053077124 0.252550393 0.998410702 0.045925066 0.032665312 0.772130966
0.031499445 0.053267580 -0.998083353 -7.508024216 -0.047733597 0.997519612 0.051731024 0.254054785 0.998363316 0.046012606 0.033963978 0.773255348
0.033493936 0.054763872 -0.997937381 -7.558529377 -0.049141742 0.997380137 0.053083941 0.255849123 0.998230040 0.047262393 0.036097348 0.773919106
0.034853339 0.056994896 -0.997765899 -7.606945038 -0.048598588 0.997288048 0.055269986 0.256972164 0.998210073 0.046563670 0.037528694 0.774987698
0.035666943 0.058290478 -0.997662306 -7.654329300 -0.049922079 0.997155070 0.056476101 0.258447111 0.998116076 0.047791049 0.038475454 0.775681496
0.035766423 0.059418708 -0.997592330 -7.700345993 -0.050273549 0.997073948 0.057585388 0.259980023 0.998095036 0.048092864 0.038648963 0.776847363
0.035817027 0.060219929 -0.997542381 -7.745608807 -0.049354903 0.997071326 0.058419392 0.261573255 0.998138964 0.047141187 0.038684309 0.777744770
0.036472440 0.059445705 -0.997564971 -7.789403439 -0.049877018 0.997093379 0.057594024 0.262958676 0.998089194 0.047654979 0.039331377 0.778319359
0.037833333 0.059319954 -0.997521877 -7.831644058 -0.050981827 0.997051060 0.057358354 0.264491916 0.997982740 0.048685424 0.040746033 0.779563427
0.039442837 0.059828434 -0.997429192 -7.872498035 -0.051611729 0.996995389 0.057761457 0.265944898 0.997888088 0.049200762 0.042412162 0.780553341
0.038910568 0.058340821 -0.997538149 -7.912876606 -0.049916569 0.997161269 0.056371700 0.267068267 0.997995138 0.047600221 0.041712284 0.781550884
0.035775781 0.055380177 -0.997824192 -7.953338146 -0.047608510 0.997424185 0.053651027 0.268205822 0.998225152 0.045585513 0.038320243 0.782644272
0.030934453 0.052008051 -0.998167455 -7.993063927 -0.047070324 0.997613192 0.050520405 0.269171476 0.998412490 0.045421243 0.033308625 0.783377647
0.025930703 0.049001694 -0.998462141 -8.032985687 -0.048815221 0.997668386 0.047694977 0.270531476 0.998471320 0.047503371 0.028262258 0.783888817
0.022193491 0.048019458 -0.998599827 -8.073150635 -0.051021494 0.997598648 0.046837382 0.271881938 0.998450935 0.049910568 0.024590194 0.784177780
0.019276738 0.049243413 -0.998600900 -8.112941742 -0.052968241 0.997434020 0.048163388 0.272622406 0.998410285 0.051965687 0.021835625 0.784274578
0.017534554 0.051212821 -0.998533845 -8.152515411 -0.051476363 0.997409165 0.050251201 0.273489356 0.998520315 0.050519757 0.020125389 0.784379005
0.016153574 0.052384060 -0.998496354 -8.192144394 -0.048504699 0.997491956 0.051546667 0.274849087 0.998692334 0.047599103 0.018653929 0.784687042
0.014867604 0.052467141 -0.998511970 -8.231554985 -0.047071807 0.997551858 0.051715802 0.276237935 0.998780906 0.046232868 0.017300963 0.784845352
0.013974369 0.050987776 -0.998601496 -8.270956039 -0.047949739 0.997584224 0.050264828 0.277827621 0.998751998 0.047180258 0.016385496 0.784883499
0.013413131 0.050438195 -0.998637080 -8.309796333 -0.049580060 0.997532010 0.049716447 0.278572738 0.998680055 0.048845630 0.015880764 0.784638405
0.013518870 0.049971264 -0.998659194 -8.349149704 -0.053362187 0.997363210 0.049184054 0.279811859 0.998483717 0.052625723 0.016149819 0.784523010
0.014673352 0.048178833 -0.998730958 -8.388289452 -0.056036342 0.997308314 0.047286917 0.281030178 0.998320937 0.055271368 0.017333567 0.784301758
0.015669048 0.045666002 -0.998833835 -8.427615166 -0.056187473 0.997418225 0.044719845 0.282143235 0.998297274 0.055421233 0.018194437 0.784345627
0.016157866 0.043430667 -0.998925805 -8.467098236 -0.055661526 0.997546017 0.042470340 0.283019185 0.998318970 0.054915499 0.018535674 0.784501076
0.016844988 0.043009609 -0.998932660 -8.507095337 -0.056158371 0.997537971 0.042002562 0.284112781 0.998279750 0.055390898 0.019218862 0.784786224
0.017901540 0.046236631 -0.998770177 -8.547421455 -0.052945811 0.997572422 0.045232203 0.284834594 0.998436987 0.052070964 0.020306110 0.784694672
0.018291831 0.047649432 -0.998696685 -8.587912560 -0.052296363 0.997542024 0.046636496 0.285793126 0.998464108 0.051375132 0.020738780 0.784790039
0.019365311 0.043630771 -0.998860121 -8.628456116 -0.047544431 0.997957349 0.042669576 0.287023634 0.998681486 0.046663914 0.021400154 0.785251617
0.019181430 0.040552419 -0.998993278 -8.669123650 -0.046066344 0.998151839 0.039633755 0.288087815 0.998754203 0.045259740 0.021014094 0.785818100
0.020141304 0.041171689 -0.998949051 -8.710583687 -0.050247371 0.997930765 0.040116608 0.289221466 0.998533726 0.049386561 0.022168398 0.785685539
0.021724522 0.045308087 -0.998736799 -8.752154350 -0.051764347 0.997683644 0.044134334 0.290119052 0.998422980 0.050740160 0.024019539 0.785934448
0.023381650 0.044772636 -0.998723567 -8.794045448 -0.049539559 0.997821271 0.043572392 0.291327804 0.998498440 0.048457529 0.025548697 0.786632538
0.025703728 0.045692340 -0.998624861 -8.836465836 -0.048154462 0.997851789 0.044417515 0.292834342 0.998509169 0.046946540 0.027848840 0.787182808
0.027687907 0.049888913 -0.998370886 -8.879205704 -0.049177527 0.997612417 0.048487168 0.294606924 0.998406231 0.047754902 0.030075252 0.787563324
0.029176712 0.054541118 -0.998085141 -8.921922684 -0.046265360 0.997513831 0.053157434 0.295485973 0.998502970 0.044625811 0.031627536 0.788541794
0.030285716 0.054908644 -0.998032033 -8.965302467 -0.045638245 0.997524619 0.053495817 0.297325343 0.998498917 0.043928266 0.032716632 0.789677620
0.032555699 0.055761140 -0.997913241 -9.008893967 -0.049192596 0.997321784 0.054123249 0.298985392 0.998258591 0.047327925 0.035211504 0.790370941
0.035787225 0.058001969 -0.997674823 -9.052703857 -0.051963586 0.997071862 0.056102946 0.300387979 0.998007536 0.049834989 0.038696408 0.790937424
0.039249003 0.058569953 -0.997511446 -9.096980095 -0.052770287 0.997009099 0.056464106 0.302082390 0.997835100 0.050422803 0.042222381 0.792078018
0.042417645 0.056140766 -0.997521400 -9.141161919 -0.055679474 0.997001231 0.053743828 0.303716958 0.997547209 0.053261783 0.045416355 0.793099403
0.045036316 0.052949972 -0.997581124 -9.185235977 -0.055587750 0.997179985 0.050419144 0.305414021 0.997437596 0.053182594 0.047852635 0.794710159
0.046495616 0.051667817 -0.997581482 -9.229996681 -0.054952856 0.997281432 0.049091015 0.307152867 0.997405946 0.052537423 0.049208462 0.796410561
0.048390150 0.054592025 -0.997335553 -9.275487900 -0.055608656 0.997103810 0.051881243 0.308409929 0.997279346 0.052949946 0.051285744 0.797977448
0.049210072 0.057815563 -0.997113705 -9.321057320 -0.057161052 0.996850014 0.054979227 0.310102165 0.997151434 0.054290533 0.052359879 0.799955368
0.050795197 0.057782229 -0.997036219 -9.366795540 -0.057431608 0.996841848 0.054845043 0.311709106 0.997056484 0.054475516 0.053953290 0.801702499
0.051682711 0.054533657 -0.997173548 -9.412660599 -0.055774420 0.997107089 0.051639277 0.313650519 0.997104883 0.052947912 0.054574788 0.803669930
