0.999998450 0.000872035 0.001517494 -0.000144324 -0.000865102 0.999989212 -0.004563451 -0.001145606 -0.001521457 0.004562131 0.999988437 0.055169195
0.999996603 -0.001429304 0.002167927 0.000168787 0.001441051 0.999984264 -0.005426352 -0.002000215 -0.002160137 0.005429458 0.999982953 0.110232033
0.999992907 -0.003004396 0.002270101 0.000309679 0.003007440 0.999994576 -0.001338849 -0.003062315 -0.002266066 0.001345667 0.999996543 0.165339515
0.999985516 -0.005242648 0.001195609 0.000803444 0.005237188 0.999976039 0.004525406 -0.004015880 -0.001219306 -0.004519079 0.999989033 0.222045153
0.999960840 -0.008845267 0.000309319 0.000918483 0.008843760 0.999950409 0.004572894 -0.004709530 -0.000349753 -0.004569980 0.999989510 0.274245828
0.999930739 -0.011737727 -0.000885767 0.001110913 0.011739309 0.999929488 0.001802803 -0.005534512 0.000864544 -0.001813076 0.999997973 0.329789937
0.999925554 -0.012106725 -0.001539632 0.001145900 0.012104267 0.999925494 -0.001595328 -0.006318316 0.001558831 0.001576573 0.999997556 0.381470919
0.999934316 -0.011272094 -0.002074021 0.000622471 0.011267363 0.999933898 -0.002278977 -0.007216447 0.002099573 0.002255458 0.999995232 0.435540468
0.999934673 -0.011007819 -0.003076084 0.000534363 0.011006167 0.999939263 -0.000553664 -0.008039855 0.003081992 0.000519772 0.999995112 0.488017976
0.999936223 -0.010728290 -0.003527740 -0.000007506 0.010736034 0.999939978 0.002183564 -0.008753208 0.003504102 -0.002221299 0.999991417 0.541548669
0.999929309 -0.011086921 -0.004290457 -0.000425653 0.011102978 0.999931395 0.003737102 -0.009669350 0.004248730 -0.003784475 0.999983788 0.595452547
0.999905944 -0.012575262 -0.005477775 0.000118851 0.012602941 0.999907851 0.005048219 -0.010847562 0.005413788 -0.005116780 0.999972284 0.646548510
0.999895275 -0.012986873 -0.006388012 -0.000062542 0.013019300 0.999902427 0.005061123 -0.011464523 0.006321661 -0.005143760 0.999966800 0.699074566
0.999888659 -0.012988546 -0.007349313 -0.000281659 0.013015748 0.999908566 0.003665688 -0.012265090 0.007301029 -0.003760937 0.999966264 0.751561880
0.999873519 -0.013451447 -0.008485061 -0.001025467 0.013466904 0.999907732 0.001767203 -0.013078409 0.008460507 -0.001881247 0.999962449 0.803861141
0.999837339 -0.014804029 -0.010302382 -0.001256201 0.014807151 0.999890327 0.000226799 -0.013694853 0.010297894 -0.000379311 0.999946892 0.855488718
0.999827921 -0.014284777 -0.011833000 -0.001818454 0.014283250 0.999897957 -0.000213510 -0.014699084 0.011834842 0.000044460 0.999929965 0.907449961
0.999830127 -0.012869343 -0.013193430 -0.002917386 0.012858124 0.999916911 -0.000934827 -0.015815014 0.013204365 0.000765026 0.999912500 0.959299207
0.999821603 -0.011554147 -0.014942697 -0.003649795 0.011543119 0.999933064 -0.000824035 -0.016622270 0.014951218 0.000651403 0.999888003 1.010577321
0.999785006 -0.012336748 -0.016664410 -0.004517201 0.012341497 0.999923825 0.000182222 -0.017556112 0.016660893 -0.000387846 0.999861121 1.062262654
0.999771416 -0.011692375 -0.017900402 -0.005360307 0.011716775 0.999930561 0.001258781 -0.018356895 0.017884441 -0.001468229 0.999839008 1.112939835
0.999736965 -0.011847731 -0.019637067 -0.006133622 0.011880402 0.999928236 0.001547914 -0.018750209 0.019617319 -0.001780803 0.999805987 1.164329052
0.999705315 -0.012694850 -0.020691745 -0.007693025 0.012730481 0.999917686 0.001591183 -0.019860003 0.020669844 -0.001854130 0.999784648 1.214367747
0.999671996 -0.012380690 -0.022418588 -0.008613209 0.012404733 0.999922633 0.000933687 -0.020627961 0.022405295 -0.001211477 0.999748230 1.265274286
0.999651670 -0.012464569 -0.023262085 -0.010080408 0.012503276 0.999920666 0.001519211 -0.021445792 0.023241304 -0.001809534 0.999728262 1.314262509
0.999627650 -0.012240821 -0.024387447 -0.011423402 0.012326135 0.999918401 0.003351023 -0.022152631 0.024344437 -0.003650378 0.999696970 1.364212155
0.999587178 -0.013220354 -0.025508335 -0.012159122 0.013382978 0.999891102 0.006215143 -0.022873258 0.025423391 -0.006553955 0.999655306 1.412510037
0.999555886 -0.012808237 -0.026907487 -0.013177542 0.013014543 0.999887109 0.007506113 -0.023359951 0.026808308 -0.007852969 0.999609768 1.462438703
0.999567330 -0.012566325 -0.026593732 -0.015013416 0.012748287 0.999896407 0.006683819 -0.024273682 0.026506986 -0.007019952 0.999623954 1.508192420
0.999560297 -0.011332661 -0.027399926 -0.016921163 0.011437493 0.999927819 0.003672325 -0.024598895 0.027356332 -0.003984097 0.999617815 1.555577755
0.999546409 -0.010576503 -0.028198490 -0.017894939 0.010650546 0.999940217 0.002476874 -0.025438366 0.028170606 -0.002776080 0.999599278 1.600649953
0.999545753 -0.009084127 -0.028735433 -0.019754462 0.009137277 0.999956787 0.001718859 -0.025602710 0.028718576 -0.001980642 0.999585569 1.646290779
0.999490261 -0.009684891 -0.030421352 -0.020657353 0.009736097 0.999951422 0.001535568 -0.026848946 0.030405002 -0.001830971 0.999535978 1.691466928
0.999432504 -0.009206271 -0.032402761 -0.022108730 0.009220615 0.999957442 0.000293289 -0.027485538 0.032398682 -0.000591896 0.999474823 1.736725092
0.999369085 -0.009440949 -0.034239244 -0.023921125 0.009481988 0.999954522 0.001036397 -0.028637666 0.034227900 -0.001360399 0.999413133 1.780195117
0.999289334 -0.009432342 -0.036494676 -0.025408762 0.009508891 0.999952912 0.001924516 -0.028855743 0.036474805 -0.002270172 0.999332011 1.824966550
0.999200761 -0.010028624 -0.038695000 -0.026861383 0.010196453 0.999939442 0.004142312 -0.029754069 0.038651116 -0.004533553 0.999242485 1.868005633
0.999138534 -0.008747661 -0.040567324 -0.028883746 0.008975598 0.999944925 0.005439984 -0.030205872 0.040517502 -0.005799414 0.999162018 1.910562754
0.999060154 -0.007580239 -0.042676587 -0.030594695 0.007832880 0.999952734 0.005755797 -0.030874019 0.042630941 -0.006084668 0.999072373 1.952635646
0.999010026 -0.005137248 -0.044187944 -0.032916695 0.005369764 0.999972343 0.005144871 -0.031812277 0.044160295 -0.005377057 0.999009967 1.993864894
0.998930871 -0.003808887 -0.046071537 -0.034908969 0.004019530 0.999981880 0.004480313 -0.032459438 0.046053641 -0.004660709 0.998928070 2.034600258
0.998867691 -0.002743896 -0.047494724 -0.037333060 0.003007459 0.999980450 0.005478742 -0.032579649 0.047478762 -0.005615377 0.998856485 2.074908733
0.998827994 -0.001652302 -0.048372488 -0.039603159 0.002000780 0.999972403 0.007156518 -0.032837864 0.048359331 -0.007244913 0.998803735 2.115195751
0.998818874 0.001362821 -0.048570029 -0.041665837 -0.000990617 0.999969959 0.007686478 -0.033278231 0.048579045 -0.007629284 0.998790205 2.154219866
0.998875678 0.004371413 -0.047205195 -0.044040088 -0.004104573 0.999975026 0.005748222 -0.033857934 0.047229145 -0.005548002 0.998868644 2.192369461
0.998938262 0.005492755 -0.045739722 -0.045507722 -0.005397736 0.999983013 0.002200633 -0.034297749 0.045751031 -0.001951405 0.998950958 2.229539871
0.999047875 0.006564447 -0.043130390 -0.047885589 -0.006540133 0.999978364 0.000704822 -0.034862064 0.043134086 -0.000422072 0.999069214 2.266439438
0.999164283 0.007700543 -0.040142134 -0.049191248 -0.007644638 0.999969602 0.001545995 -0.035387214 0.040152814 -0.001237831 0.999192774 2.303126812
0.999254942 0.011808596 -0.036743257 -0.051062286 -0.011660566 0.999923050 0.004240480 -0.035781171 0.036790505 -0.003808874 0.999315739 2.339992762
0.999340773 0.015796876 -0.032688275 -0.052811317 -0.015543888 0.999847353 0.007979085 -0.036440063 0.032809332 -0.007465721 0.999433756 2.375322342
0.999363542 0.021629445 -0.028365994 -0.054104615 -0.021381935 0.999730885 0.009000131 -0.037275661 0.028553028 -0.008387883 0.999557078 2.410254240
0.999426186 0.024892075 -0.022970241 -0.055084564 -0.024689484 0.999654114 0.009061608 -0.037245009 0.023187857 -0.008489286 0.999695063 2.444432735
0.999435425 0.028987145 -0.016987791 -0.055880833 -0.028795859 0.999520302 0.011398659 -0.037948027 0.017310059 -0.010903046 0.999790728 2.476547003
0.999384344 0.033467401 -0.010529111 -0.056318641 -0.033332199 0.999362826 0.012764759 -0.038434833 0.010949605 -0.012405942 0.999863088 2.508155107
0.999318659 0.036785711 -0.003006888 -0.056999099 -0.036746424 0.999249935 0.012215680 -0.038638439 0.003453995 -0.012096864 0.999920845 2.539454699
0.999156713 0.040797818 0.004624176 -0.057382490 -0.040853638 0.999084413 0.012699163 -0.039243799 -0.004101844 -0.012877368 0.999908686 2.568891525
0.998944700 0.044341531 0.011969978 -0.056957662 -0.044482760 0.998940408 0.011801953 -0.039188202 -0.011433978 -0.012321957 0.999858677 2.597372055
0.998623550 0.048617914 0.019679556 -0.056792948 -0.048804004 0.998767018 0.009088431 -0.039475854 -0.019213431 -0.010036362 0.999765038 2.624581337
0.998341858 0.050290193 0.028006956 -0.056442481 -0.050481092 0.998706102 0.006150808 -0.039972536 -0.027661392 -0.007554431 0.999588788 2.650016546
0.998057902 0.050885972 0.035931367 -0.055457011 -0.051127523 0.998675108 0.005835395 -0.040219955 -0.035586819 -0.007661143 0.999337196 2.674865961
0.997806489 0.049677372 0.043753486 -0.054161593 -0.050037216 0.998721659 0.007167279 -0.040636536 -0.043341503 -0.009340861 0.999016643 2.697803974
0.997311056 0.051633384 0.052006572 -0.052904647 -0.052116256 0.998609185 0.007971016 -0.040899083 -0.051522672 -0.010659970 0.998614907 2.720230579
0.996660292 0.054387461 0.060912393 -0.051884010 -0.054978922 0.998454869 0.008075228 -0.041124552 -0.060379080 -0.011397157 0.998110473 2.740314245
0.995807528 0.059246924 0.069693767 -0.050801490 -0.059922416 0.998173773 0.007640094 -0.041569080 -0.069113843 -0.011784282 0.997539163 2.758550644
0.994919181 0.062644035 0.078813754 -0.049620591 -0.063431531 0.997957826 0.007525917 -0.041730780 -0.078181349 -0.012486956 0.996860921 2.776152849
0.994184852 0.061872866 0.088137895 -0.047495365 -0.062850982 0.997987866 0.008363219 -0.042204730 -0.087443091 -0.013854138 0.996073186 2.792550802
0.993270695 0.060649212 0.098666027 -0.045532469 -0.061576378 0.998081982 0.006376281 -0.042352218 -0.098090068 -0.012408869 0.995100200 2.808150291
0.992120922 0.059150729 0.110441193 -0.043244354 -0.059749737 0.998211145 0.002119201 -0.042956434 -0.110118277 -0.008701336 0.993880391 2.823152065
0.990509272 0.059979580 0.123668164 -0.040787421 -0.060193896 0.998184681 -0.002006072 -0.043091595 -0.123563997 -0.005457036 0.992321610 2.838408470
0.988357067 0.061517417 0.139161333 -0.038205534 -0.061551683 0.998095632 -0.004061645 -0.043623470 -0.139146179 -0.004551258 0.990261376 2.853114843
0.985816002 0.062983669 0.155562907 -0.035607327 -0.062940620 0.998003662 -0.005207303 -0.044036109 -0.155580327 -0.004657781 0.987812281 2.868471384
0.983024776 0.063023329 0.172308743 -0.032189544 -0.062802434 0.998003244 -0.006738682 -0.044091363 -0.172389373 -0.004197116 0.985019922 2.882944822
0.979808629 0.061675634 0.190187111 -0.028456729 -0.061250780 0.998089433 -0.008117020 -0.044210691 -0.190324366 -0.003695981 0.981714308 2.897554398
0.975941002 0.060502943 0.209472120 -0.024466705 -0.060110081 0.998157680 -0.008247323 -0.044801116 -0.209585205 -0.004542485 0.977779865 2.910919905
0.971319199 0.060669258 0.229909196 -0.020274308 -0.060078148 0.998147726 -0.009576936 -0.044987880 -0.230064362 -0.004510255 0.973164976 2.925568104
0.966068983 0.062308110 0.250656068 -0.015693495 -0.061386932 0.998047769 -0.011499679 -0.045628302 -0.250883251 -0.004277522 0.968007922 2.939169168
0.959825933 0.063426435 0.273333639 -0.010694224 -0.062095705 0.997978568 -0.013526161 -0.046232641 -0.273639023 -0.003990085 0.961824179 2.952963591
0.952526689 0.064065710 0.297638237 -0.005387474 -0.062535107 0.997934937 -0.014672342 -0.046595238 -0.297963560 -0.004637040 0.954566002 2.966881275
0.943918884 0.066611998 0.323388338 0.000360988 -0.065030560 0.997759640 -0.015706150 -0.047032129 -0.323710054 -0.006204793 0.946135998 2.981326103
0.934068084 0.068140157 0.350533456 0.006864067 -0.066630013 0.997643232 -0.016382458 -0.047902808 -0.350823641 -0.008053716 0.936406910 2.994787455
0.922744453 0.068769008 0.379227459 0.013709374 -0.067027785 0.997592151 -0.017809628 -0.048481714 -0.379539073 -0.008985044 0.925132096 3.008583307
0.910220563 0.066119120 0.408811480 0.021770775 -0.063659757 0.997778416 -0.019636963 -0.049281653 -0.409201652 -0.008150872 0.912407577 3.021822453
0.895222187 0.062918715 0.441155881 0.030413292 -0.059226323 0.997998774 -0.022151085 -0.049931623 -0.441666752 -0.006297896 0.897157073 3.035132170
0.877933383 0.061830729 0.474773526 0.039772868 -0.056009278 0.998080850 -0.026411856 -0.050485115 -0.475495428 -0.003403872 0.879711628 3.048185825
0.858516276 0.063179426 0.508879304 0.049968198 -0.054826967 0.998001754 -0.031408884 -0.051117215 -0.509846866 -0.000935271 0.860264659 3.061399698
0.836639047 0.064538784 0.543939233 0.060325667 -0.053917933 0.997915149 -0.035471573 -0.052044328 -0.545094490 0.000348826 0.838374555 3.074219227
0.812044501 0.066445582 0.579800606 0.072244018 -0.054098841 0.997790039 -0.038578913 -0.053072505 -0.581082702 -0.000038747 0.813844562 3.087798834
0.784720540 0.070673071 0.615807593 0.085096896 -0.057171561 0.997496307 -0.041624092 -0.053777866 -0.617207468 -0.002543400 0.786796331 3.101171494
0.754626036 0.074166924 0.651950002 0.098631054 -0.059956845 0.997228682 -0.044046912 -0.054732516 -0.653410077 -0.005849916 0.756981552 3.115118980
0.721583426 0.075232379 0.688227713 0.114182442 -0.059411261 0.997140169 -0.046709888 -0.055660464 -0.689773619 -0.007183399 0.723989487 3.128639460
0.685076714 0.072079316 0.724896252 0.131886840 -0.054974541 0.997370660 -0.047217820 -0.056766074 -0.726393700 -0.007503007 0.687237918 3.142292500
0.645677686 0.070620462 0.760337532 0.149446189 -0.052038651 0.997468889 -0.048454169 -0.058163457 -0.761834919 -0.008281162 0.647718310 3.155044079
0.602965832 0.070082664 0.794682801 0.169053197 -0.049656052 0.997499347 -0.050292406 -0.059139319 -0.796220243 -0.009136202 0.604938030 3.168240070
0.557175636 0.069290116 0.827498734 0.191285431 -0.045690395 0.997561097 -0.052765701 -0.060905211 -0.829136729 -0.008408978 0.558982670 3.180349350
0.508876741 0.067719124 0.858171642 0.214349151 -0.042135213 0.997665524 -0.053741470 -0.062678948 -0.859807611 -0.008811458 0.510542154 3.191859007
0.460326552 0.065681167 0.885316670 0.238956928 -0.040173672 0.997778833 -0.053136099 -0.064064652 -0.886840284 -0.011106457 0.461942732 3.202577114
0.410663784 0.063062549 0.909603417 0.264365554 -0.039618157 0.997897267 -0.051297307 -0.065959081 -0.910925746 -0.014970861 0.412298739 3.212383032
0.360148907 0.062569007 0.930794179 0.290987492 -0.042290874 0.997817576 -0.050710931 -0.067297533 -0.931935728 -0.021100616 0.362008989 3.221377850
0.310047865 0.062718265 0.948649883 0.318398356 -0.040172838 0.997794747 -0.052837666 -0.068924904 -0.949871778 -0.021727758 0.311883688 3.229444027
0.263464749 0.058784913 0.962876320 0.346728921 -0.028863780 0.998175025 -0.053042166 -0.071229391 -0.964237213 -0.013817503 0.264680684 3.234122276
0.219678879 0.052881349 0.974138081 0.377278328 -0.016056361 0.998590529 -0.050587874 -0.073471799 -0.975440204 -0.004528015 0.220218360 3.237968445
0.177588046 0.051656492 0.982748270 0.407291889 -0.005818558 0.998659074 -0.051441371 -0.074831866 -0.984087765 0.003417199 0.177650452 3.240949631
0.138959825 0.053349890 0.988859951 0.438861609 -0.002549929 0.998563766 -0.053515095 -0.076309465 -0.990294755 0.004914927 0.138896286 3.244151115
0.106332123 0.054032981 0.992861629 0.471214771 0.006507285 0.998463213 -0.055034745 -0.078439802 -0.994309485 0.012312805 0.105817080 3.245741844
0.077339649 0.052550539 0.995618939 0.504390717 0.013860567 0.998456776 -0.053777017 -0.080539301 -0.996908486 0.017958939 0.076491892 3.246836424
0.052496791 0.050914351 0.997322381 0.538575649 0.020975159 0.998422921 -0.052074626 -0.082621709 -0.998400867 0.023652751 0.051346064 3.247102022
0.032436490 0.049681179 0.998238266 0.573353767 0.025313748 0.998402596 -0.050511897 -0.084760875 -0.999153197 0.026907582 0.031127095 3.247289658
0.016581535 0.051567674 0.998531878 0.608669043 0.027972618 0.998254299 -0.052017853 -0.086665452 -0.999471188 0.028794087 0.015110135 3.247059345
0.003107607 0.051435322 0.998671591 0.644469500 0.028669337 0.998261213 -0.051503401 -0.088760927 -0.999584198 0.028791307 0.001627624 3.246694565
-0.008515954 0.052286342 0.998595953 0.681127548 0.029380230 0.998214006 -0.052015804 -0.090960920 -0.999532163 0.028896019 -0.010036945 3.245853424
-0.017592192 0.055366084 0.998311222 0.718462944 0.034534171 0.997903526 -0.054734919 -0.093136638 -0.999248803 0.033512946 -0.019467354 3.244703054
-0.023906946 0.057268605 0.998072624 0.756408215 0.038808361 0.997658491 -0.056315273 -0.095320724 -0.998960733 0.037387241 -0.026073456 3.242926121
-0.028732657 0.056612149 0.997982860 0.794940948 0.039224796 0.997689784 -0.055466227 -0.097643062 -0.998817384 0.037551984 -0.030886889 3.241708755
-0.032380104 0.053999785 0.998015821 0.834670305 0.036877032 0.997924030 -0.052798364 -0.099808037 -0.998795092 0.035094246 -0.034304261 3.240722656
-0.035169721 0.047231216 0.998264730 0.875412941 0.035192687 0.998321593 -0.045994051 -0.102042422 -0.998761654 0.033514027 -0.036772847 3.239672184
-0.036279082 0.041584600 0.998476148 0.916202068 0.036145207 0.998534679 -0.040273722 -0.104308233 -0.998687804 0.034629028 -0.037729025 3.237823963
-0.036649227 0.038936935 0.998569489 0.957559109 0.038695194 0.998546541 -0.037515875 -0.106641762 -0.998578906 0.037264917 -0.038102627 3.235749483
-0.036192417 0.041110501 0.998499036 0.998889685 0.041602157 0.998349309 -0.039596405 -0.109080210 -0.998478651 0.040106628 -0.037842870 3.233722687
-0.035703421 0.048597768 0.998180151 1.041850090 0.042724773 0.997977972 -0.047059719 -0.111118808 -0.998448730 0.040966824 -0.037707567 3.232283354
-0.033328891 0.056533210 0.997844398 1.084320545 0.043153889 0.997549236 -0.055075124 -0.113510743 -0.998512506 0.041225277 -0.035686851 3.230918884
-0.031474113 0.057426333 0.997853458 1.128082991 0.044098057 0.997455716 -0.056012511 -0.115735061 -0.998531282 0.042240456 -0.033926368 3.229469299
-0.029453635 0.053168066 0.998151183 1.172147751 0.043483131 0.997707188 -0.051861316 -0.118248492 -0.998619974 0.041875236 -0.031697989 3.228409767
-0.026143551 0.046596427 0.998571634 1.217360973 0.043257516 0.998030126 -0.045438640 -0.121056847 -0.998721838 0.042007800 -0.028107762 3.226196289
-0.023886800 0.045147356 0.998694718 1.261945009 0.041251171 0.998173475 -0.044137146 -0.123819619 -0.998863220 0.040143028 -0.025705457 3.225972891
-0.020167947 0.050373740 0.998526812 1.305490255 0.048727334 0.997592568 -0.049342435 -0.126831934 -0.998608470 0.047660410 -0.022573948 3.223932266
-0.016182542 0.056108508 0.998293579 1.349834919 0.050374273 0.997202098 -0.055230584 -0.129272282 -0.998599350 0.049394540 -0.018963695 3.222679615
-0.014393091 0.056403387 0.998304367 1.394034505 0.044770170 0.997442782 -0.055709235 -0.132264704 -0.998893678 0.043892432 -0.016881466 3.222829342
-0.011281133 0.053230636 0.998518646 1.438259840 0.040297605 0.997795045 -0.052736796 -0.134823546 -0.999124169 0.039642986 -0.013401270 3.223004103
-0.006649971 0.049135193 0.998770058 1.483319640 0.044059783 0.997836530 -0.048795916 -0.138353497 -0.999006808 0.043681104 -0.008800387 3.222306728
-0.003178000 0.050268728 0.998730779 1.527546644 0.048524868 0.997566938 -0.050055746 -0.141564667 -0.998817027 0.048304196 -0.005609632 3.221695185
-0.000147581 0.055081557 0.998481870 1.572319269 0.048407447 0.997311711 -0.055009857 -0.143874153 -0.998827696 0.048325840 -0.002813458 3.221525431
0.003183901 0.055524576 0.998452365 1.616881847 0.044502791 0.997460186 -0.055611327 -0.146889567 -0.999004304 0.044610985 0.000704825 3.222486973
0.007127762 0.055361610 0.998441100 1.661702633 0.043971766 0.997483134 -0.055622417 -0.149560601 -0.999007523 0.044299684 0.004675508 3.222306252
0.010560334 0.051539961 0.998615265 1.706280828 0.047967058 0.997494996 -0.051989410 -0.153403312 -0.998793244 0.048449658 0.008061647 3.222771168
0.014500380 0.052552074 0.998513103 1.751007080 0.052412421 0.997205079 -0.053244382 -0.155966103 -0.998520434 0.053106550 0.011705458 3.222362041
0.018033922 0.053463399 0.998407006 1.795610785 0.055407889 0.996981382 -0.054387882 -0.158914685 -0.998300970 0.056300450 0.015017211 3.223097801
0.020521224 0.053344086 0.998365343 1.841017365 0.055770911 0.996959686 -0.054415341 -0.162028223 -0.998232663 0.056796409 0.017483771 3.223970890
0.023931324 0.051830407 0.998369157 1.885920525 0.057348359 0.996939480 -0.053130850 -0.165125728 -0.998067379 0.058526326 0.020885706 3.225078821
0.028183818 0.050873071 0.998307526 1.931302667 0.058878779 0.996885598 -0.052462872 -0.167991683 -0.997867346 0.060257733 0.025100708 3.225357056
0.031572640 0.051634114 0.998166978 1.975917339 0.057581816 0.996912122 -0.053390563 -0.170275658 -0.997841537 0.059161950 0.028501928 3.225664377
0.033908665 0.053220134 0.998006940 2.022072315 0.054561559 0.996993423 -0.055019893 -0.173545152 -0.997934461 0.056318462 0.030902922 3.228767872
0.036207855 0.053255823 0.997924268 2.067077160 0.055866484 0.996909618 -0.055228688 -0.176720336 -0.997781515 0.057750233 0.033120751 3.230811834
0.039417505 0.052751102 0.997829556 2.113126516 0.053917557 0.997038364 -0.054839209 -0.179756328 -0.997767210 0.055962157 0.036456585 3.232031822
0.041246772 0.053687837 0.997705579 2.158744097 0.052552272 0.997056544 -0.055825509 -0.182188928 -0.997766018 0.054734316 0.038303912 3.234695435
0.044177890 0.053243902 0.997603834 2.204783201 0.049277145 0.997247100 -0.055407051 -0.185874403 -0.997807622 0.051606834 0.041432559 3.236631393
0.047947168 0.055455841 0.997309387 2.250673771 0.047934383 0.997179449 -0.057753153 -0.188669294 -0.997699201 0.050574515 0.045153677 3.238334656
0.051099122 0.058638211 0.996970594 2.296998501 0.046463672 0.997054219 -0.061024595 -0.192362502 -0.997612119 0.049441218 0.048224032 3.241061211
0.054524541 0.061121345 0.996640027 2.343491554 0.046570331 0.996882915 -0.063684031 -0.195513353 -0.997425854 0.049886197 0.051508188 3.243355274
0.057385862 0.063154995 0.996352553 2.389956951 0.040473916 0.997029483 -0.065529041 -0.198902667 -0.997531354 0.044086725 0.054659247 3.246657133
0.060319722 0.061888099 0.996258855 2.436716557 0.037045911 0.997249663 -0.064192653 -0.202597648 -0.997491539 0.040779401 0.057861090 3.249668360
0.063635528 0.062891610 0.995989561 2.484234333 0.039271683 0.997081459 -0.065469697 -0.205954388 -0.997200191 0.043280385 0.060979962 3.252810955
0.068106949 0.063942589 0.995626926 2.531480312 0.038009994 0.997053206 -0.066634312 -0.209943786 -0.996953785 0.042382039 0.065475821 3.255378962
0.070976377 0.064951494 0.995361149 2.578842163 0.034505624 0.997120619 -0.067526810 -0.213256851 -0.996881068 0.039138369 0.068530798 3.260047913
0.075043976 0.063385807 0.995163620 2.626870632 0.033696335 0.997246563 -0.066059470 -0.216512516 -0.996610761 0.038490728 0.072701454 3.263653040
0.080052614 0.062963851 0.994800091 2.674898148 0.033708479 0.997261167 -0.065832175 -0.220703825 -0.996220529 0.038803235 0.077710986 3.267374992
0.084646344 0.066290706 0.994203568 2.722879410 0.030319275 0.997151077 -0.069068626 -0.224847183 -0.995949745 0.035989936 0.082395256 3.272264719
0.090547085 0.075414546 0.993032634 2.770476341 0.027954770 0.996543288 -0.078230135 -0.228237316 -0.995499730 0.034843504 0.088125885 3.277140856
0.098044872 0.079986908 0.991962492 2.818440914 0.026264118 0.996209621 -0.082925312 -0.232588470 -0.994835496 0.034183424 0.095572472 3.281861544
0.105305731 0.082925722 0.990976334 2.867030382 0.021905985 0.996081769 -0.085680790 -0.237060040 -0.994198620 0.030730994 0.103076577 3.287316084
0.112664700 0.081169471 0.990312219 2.915983677 0.018714445 0.996307671 -0.083789967 -0.241590485 -0.993456841 0.027973315 0.110729635 3.293054581
0.120168507 0.079408437 0.989572525 2.964369535 0.018502573 0.996443510 -0.082206652 -0.246183723 -0.992581069 0.028188290 0.118271887 3.298987627
0.127083719 0.075876243 0.988985658 3.013213158 0.018187072 0.996724010 -0.078806967 -0.250493616 -0.991725266 0.028001837 0.125287414 3.305870056
0.134775937 0.070760861 0.988346338 3.062492371 0.015430728 0.997176051 -0.073497243 -0.254883379 -0.990755975 0.025156571 0.133303463 3.312488317
0.142102718 0.062946364 0.987848520 3.111432552 0.012837273 0.997774899 -0.065425538 -0.259314299 -0.989768744 0.021978432 0.140978456 3.319636583
0.149576724 0.060354151 0.986906350 3.160121679 0.013098611 0.997926712 -0.063013338 -0.263399512 -0.988663375 0.022352433 0.148476064 3.327334881
0.157146752 0.061944891 0.985630691 3.207697868 0.013125991 0.997811735 -0.064803228 -0.267570466 -0.987488091 0.023120999 0.155989766 3.334701300
0.162385881 0.069144756 0.984301686 3.255087137 0.013347474 0.997296512 -0.072259620 -0.271020025 -0.986637056 0.024871884 0.161023974 3.343234062
0.167915463 0.072628193 0.983122349 3.301768780 0.012137572 0.997054458 -0.075730495 -0.275033712 -0.985726714 0.024649043 0.166539311 3.351122856
0.172234476 0.075642243 0.982147396 3.348443270 0.009841888 0.996865392 -0.078501709 -0.279629767 -0.985006809 0.023186889 0.170950115 3.359814882
0.177874207 0.074900985 0.981198549 3.394739628 0.007531312 0.996966243 -0.077469930 -0.284113675 -0.984024405 0.021169610 0.176770449 3.368347406
0.182917833 0.071903013 0.980495334 3.440749884 0.011622570 0.997094035 -0.075288527 -0.288318127 -0.983059525 0.025167493 0.181550622 3.376877308
0.187486410 0.065115146 0.980106652 3.486304283 0.012081730 0.997572005 -0.068586633 -0.292352229 -0.982192993 0.024700454 0.186244547 3.385585785
0.190890551 0.059180632 0.979825854 3.531542778 0.010637463 0.997997642 -0.062350601 -0.295953989 -0.981553793 0.022325011 0.189878762 3.394430161
0.194105208 0.056323923 0.979362547 3.575915337 0.007267090 0.998240411 -0.058849916 -0.299298137 -0.980953872 0.018540196 0.193354368 3.403615236
0.196931064 0.055889841 0.978823066 3.619456768 0.004953259 0.998304367 -0.057998762 -0.303175002 -0.980404854 0.016270123 0.196320355 3.412962675
0.199134886 0.057660941 0.978274286 3.662791491 0.003336422 0.998221815 -0.059515830 -0.306638837 -0.979966462 0.015115617 0.198588371 3.422086477
0.200745106 0.062267028 0.977662742 3.705419540 -0.000888910 0.997989118 -0.063379094 -0.309939265 -0.979643226 0.011853993 0.200396776 3.431152582
0.202612817 0.066656969 0.976987839 3.747716904 -0.001577418 0.997701526 -0.067743093 -0.313222170 -0.979257822 0.012184514 0.202252269 3.440354347
0.204526782 0.071902134 0.976216614 3.788553238 -0.002550170 0.997334301 -0.072923243 -0.316882670 -0.978857636 0.012425235 0.204164922 3.449230671
0.206721187 0.074178018 0.975584030 3.829846859 -0.001476301 0.997144341 -0.075504534 -0.320121795 -0.978398919 0.014168137 0.206240356 3.457689285
0.207704425 0.073940724 0.975393057 3.870545864 -0.003987618 0.997194767 -0.074744284 -0.323936880 -0.978183508 0.011635222 0.207416654 3.466933966
0.207989335 0.070843428 0.975562334 3.910681725 -0.003902647 0.997425854 -0.071599089 -0.327753484 -0.978123426 0.011084580 0.207730472 3.475988865
0.208754539 0.068082169 0.975595534 3.950040340 -0.003954572 0.997624457 -0.068773292 -0.331466019 -0.977960169 0.010498685 0.208527863 3.484283686
0.208893061 0.067637227 0.975596786 3.988820076 -0.002826774 0.997642934 -0.068560414 -0.334188819 -0.977934480 0.011564012 0.208591878 3.492116928
0.207152009 0.066156641 0.976069331 4.026986122 -0.002983372 0.997748971 -0.066992894 -0.338049889 -0.978304207 0.010965734 0.206883073 3.500710726
0.205231965 0.067187034 0.976404488 4.064668655 -0.004553742 0.997695684 -0.067694932 -0.341413945 -0.978702784 0.009446868 0.205064952 3.508854389
0.203112543 0.069656081 0.976674676 4.101937294 -0.005566919 0.997532427 -0.069985941 -0.344955027 -0.979139626 0.008777962 0.202999115 3.516813993
0.201169133 0.073482208 0.976796567 4.137790203 -0.003575478 0.997230768 -0.074283071 -0.348282546 -0.979550064 0.011450955 0.200874805 3.523581982
0.199226618 0.074245386 0.977136850 4.173721790 -0.000779021 0.997137427 -0.075606257 -0.351199359 -0.979953170 0.014301573 0.198714137 3.530976057
0.197028100 0.073091313 0.977669477 4.209246635 -0.001745668 0.997241676 -0.074202739 -0.354266882 -0.980396271 0.012913339 0.196612239 3.538074017
0.194783211 0.070305653 0.978323400 4.244725227 -0.001839524 0.997452199 -0.071314067 -0.357283920 -0.980844617 0.012091134 0.194416285 3.544945955
0.192767501 0.066232800 0.979006588 4.279239178 -0.001677494 0.997740149 -0.067169882 -0.360737264 -0.981243074 0.011305893 0.192443013 3.551599264
0.190643132 0.065153979 0.979494929 4.312900543 0.001780106 0.997770429 -0.066716105 -0.363966823 -0.981657863 0.014462580 0.190102100 3.557849407
0.189135671 0.066763781 0.979678631 4.346186638 0.005566513 0.997596979 -0.069059558 -0.366641879 -0.981935203 0.018515019 0.188309550 3.563823223
0.186594129 0.068585671 0.980040133 4.379235744 0.009707427 0.997382760 -0.071647599 -0.369476825 -0.982389092 0.022882689 0.185439944 3.569667339
0.185158312 0.070593134 0.980169892 4.412087917 0.009030052 0.997252166 -0.073529236 -0.372145772 -0.982667267 0.022465536 0.184012055 3.575621605
0.183823586 0.073320903 0.980220854 4.444895744 0.008824978 0.997050822 -0.076234765 -0.374864221 -0.982919633 0.022664180 0.182634413 3.581861019
0.182537377 0.071681425 0.980582416 4.477586269 0.010609933 0.997137129 -0.074866645 -0.377850264 -0.983141661 0.024069868 0.181254268 3.587779045
0.183202147 0.070101865 0.980572641 4.510666847 0.016788675 0.997085750 -0.074419059 -0.380593270 -0.982931912 0.030096246 0.181491315 3.593251705
0.185717225 0.068584360 0.980206788 4.544072151 0.021448564 0.997040451 -0.073826000 -0.383254111 -0.982369125 0.034734786 0.183696568 3.598869324
0.187333703 0.067901149 0.979946733 4.577325821 0.024256475 0.996984065 -0.073718719 -0.386166930 -0.981996834 0.037580058 0.185121655 3.605239868
0.190785825 0.067592323 0.979301870 4.610575676 0.021517424 0.997098863 -0.073012680 -0.389202416 -0.981395841 0.035001840 0.188777924 3.612017155
0.195982397 0.068195313 0.978233278 4.643997192 0.020356391 0.997080982 -0.073587507 -0.392132550 -0.980396152 0.034335159 0.194022059 3.619049072
0.202535987 0.067136914 0.976970732 4.677662373 0.021632444 0.997096956 -0.073004603 -0.394789815 -0.979035854 0.035920326 0.200495660 3.626018524
0.210251451 0.067395613 0.975321591 4.711717606 0.019613074 0.997129500 -0.073130578 -0.397619605 -0.977450609 0.034504864 0.208326042 3.633636951
0.218468904 0.065319322 0.973655403 4.745981216 0.020023594 0.997247100 -0.071394913 -0.400479048 -0.975638509 0.035093654 0.216559529 3.642035484
0.227467239 0.065041967 0.971611202 4.780974865 0.016497387 0.997366250 -0.070628345 -0.403581083 -0.973646045 0.032094683 0.225795150 3.650478363
0.237126172 0.064705200 0.969321609 4.816086769 0.015392211 0.997403920 -0.070345201 -0.406539679 -0.971356928 0.031600691 0.235514641 3.659457684
0.246726274 0.068442784 0.966665268 4.851464748 0.009948202 0.997271419 -0.073148914 -0.409520656 -0.969034135 0.027664339 0.245372176 3.669287682
0.256204426 0.070765927 0.964028835 4.887471676 0.006319232 0.997172654 -0.074878328 -0.412443459 -0.966602027 0.025276087 0.255032897 3.679715633
0.266747296 0.073365688 0.960970044 4.923549175 0.002366827 0.997045517 -0.076776870 -0.415594250 -0.963763595 0.022754472 0.265785515 3.690319061
0.276951969 0.075026840 0.957950175 4.960443974 0.001140393 0.996920645 -0.078408711 -0.418924391 -0.960883081 0.022807891 0.276013613 3.701540947
0.287059367 0.075845078 0.954905450 4.997675896 -0.002124523 0.996908486 -0.078542575 -0.422211885 -0.957910419 0.020517668 0.286333084 3.712824345
0.297420681 0.076162152 0.951703906 5.035651207 -0.002829086 0.996879041 -0.078893259 -0.425573081 -0.954742372 0.020772036 0.296707928 3.725256920
0.307403266 0.077356622 0.948429942 5.073932648 -0.007043344 0.996847928 -0.079022855 -0.428591758 -0.951553345 0.017611772 0.306979179 3.738644123
0.318120122 0.072365761 0.945284486 5.113444805 -0.006675498 0.997228801 -0.074095801 -0.432123184 -0.948026896 0.017261120 0.317721605 3.752122402
0.329343915 0.065077424 0.941964805 5.153655529 -0.002844368 0.997685850 -0.067932539 -0.435505331 -0.944205821 0.019693881 0.328766882 3.765506744
0.339929223 0.060821015 0.938482165 5.194466591 -0.001204632 0.997933924 -0.064237617 -0.438975930 -0.940450191 0.020705720 0.339300156 3.780907154
0.350324333 0.057542328 0.934859276 5.235827446 -0.002132047 0.998157442 -0.060639501 -0.442318738 -0.936626136 0.019250333 0.349801540 3.796872616
0.359502256 0.055746146 0.931477547 5.277316570 0.003431668 0.998128235 -0.061059430 -0.444895327 -0.933137894 0.025147522 0.358638048 3.812852383
0.368013680 0.050231483 0.928462565 5.319619179 0.010568293 0.998249233 -0.058196008 -0.447733462 -0.929760337 0.031229191 0.366838515 3.829265594
0.375282288 0.040981587 0.926004112 5.363136768 0.019737516 0.998442292 -0.052186470 -0.450551659 -0.926700354 0.037861682 0.373888850 3.846003532
0.381905317 0.036791198 0.923468947 5.406047821 0.024409309 0.998457253 -0.049873348 -0.453716308 -0.923879147 0.041588135 0.380418062 3.863807201
0.389683902 0.036734175 0.920215786 5.450593948 0.026622033 0.998337328 -0.051126350 -0.456906527 -0.920563817 0.044421129 0.388058066 3.881725788
0.396780014 0.043006837 0.916905642 5.492033958 0.029221199 0.997803688 -0.059446428 -0.459775150 -0.917448461 0.050380237 0.394651890 3.900217772
0.404442191 0.047596894 0.913324177 5.537084103 0.032454610 0.997268915 -0.066343278 -0.462915242 -0.913987517 0.056473602 0.401792884 3.918977261
0.409868419 0.049619015 0.910794079 5.580369949 0.030609367 0.997208714 -0.068101376 -0.466563821 -0.911630929 0.055791430 0.407205582 3.938468695
0.413919151 0.051254805 0.908869565 5.622625828 0.023331333 0.997488320 -0.066877976 -0.470388353 -0.910014570 0.048887216 0.411683679 3.958755732
0.417968094 0.055109944 0.906788647 5.664533138 0.016885873 0.997514606 -0.068407044 -0.474182725 -0.908304811 0.043903884 0.415998697 3.978638411
0.422156572 0.057748955 0.904681683 5.706525803 0.016186958 0.997329533 -0.071216404 -0.478477895 -0.906378448 0.044708520 0.420094430 3.998325109
0.426973760 0.061512586 0.902169466 5.747735500 0.013239171 0.997151434 -0.074254505 -0.482523024 -0.904167175 0.043648705 0.424943089 4.017322063
0.429689288 0.065155767 0.900623024 5.787843227 0.009635466 0.997005701 -0.076725692 -0.486223280 -0.902925372 0.041646130 0.427774847 4.037449837
0.433981359 0.063949414 0.898649395 5.827910423 0.008477318 0.997143567 -0.075052351 -0.489688396 -0.900882006 0.040189460 0.432199597 4.056586266
0.437705874 0.060128696 0.897105515 5.867962360 0.009857476 0.997380435 -0.071659207 -0.494235396 -0.899064243 0.040208858 0.435966551 4.076515198
0.441035151 0.057102446 0.895671487 5.906091690 0.009651328 0.997614443 -0.068354093 -0.498536229 -0.897437990 0.038790982 0.439431965 4.095663548
0.444744647 0.056600358 0.893867195 5.944922447 0.008327405 0.997696817 -0.067318238 -0.501966178 -0.895618677 0.037383020 0.443248987 4.114991188
0.448045075 0.058619224 0.892087162 5.981905460 0.006013154 0.997627854 -0.068574399 -0.505325675 -0.893990815 0.036088683 0.446629763 4.133872032
0.450601935 0.059136879 0.890764177 6.019851208 0.006772352 0.997548342 -0.069652028 -0.509102106 -0.892699361 0.037417907 0.449096739 4.153539658
0.452742636 0.057311893 0.889797509 6.056295872 0.008843704 0.997594357 -0.068754919 -0.512527764 -0.891597450 0.038997393 0.451146662 4.172231197
0.454544425 0.056191199 0.888949871 6.093076229 0.010713652 0.997591078 -0.068536669 -0.516161382 -0.890659630 0.040676862 0.452847421 4.190632343
0.456277966 0.055959836 0.888075948 6.128426075 0.009483829 0.997658074 -0.067737497 -0.519847274 -0.889786720 0.039329492 0.454678714 4.209349632
0.458346844 0.055683609 0.887027383 6.163691998 0.010722715 0.997616351 -0.068166554 -0.522861600 -0.888708770 0.040755268 0.456657231 4.227206707
0.460894763 0.057455428 0.885592997 6.197602749 0.010757164 0.997467041 -0.070312008 -0.525750995 -0.887389600 0.041932903 0.459109247 4.245053291
0.463534296 0.057176195 0.884232461 6.231061459 0.013414079 0.997348785 -0.071522482 -0.529532075 -0.885977507 0.045014285 0.461538374 4.262908936
0.466766238 0.056731887 0.882559299 6.265095711 0.014734476 0.997302949 -0.071900487 -0.532870889 -0.884258032 0.046564773 0.464671433 4.280019760
0.470134139 0.054843981 0.880889416 6.297478199 0.017938374 0.997267544 -0.071663447 -0.535932124 -0.882412732 0.049493156 0.467865705 4.296915054
0.473442256 0.054056872 0.879164517 6.329773903 0.019471677 0.997228801 -0.071802020 -0.539065659 -0.880609632 0.051112924 0.471077681 4.314022541
0.476591706 0.053632528 0.877487302 6.361295223 0.020462073 0.997190177 -0.072062455 -0.542214751 -0.878886640 0.052299578 0.474155128 4.331450939
0.480077147 0.052855719 0.875632584 6.392225742 0.020451730 0.997237444 -0.071409084 -0.545691311 -0.876987934 0.052190073 0.477669895 4.348161221
0.483466685 0.052620385 0.873779774 6.423333645 0.022319095 0.997126102 -0.072397768 -0.548380017 -0.875078201 0.054503888 0.480902791 4.365783215
0.487265348 0.053969804 0.871584594 6.453588963 0.021707179 0.997031391 -0.073873200 -0.551597118 -0.872984111 0.054915495 0.484647334 4.383058548
0.491695285 0.054071121 0.869086921 6.484025478 0.023677804 0.996870875 -0.075417310 -0.554657340 -0.870445311 0.057660408 0.488876462 4.399948597
0.496444941 0.057420410 0.866167068 6.513762951 0.021365823 0.996699333 -0.078319587 -0.557936966 -0.867805302 0.057387736 0.493579507 4.417193413
0.501837850 0.063393511 0.862635493 6.543184757 0.017928543 0.996334016 -0.083648689 -0.561099231 -0.864775896 0.057443876 0.498861611 4.434995174
0.507811666 0.070649303 0.858566284 6.572057724 0.012363374 0.995931149 -0.089265220 -0.564247608 -0.861379445 0.055944696 0.504871964 4.452508926
0.513623357 0.076725937 0.854578435 6.601644039 0.007541314 0.995551646 -0.093915351 -0.567737937 -0.857982695 0.054681763 0.510759950 4.471364975
0.520339608 0.081199810 0.850090206 6.630847454 0.003518570 0.995256722 -0.097219691 -0.571359158 -0.853952229 0.053578358 0.517585754 4.489711761
0.525677264 0.081787728 0.846743286 6.661455154 -0.000190214 0.995378733 -0.096026480 -0.574294925 -0.850684047 0.050317869 0.523263574 4.509533882
0.531039298 0.081120759 0.843455195 6.690442085 -0.006320386 0.995758355 -0.091789462 -0.577368915 -0.847323596 0.043412846 0.529299498 4.528943062
0.536590099 0.078483991 0.840185344 6.721914291 -0.012986604 0.996315539 -0.084774554 -0.581675529 -0.843743145 0.034578037 0.535632253 4.550320148
0.542444468 0.077279150 0.836529791 6.752257824 -0.019784275 0.996658981 -0.079242967 -0.584845543 -0.839858770 0.026434785 0.542161107 4.571056843
0.548646927 0.075274639 0.832658589 6.783612728 -0.022342011 0.996902943 -0.075401418 -0.588328242 -0.835755587 0.022765493 0.548629522 4.592082500
0.555073023 0.078768745 0.828063667 6.814703941 -0.027107960 0.996690392 -0.076638013 -0.591341019 -0.831359804 0.020092588 0.555371284 4.613523006
0.560724020 0.082945339 0.823837817 6.846673489 -0.031474549 0.996385932 -0.078895420 -0.594894946 -0.827404380 0.018308638 0.561308146 4.637060642
0.567555428 0.086273946 0.818802655 6.878326893 -0.033926282 0.996100724 -0.081439041 -0.598009467 -0.822636008 0.018442241 0.568269312 4.658737183
0.573166966 0.088625118 0.814631939 6.912079334 -0.036763687 0.995914340 -0.082480557 -0.601550937 -0.818613470 0.017326258 0.574083388 4.683876038
0.579491854 0.089994170 0.809993982 6.945103168 -0.040060375 0.995828450 -0.081980966 -0.604772091 -0.813992858 0.015058639 0.580679655 4.708347797
0.585729718 0.091778107 0.805293381 6.979088783 -0.045526419 0.995725036 -0.080367707 -0.608559251 -0.809226811 0.010411634 0.587404132 4.734292984
0.593128324 0.089514226 0.800116301 7.012945652 -0.046510786 0.995949924 -0.076944850 -0.612653136 -0.803763390 0.008424142 0.594889462 4.759745121
0.600268722 0.088032514 0.794938862 7.048812866 -0.046652727 0.996085644 -0.075079679 -0.615983963 -0.798436642 0.007981923 0.602025986 4.787720203
