0.999043405 -0.000543734 0.043725986 0.001534132 0.000658286 0.999996364 -0.002605408 -0.000693548 -0.043724414 0.002631700 0.999040186 0.038385130
0.996017337 -0.004878502 0.089026332 0.004839989 0.005581279 0.999955177 -0.007646800 -0.001291289 -0.088985041 0.008113226 0.995999932 0.076415308
0.990881443 -0.004242403 0.134669974 0.009697660 0.005859078 0.999915421 -0.011610660 -0.002102525 -0.134609327 0.012293830 0.990822494 0.114005230
0.983505130 -0.001913177 0.180870265 0.016012870 0.004551058 0.999889255 -0.014170507 -0.002972352 -0.180823117 0.014759917 0.983404875 0.151045710
0.973931909 -0.004050103 0.226804331 0.024484469 0.007468426 0.999871075 -0.014215590 -0.004069872 -0.226717502 0.015538888 0.973836601 0.188343972
0.962262154 -0.004988551 0.272078425 0.034606274 0.009620695 0.999830544 -0.015693732 -0.004943508 -0.271954030 0.017719068 0.962147117 0.224745467
0.948685110 -0.007544399 0.316132247 0.046354081 0.014096822 0.999730468 -0.018445067 -0.005869238 -0.315907896 0.021955021 0.948535800 0.260644495
0.933503032 -0.009003955 0.358456522 0.059680324 0.017305681 0.999651015 -0.019958049 -0.007303336 -0.358151734 0.024834232 0.933333039 0.295555085
0.916162550 -0.009078954 0.400704056 0.074484289 0.019043420 0.999600351 -0.020892082 -0.008217393 -0.400354236 0.026771318 0.915969312 0.329928041
0.896426737 -0.009193767 0.443096548 0.091331355 0.019912472 0.999610662 -0.019544013 -0.009531948 -0.442744374 0.026342925 0.896260858 0.364822209
0.874452353 -0.008764881 0.485032201 0.109311484 0.020344630 0.999619722 -0.018614979 -0.010939384 -0.484684616 0.026145713 0.874298155 0.397614926
0.850313246 -0.009110509 0.526198089 0.129008889 0.021623749 0.999610603 -0.017635942 -0.012154736 -0.525832534 0.026374450 0.850179136 0.429871738
0.824615419 -0.009302478 0.565617263 0.149666741 0.023507778 0.999564588 -0.017832639 -0.013304445 -0.565205097 0.028001472 0.824475050 0.460856736
0.797136068 -0.010968437 0.603700101 0.172139868 0.026956953 0.999484539 -0.017435111 -0.014484830 -0.603197634 0.030172070 0.797020853 0.490774274
0.768313050 -0.009974407 0.639996529 0.196143448 0.027852522 0.999452472 -0.017860271 -0.015741862 -0.639468014 0.031547796 0.768170178 0.519876361
0.737538934 -0.012961161 0.675180197 0.221578628 0.032819625 0.999322295 -0.016667211 -0.016812254 -0.674506605 0.034451880 0.737464488 0.547580004
0.705485106 -0.011822728 0.708626091 0.248372167 0.033033930 0.999322712 -0.016214794 -0.018057080 -0.707954466 0.034848001 0.705397844 0.574312747
0.671226382 -0.010554753 0.741177261 0.275986791 0.034431119 0.999263287 -0.016951544 -0.019145103 -0.740452349 0.036897887 0.671095312 0.599563003
0.635687828 -0.011615735 0.771858871 0.305068225 0.038931351 0.999096811 -0.017027652 -0.020355657 -0.770963907 0.040873777 0.635565877 0.623198569
0.598977089 -0.009674624 0.800707698 0.334456623 0.038903911 0.999097824 -0.017030755 -0.021488382 -0.799820542 0.041351695 0.598813057 0.645666122
0.560944498 -0.008530479 0.827809513 0.364742696 0.041798517 0.998963356 -0.018029530 -0.022936722 -0.826797605 0.044714775 0.560719609 0.666341960
0.522194028 -0.006816822 0.852799535 0.398235083 0.046969574 0.998680174 -0.020777935 -0.023887532 -0.851532340 0.050905742 0.521825075 0.687330365
0.482899964 -0.005374873 0.875659049 0.431790471 0.048698839 0.998598456 -0.020726480 -0.024544556 -0.874320388 0.052652393 0.482484877 0.706300259
0.444853485 -0.007159709 0.895574808 0.466321290 0.054108463 0.998356283 -0.018895570 -0.025428563 -0.893967450 0.056863930 0.444509625 0.723155141
0.407860994 -0.007829802 0.913010418 0.501459301 0.057926290 0.998170674 -0.017316770 -0.026763134 -0.911204636 0.059950143 0.407568395 0.738712907
0.372157753 -0.005308711 0.928154230 0.536553979 0.059474457 0.998064995 -0.018138623 -0.027944438 -0.926262021 0.061951905 0.371753395 0.753158569
0.338523030 -0.005842867 0.940939963 0.573355377 0.060401935 0.998053253 -0.015533358 -0.028572034 -0.939017475 0.062092993 0.338216960 0.766504705
0.305451870 -0.007449322 0.952178359 0.610755503 0.063026942 0.997934639 -0.012411292 -0.029819144 -0.950119317 0.063803941 0.305290520 0.778588414
0.272397399 -0.007253545 0.962157607 0.649301708 0.064310260 0.997872770 -0.010684158 -0.030464426 -0.960033357 0.064786933 0.272284448 0.789378345
0.240218043 -0.004112451 0.970710278 0.687941790 0.061210439 0.998065174 -0.010919176 -0.031638727 -0.968787193 0.062040582 0.240004957 0.799490750
0.208949625 -0.002496332 0.977923334 0.726566255 0.061094243 0.998076737 -0.010506035 -0.032036752 -0.976016283 0.061940711 0.208700240 0.808060825
0.178532600 -0.001905860 0.983932137 0.767510176 0.063302405 0.997948647 -0.009553088 -0.032863252 -0.981895566 0.063990809 0.178287029 0.815754473
0.147806108 -0.002251777 0.989013910 0.808015466 0.064716570 0.997876227 -0.007399812 -0.033645958 -0.986896813 0.065099314 0.147637963 0.821979642
0.117293894 -0.002872277 0.993093133 0.850901365 0.063251287 0.997987092 -0.004584161 -0.034240555 -0.991080999 0.063352108 0.117239475 0.827050149
0.087492883 -0.002744225 0.996161461 0.893198490 0.063977242 0.997947216 -0.002869984 -0.034419917 -0.994108677 0.063982755 0.087488830 0.831545413
0.060521007 -0.002669606 0.998163402 0.937181115 0.066742294 0.997769296 -0.001378192 -0.035104565 -0.995933115 0.066703126 0.060564220 0.833918691
0.035044551 -0.002013529 0.999383807 0.981223404 0.070609070 0.997503936 -0.000466255 -0.035375919 -0.996888399 0.070581898 0.035099268 0.835699499
0.012084007 -0.001394915 0.999925971 1.026741266 0.075093687 0.997176349 0.000483578 -0.035462674 -0.997103274 0.075082287 0.012154639 0.836261392
-0.008609176 -0.001724267 0.999961495 1.071338773 0.080450207 0.996755719 0.002411372 -0.035972729 -0.996721506 0.080467865 -0.008442521 0.836727738
-0.025680304 -0.002071062 0.999668062 1.117938399 0.084851690 0.996384561 0.004243993 -0.035735369 -0.996062577 0.084932514 -0.025411725 0.834449649
-0.041336656 -0.001905543 0.999143481 1.164285064 0.088228658 0.996084809 0.005549905 -0.035669960 -0.995242238 0.088382497 -0.041006684 0.832624555
-0.055860877 -0.002357560 0.998435795 1.211533785 0.090827160 0.995838940 0.007433058 -0.036050133 -0.994298756 0.091100305 -0.055414319 0.830115080
-0.068794966 -0.003111635 0.997626007 1.258683324 0.091526948 0.995758057 0.009417392 -0.035811976 -0.993423462 0.091957524 -0.068218350 0.826463461
-0.081029773 -0.003300159 0.996706367 1.306149483 0.090611897 0.995829165 0.010663766 -0.036095500 -0.992584527 0.091177523 -0.080392838 0.822583199
-0.092368722 -0.000525760 0.995724738 1.353973031 0.090806961 0.995828271 0.008949550 -0.036062747 -0.991575599 0.091245398 -0.091935635 0.818508863
-0.102614164 0.003201958 0.994716108 1.402654886 0.090893716 0.995841503 0.006170947 -0.035578869 -0.990559816 0.091046661 -0.102478504 0.813650012
-0.111969948 0.005565029 0.993696034 1.451981068 0.091992304 0.995748222 0.004789190 -0.035542447 -0.989444375 0.091948636 -0.112005830 0.808364034
-0.119776964 0.006929880 0.992776692 1.502477646 0.091619708 0.995785594 0.004102882 -0.035340078 -0.988564312 0.091449335 -0.119907022 0.803065538
-0.124944210 0.007723080 0.992133737 1.553922653 0.091493994 0.995798469 0.003770684 -0.035171293 -0.987936139 0.091245398 -0.125125885 0.795767546
-0.130075097 0.009193598 0.991461635 1.606248736 0.092840262 0.995676637 0.002947517 -0.035518166 -0.987148106 0.092430949 -0.130366325 0.789002299
-0.135083318 0.010993838 0.990773201 1.658712387 0.091676109 0.995787799 0.001449764 -0.035175391 -0.986583948 0.091026075 -0.135522246 0.782717824
-0.138466120 0.011829283 0.990296602 1.713090420 0.092035212 0.995755255 0.000974141 -0.035316195 -0.986081541 0.091277033 -0.138967156 0.774429321
-0.141381025 0.010798307 0.989896417 1.768024087 0.091653727 0.995788455 0.002227775 -0.035480704 -0.985703349 0.091042653 -0.141775250 0.766831398
-0.144357920 0.008967052 0.989484906 1.823259711 0.092317440 0.995719731 0.004444825 -0.035424773 -0.985209763 0.091988362 -0.144567847 0.759521484
-0.146084905 0.007956428 0.989240229 1.881575108 0.092063047 0.995737493 0.005586600 -0.035124846 -0.984979153 0.091888577 -0.146194696 0.750536203
-0.148002744 0.008849369 0.988947392 1.939686775 0.094761983 0.995485961 0.005273899 -0.034964591 -0.984436572 0.094495162 -0.148173213 0.741567373
-0.149116874 0.008718688 0.988781273 1.997626543 0.094602190 0.995500028 0.005488900 -0.034827247 -0.984283924 0.094359346 -0.149270654 0.732986450
-0.149386287 0.010059061 0.988727748 2.057602882 0.097135462 0.995260775 0.004550614 -0.034803301 -0.983996153 0.096720323 -0.149655461 0.723680258
-0.149570107 0.010227785 0.988698304 2.118430138 0.096909821 0.995283604 0.004364583 -0.034784194 -0.983990550 0.096467383 -0.149855852 0.714732409
-0.148803830 0.011982275 0.988794208 2.179489851 0.096533231 0.995326698 0.002465869 -0.034535706 -0.984143734 0.095818430 -0.149265170 0.705496550
-0.147681713 0.011758446 0.988965094 2.240964174 0.096993893 0.995281458 0.002650506 -0.034516554 -0.984267414 0.096315004 -0.148125410 0.696286201
-0.146220446 0.010526774 0.989196062 2.303636074 0.096077338 0.995367348 0.003609456 -0.034696151 -0.984575450 0.095567100 -0.146554470 0.687196016
-0.145178080 0.011370961 0.989340305 2.367205620 0.096875608 0.995292604 0.002776371 -0.034560189 -0.984651566 0.096245997 -0.145596266 0.677992344
-0.144257903 0.011886177 0.989468873 2.431629658 0.096917756 0.995290041 0.002173841 -0.034785401 -0.984782636 0.096210688 -0.144730449 0.668893099
-0.143339396 0.012564655 0.989593863 2.497406006 0.097742200 0.995210588 0.001521657 -0.034717035 -0.984835207 0.096943200 -0.143880963 0.659184933
-0.142014980 0.012570296 0.989784718 2.563815355 0.097929724 0.995192349 0.001412052 -0.034844629 -0.985008419 0.097129881 -0.142563224 0.649409533
-0.140940547 0.010785086 0.989959359 2.630676031 0.099943742 0.994987309 0.003389130 -0.035090707 -0.984960437 0.099417910 -0.141312003 0.639561653
-0.140165329 0.008992504 0.990087509 2.697515965 0.101444617 0.994826913 0.005325809 -0.035007752 -0.984917819 0.101185516 -0.140352488 0.630198002
-0.140069366 0.010288194 0.990088284 2.766001463 0.102258839 0.994749248 0.004130091 -0.034547344 -0.984847128 0.101823777 -0.140385985 0.621330738
-0.139226198 0.011990243 0.990188062 2.832799911 0.104134038 0.994559884 0.002598668 -0.034730159 -0.984770179 0.103474081 -0.139717460 0.612690449
-0.138571262 0.011741790 0.990282834 2.901482821 0.103726827 0.994602084 0.002721599 -0.035020784 -0.984905422 0.103096031 -0.139041305 0.602504492
-0.138293147 0.011106422 0.990329206 2.971107006 0.103716619 0.994601309 0.003329014 -0.035322092 -0.984945774 0.103173964 -0.138698459 0.592400312
-0.138567328 0.010590963 0.990296364 3.040787697 0.104390636 0.994528472 0.003970646 -0.035408162 -0.984835863 0.103927873 -0.138914824 0.584665537
-0.138269186 0.010793521 0.990336001 3.111429214 0.107393473 0.994207919 0.004158381 -0.036352500 -0.984554946 0.106930591 -0.138627529 0.575122595
-0.138142228 0.010836624 0.990353107 3.182389259 0.106229514 0.994333863 0.003937546 -0.035058945 -0.984698951 0.105748676 -0.138510704 0.564799070
-0.138255954 0.012003689 0.990323782 3.254148483 0.106814742 0.994274855 0.002860492 -0.035360932 -0.984619677 0.106176659 -0.138746619 0.555215836
-0.138819456 0.012644175 0.990236998 3.326720715 0.106920145 0.994264960 0.002293332 -0.035768099 -0.984528959 0.106194638 -0.139375329 0.545167446
-0.140510082 0.012891335 0.989995480 3.398902178 0.105302498 0.994438231 0.001996381 -0.036175050 -0.984463573 0.104529493 -0.141086102 0.536895990
-0.141803145 0.013844365 0.989798069 3.473777294 0.104584694 0.994515419 0.001072945 -0.036029644 -0.984354615 0.103669874 -0.142473340 0.525672436
-0.142883301 0.013186326 0.989651799 3.547544479 0.103387326 0.994639754 0.001673983 -0.035968818 -0.984324992 0.102556631 -0.143480659 0.515416145
-0.144358993 0.012980877 0.989440262 3.623290062 0.104143463 0.994559944 0.002146450 -0.036539860 -0.984029770 0.103353590 -0.144925475 0.505462170
-0.144909620 0.012074643 0.989371359 3.698841572 0.100649834 0.994918525 0.002599464 -0.035985023 -0.984312475 0.099956736 -0.145388603 0.494581699
-0.146734834 0.013124513 0.989088774 3.774226189 0.100742608 0.994911015 0.001743760 -0.036210895 -0.984032393 0.099899255 -0.147310376 0.484668732
-0.149805784 0.013951412 0.988617063 3.850546360 0.099414147 0.995045602 0.001022151 -0.036354229 -0.983704805 0.098435640 -0.150450587 0.473598480
-0.153081298 0.014733629 0.988103747 3.928389549 0.100301728 0.994956791 0.000703364 -0.036774784 -0.983110189 0.099216186 -0.153787136 0.460385799
-0.157235742 0.013232661 0.987472415 4.004829407 0.098085515 0.995175362 0.002282321 -0.037725314 -0.982678056 0.097215608 -0.157775044 0.447944164
-0.162037373 0.012956758 0.986699581 4.083993435 0.096141398 0.995363951 0.002717957 -0.037704319 -0.982089996 0.095303088 -0.162531853 0.435214520
-0.167903900 0.013800113 0.985706806 4.160784245 0.094247229 0.995546579 0.002116066 -0.037478596 -0.981287837 0.093255423 -0.168456793 0.424624920
-0.171697736 0.015396523 0.985029399 4.238933086 0.095357209 0.995442569 0.001062160 -0.038543954 -0.980523825 0.094112016 -0.172383428 0.409772873
-0.176893830 0.016854983 0.984085619 4.318323135 0.093517691 0.995617568 -0.000242268 -0.039236456 -0.979777038 0.091986559 -0.177694917 0.396206856
-0.180805683 0.017029680 0.983371556 4.395282745 0.093473390 0.995621800 -0.000055532 -0.039911330 -0.979067087 0.091909014 -0.181605935 0.381960392
-0.185842276 0.016834170 0.982435405 4.475133896 0.091778897 0.995779395 0.000298521 -0.040278822 -0.978283882 0.090222314 -0.186602950 0.367460251
-0.191386342 0.015946520 0.981385469 4.554949284 0.090592198 0.995886981 0.001484791 -0.041242868 -0.977325320 0.089190021 -0.192043781 0.352256775
-0.197309375 0.016044313 0.980210006 4.635326385 0.089816593 0.995956719 0.001777382 -0.040549159 -0.976218224 0.088389814 -0.197952628 0.337518692
-0.202653646 0.015689721 0.979124904 4.715989590 0.089702256 0.995965242 0.002606462 -0.041135252 -0.975133479 0.088357918 -0.203243375 0.321151257
-0.208399773 0.017535469 0.977886617 4.796775818 0.090156719 0.995926678 0.001354549 -0.041416764 -0.973879635 0.088445336 -0.209131837 0.304875374
-0.214292407 0.018523855 0.976593852 4.877242565 0.089886792 0.995951653 0.000832684 -0.041613460 -0.972624838 0.087961331 -0.215089917 0.288249016
-0.220231533 0.018437661 0.975273371 4.958912373 0.090358719 0.995908022 0.001576610 -0.042077184 -0.971253514 0.088471673 -0.220996380 0.270348549
-0.225908756 0.018102001 0.973980248 5.041625977 0.088737525 0.996052921 0.002069886 -0.042317361 -0.970098376 0.086896203 -0.226623416 0.251828671
-0.231705904 0.019126302 0.972597897 5.122154236 0.088399291 0.996084034 0.001471545 -0.042490423 -0.968761146 0.086317934 -0.232489347 0.234122753
-0.235832334 0.020518420 0.971577227 5.202722549 0.086811423 0.996224761 0.000032909 -0.040808037 -0.967908621 0.084351756 -0.236723185 0.214555264
-0.240394831 0.019418005 0.970480978 5.285742760 0.088716082 0.996054828 0.002045874 -0.042352974 -0.966612577 0.086589083 -0.241169095 0.194542408
-0.244025111 0.020465365 0.969553173 5.367928028 0.090859197 0.995862007 0.001847480 -0.041680992 -0.965503395 0.088543639 -0.244874835 0.173710823
-0.248556733 0.021112494 0.968387425 5.452799320 0.090516582 0.995893776 0.001520762 -0.040920869 -0.964378893 0.088033102 -0.249447107 0.152746201
-0.251198530 0.021284018 0.967701554 5.535681248 0.090859003 0.995862365 0.001682019 -0.041910857 -0.963661730 0.088346913 -0.252092957 0.130918026
-0.255388975 0.021603236 0.966597140 5.620011806 0.090295486 0.995913744 0.001598913 -0.042150944 -0.962612808 0.087687694 -0.256296158 0.109141350
-0.258592486 0.021099804 0.965755999 5.702490807 0.088948399 0.996034086 0.002055659 -0.043510988 -0.961882591 0.086434029 -0.259443760 0.087435246
-0.262531281 0.021848511 0.964676321 5.786511421 0.088010788 0.996118546 0.001390991 -0.043948010 -0.960901558 0.085267082 -0.263435125 0.064559937
-0.267063618 0.021339267 0.963442624 5.870870590 0.086753637 0.996227801 0.001982442 -0.044397831 -0.959766030 0.084111586 -0.267907500 0.041782379
-0.271780372 0.021848010 0.962111294 5.955996990 0.087428525 0.996168613 0.002075688 -0.045365244 -0.958379745 0.084680103 -0.272649169 0.018329144
-0.276242018 0.021946419 0.960837603 6.037860870 0.086955175 0.996209681 0.002245364 -0.046278372 -0.957146406 0.084170051 -0.277103305 -0.004993439
-0.280613422 0.021901891 0.959570944 6.121730804 0.086099990 0.996283531 0.002438920 -0.046682388 -0.955951273 0.083303444 -0.281456232 -0.029325485
-0.284718394 0.020515427 0.958391845 6.204467773 0.085745767 0.996308446 0.004146206 -0.048085585 -0.954768777 0.083358534 -0.285426378 -0.054414749
-0.289048672 0.021021741 0.957083821 6.290282249 0.086880408 0.996209204 0.004357602 -0.048540488 -0.953364134 0.084411375 -0.289779305 -0.079200268
-0.293142796 0.021505024 0.955826819 6.374335289 0.087517105 0.996153176 0.004428315 -0.048941240 -0.952054739 0.084949329 -0.293897152 -0.104043484
-0.295827985 0.022301851 0.954981029 6.458700657 0.087636232 0.996144950 0.003884227 -0.049454838 -0.951212883 0.084839992 -0.296641946 -0.132042885
-0.299767852 0.024608163 0.953694761 6.544577122 0.087399617 0.996171772 0.001767480 -0.048474297 -0.950000286 0.083882391 -0.300770998 -0.157917976
-0.303310275 0.025563518 0.952548862 6.630806923 0.088632680 0.996063292 0.001491072 -0.049574256 -0.948760808 0.084879220 -0.304381967 -0.185005188
-0.305346251 0.026376758 0.951876044 6.714397907 0.088189162 0.996103525 0.000687323 -0.050023466 -0.948148966 0.084155023 -0.306482553 -0.213359833
-0.309757233 0.026733724 0.950439811 6.802089691 0.088863119 0.996043384 0.000944873 -0.050524876 -0.946654022 0.084751725 -0.310907364 -0.240261078
-0.313421488 0.027685339 0.949210703 6.887701988 0.089038089 0.996028185 0.000348769 -0.050461978 -0.945430934 0.084625199 -0.314641714 -0.268161774
-0.317977786 0.027516183 0.947698891 6.974391937 0.090748690 0.995872617 0.001533654 -0.052187726 -0.943745196 0.086490087 -0.319162369 -0.295451164
-0.321249366 0.027817057 0.946585953 7.060615540 0.092802294 0.995682061 0.002235130 -0.052689597 -0.942436457 0.088563383 -0.322443724 -0.324118614
-0.323513031 0.027439501 0.945825875 7.146460533 0.093653247 0.995599866 0.003149916 -0.053131655 -0.941577733 0.089598693 -0.324659348 -0.353803635
-0.326460004 0.027024703 0.944824636 7.233730316 0.093158960 0.995644331 0.003710396 -0.053236872 -0.940609038 0.089230172 -0.327555537 -0.383278847
-0.329412222 0.027501442 0.943785667 7.320981026 0.092118643 0.995743096 0.003136979 -0.053549334 -0.939681828 0.087973610 -0.330543399 -0.413053513
-0.332511544 0.029397992 0.942640901 7.408328056 0.091139823 0.995837510 0.001092062 -0.053935811 -0.938685060 0.086275250 -0.333806753 -0.443356514
-0.335460663 0.031124718 0.941539943 7.495167732 0.090838075 0.995865524 -0.000555934 -0.054833516 -0.937664449 0.085341178 -0.336901069 -0.474163055
-0.338505030 0.031909242 0.940423429 7.582523346 0.089712076 0.995966613 -0.001502037 -0.055550277 -0.936678231 0.083858885 -0.340002298 -0.505876541
-0.341693521 0.032649219 0.939244151 7.669726372 0.088032410 0.996114194 -0.002600233 -0.056426868 -0.935679376 0.081795439 -0.343239903 -0.537177086
-0.345473766 0.032774661 0.937855959 7.756669044 0.088726506 0.996053755 -0.002124687 -0.057633594 -0.934224606 0.082478657 -0.347018361 -0.568761826
-0.349334717 0.032071043 0.936448932 7.845525742 0.088499129 0.996075630 -0.001099218 -0.058629781 -0.932809234 0.082490921 -0.350802064 -0.601319313
-0.353241205 0.031277429 0.935009360 7.933324337 0.088133737 0.996108651 -0.000024878 -0.059355348 -0.931371689 0.082397081 -0.354623199 -0.633957863
-0.357299924 0.031092964 0.933472157 8.021314621 0.088048972 0.996115983 0.000522439 -0.060125679 -0.929830313 0.082377918 -0.358649850 -0.666851997
-0.360839128 0.031123925 0.932108641 8.109155655 0.087014064 0.996206999 0.000420767 -0.060953319 -0.928560078 0.081258386 -0.362178683 -0.700572968
-0.364113569 0.031677045 0.930815876 8.196405411 0.085977390 0.996297061 -0.000273121 -0.061509058 -0.927377760 0.079929665 -0.365488768 -0.734465599
-0.367758036 0.032266315 0.929361582 8.284292221 0.086489178 0.996252716 -0.000364025 -0.063048333 -0.925890744 0.080245852 -0.369170666 -0.768529892
-0.370321989 0.033042826 0.928315639 8.371549606 0.087481745 0.996165991 -0.000559860 -0.063723251 -0.924774945 0.081003338 -0.371792793 -0.802696228
-0.372859240 0.032906104 0.927304268 8.458356857 0.088624008 0.996065080 0.000288641 -0.064966410 -0.923645914 0.082289040 -0.374308348 -0.837933540
-0.375615716 0.031844627 0.926228404 8.544992447 0.089068897 0.996023715 0.001876062 -0.066187650 -0.922485709 0.083202809 -0.376958489 -0.872252464
-0.377998710 0.032820653 0.925224185 8.633676529 0.090515442 0.995893657 0.001652396 -0.066573203 -0.921370685 0.084371679 -0.379417300 -0.908876419
-0.380657077 0.033922222 0.924093902 8.720822334 0.090718836 0.995876193 0.000812072 -0.067182824 -0.920255601 0.084141836 -0.382164717 -0.944731712
-0.383309007 0.033933997 0.922996759 8.808618546 0.089583442 0.995979130 0.000585667 -0.067800477 -0.919265687 0.082909711 -0.384807706 -0.980599403
-0.386173248 0.035117757 0.921757698 8.894195557 0.089904852 0.995950341 -0.000278489 -0.069037989 -0.918034673 0.082762927 -0.387766719 -1.015371323
-0.389367104 0.036320001 0.920366287 8.983483315 0.089465350 0.995988846 -0.001455351 -0.069587901 -0.916727424 0.081774227 -0.391054630 -1.051795959
-0.391118765 0.036428954 0.919618964 9.070556641 0.087003082 0.996205032 -0.002459893 -0.070638075 -0.916218638 0.079047568 -0.392803907 -1.090626717
-0.394710541 0.037495185 0.918040097 9.158090591 0.088300742 0.996090174 -0.002718124 -0.071264565 -0.914552569 0.079990752 -0.396478176 -1.126131058
-0.397562742 0.037118211 0.916823983 9.242301941 0.089474767 0.995987952 -0.001524244 -0.071839407 -0.913202167 0.081426620 -0.399288893 -1.161378860
-0.399871230 0.035926819 0.915867090 9.331361771 0.089727163 0.995966375 0.000106335 -0.073655099 -0.912168980 0.082220674 -0.401481867 -1.201092720
-0.402087808 0.035591442 0.914909244 9.414598465 0.089507878 0.995985925 0.000591795 -0.074596748 -0.911215723 0.082129531 -0.403659463 -1.239731789
-0.405944228 0.035840735 0.913194776 9.505790710 0.087889515 0.996130228 -0.000026061 -0.075625077 -0.909661889 0.080249667 -0.407523274 -1.277109146
-0.409505844 0.035245411 0.911626458 9.590465546 0.086436011 0.996257365 0.000309939 -0.076050401 -0.908203661 0.078924276 -0.411019683 -1.314529419
-0.412830353 0.034337677 0.910160482 9.679279327 0.085389428 0.996347010 0.001141668 -0.077980772 -0.906796455 0.078189395 -0.414254427 -1.354783058
-0.416620851 0.034547221 0.908423781 9.766588211 0.084968731 0.996383011 0.001076011 -0.078932866 -0.905100882 0.077635892 -0.418049335 -1.393670082
-0.420047522 0.034193974 0.906857729 9.852733612 0.084271632 0.996441722 0.001461956 -0.079503402 -0.903580904 0.077036470 -0.421434522 -1.433699608
-0.424264789 0.033972729 0.904900908 9.938396454 0.083249748 0.996527374 0.001619145 -0.080138743 -0.901703537 0.076019704 -0.425619721 -1.471901894
-0.427437425 0.033448838 0.903426051 10.024027824 0.082735613 0.996568978 0.002247245 -0.081885740 -0.900251210 0.075706057 -0.428738356 -1.514582634
-0.431049943 0.033877086 0.901691914 10.109135628 0.082621761 0.996578872 0.002054934 -0.083140492 -0.898537457 0.075385146 -0.432374239 -1.555553436
-0.434873223 0.034624618 0.899825752 10.195287704 0.083295219 0.996523082 0.001909959 -0.084253669 -0.896631002 0.075781778 -0.436245322 -1.594827652
-0.438856959 0.035115533 0.897870660 10.279809952 0.083390251 0.996515393 0.001785572 -0.083638936 -0.894679248 0.075657271 -0.440256000 -1.634546280
-0.442623019 0.035502143 0.896004736 10.367313385 0.082569942 0.996584415 0.001301858 -0.084904939 -0.892898142 0.074559294 -0.444042563 -1.676063538
-0.446321368 0.035711575 0.894160151 10.450550079 0.082607843 0.996581078 0.001431669 -0.085165337 -0.891052008 0.074503615 -0.447745442 -1.717432976
-0.449459195 0.036233075 0.892565846 10.537910461 0.083837301 0.996477902 0.001765669 -0.086851716 -0.889358163 0.075623907 -0.450913787 -1.761855125
-0.453220487 0.038222682 0.890578568 10.621746063 0.085524611 0.996335745 0.000762296 -0.086694196 -0.887286127 0.076511867 -0.454828739 -1.801893234
-0.456141114 0.039937261 0.889010906 10.709579468 0.087456658 0.996168315 0.000121863 -0.087258086 -0.885599673 0.077805504 -0.457886100 -1.848506927
-0.460156679 0.040662739 0.886906266 10.795295715 0.088953830 0.996035635 0.000486119 -0.088484883 -0.883370519 0.079117395 -0.461949587 -1.888560295
-0.461786985 0.042601287 0.885967255 10.879610062 0.090962186 0.995854259 -0.000473522 -0.090018556 -0.882314444 0.080370851 -0.463747621 -1.935341835
-0.464252710 0.044808660 0.884568632 10.964064598 0.092377700 0.995722115 -0.001956185 -0.090829685 -0.880872190 0.080806255 -0.466405988 -1.980262756
-0.466977715 0.045544710 0.883095503 11.048133850 0.093592986 0.995608807 -0.001855836 -0.091143370 -0.879302204 0.081784904 -0.469189763 -2.024872780
-0.470319390 0.047047831 0.881241441 11.134038925 0.093809702 0.995585382 -0.003086131 -0.091305584 -0.877496302 0.081217527 -0.472656608 -2.070278168
-0.473951101 0.046758838 0.879308820 11.219322205 0.092826180 0.995678067 -0.002913290 -0.092834577 -0.875644743 0.080242120 -0.476243138 -2.114607811
-0.477025151 0.048054338 0.877575159 11.304784775 0.093737453 0.995590568 -0.003563610 -0.093785673 -0.873876810 0.080561720 -0.479426146 -2.161900520
-0.480217576 0.048019953 0.875833929 11.390098572 0.092603214 0.995695770 -0.003817579 -0.094619185 -0.872247458 0.079271771 -0.482597470 -2.208590508
-0.483289480 0.047896300 0.874149442 11.475416183 0.091104105 0.995832562 -0.004194976 -0.095580325 -0.870707333 0.077611208 -0.485638976 -2.255328178
-0.485602975 0.048592672 0.872827947 11.560531616 0.092855379 0.995672464 -0.003771121 -0.096401826 -0.869233966 0.079215497 -0.488013625 -2.302733421
-0.487819791 0.048748717 0.871582210 11.645833015 0.094676688 0.995504439 -0.002689833 -0.097587079 -0.867795110 0.081206359 -0.490242124 -2.349892616
-0.489582539 0.049093604 0.870573759 11.731136322 0.095763564 0.995401502 -0.002278583 -0.098024622 -0.866682291 0.082253695 -0.492032647 -2.398093224
-0.491802692 0.048512738 0.869354188 11.817308426 0.095226146 0.995454252 -0.001679108 -0.098811239 -0.865483761 0.081959456 -0.494186759 -2.447121620
-0.493893385 0.047855739 0.868204474 11.902879715 0.094778143 0.995497942 -0.000955980 -0.099363863 -0.864341557 0.081814654 -0.496205568 -2.496038437
-0.496039391 0.047785595 0.866984129 11.988161087 0.095908493 0.995390177 0.000010472 -0.099928439 -0.862986922 0.083156340 -0.498335838 -2.544611931
-0.498565435 0.047650967 0.865541577 12.073537827 0.095413461 0.995437741 0.000157439 -0.099915475 -0.861585259 0.082662798 -0.500837445 -2.592425346
-0.501238465 0.047908396 0.863982022 12.158630371 0.094509423 0.995523870 -0.000372933 -0.100606471 -0.860132635 0.081467509 -0.503522635 -2.639595985
-0.504773378 0.050585765 0.861768544 12.243050575 0.094051570 0.995561719 -0.003349539 -0.100718498 -0.858113170 0.079359926 -0.507290721 -2.684482574
-0.507614136 0.049963046 0.860134661 12.330436707 0.093186520 0.995644629 -0.002839840 -0.102443889 -0.856530368 0.078711413 -0.510059118 -2.736690521
-0.511723042 0.048180804 0.857798398 12.418453217 0.091677293 0.995787978 -0.001240945 -0.103676215 -0.854245126 0.078005619 -0.513984799 -2.789654732
-0.517277002 0.045577582 0.854603529 12.505723953 0.088565335 0.996070266 0.000484826 -0.103855297 -0.851223052 0.075939044 -0.519280791 -2.840626717
-0.521707654 0.043919060 0.851993084 12.592039108 0.086818933 0.996222436 0.001808643 -0.104290992 -0.848695219 0.074912712 -0.523549914 -2.893021584
-0.526337266 0.044329640 0.849119604 12.679166794 0.086993292 0.996207058 0.001915288 -0.104471952 -0.845813990 0.074875794 -0.528197289 -2.946093559
-0.530506134 0.045317926 0.846469045 12.765823364 0.088655062 0.996059895 0.002235965 -0.104819074 -0.843032479 0.076229952 -0.532433510 -2.999807358
-0.534308791 0.046170935 0.844027400 12.852638245 0.089265481 0.996005833 0.002024595 -0.104785755 -0.840562761 0.076424271 -0.536296129 -3.053874969
-0.538302541 0.046103016 0.841489613 12.938938141 0.090592474 0.995882273 0.003390400 -0.105696678 -0.837868333 0.078057691 -0.540262580 -3.107906342
-0.542105675 0.044456325 0.839133739 13.025468826 0.090097122 0.995918095 0.005442854 -0.105974838 -0.835466564 0.078554131 -0.543898225 -3.164009094
-0.545942545 0.042572871 0.836740494 13.112562180 0.088507399 0.996050417 0.007069353 -0.106434867 -0.833134770 0.077917174 -0.547554374 -3.220447540
-0.550281167 0.041551948 0.833944857 13.199570656 0.086957872 0.996181905 0.007743889 -0.107054934 -0.830439031 0.076779388 -0.551793337 -3.276699066
-0.555013061 0.041257933 0.830818057 13.286756516 0.086613968 0.996206641 0.008389855 -0.107148677 -0.827320278 0.076616921 -0.556481123 -3.333280563
-0.559065223 0.041550510 0.828082144 13.374309540 0.088018917 0.996074021 0.009444614 -0.107322633 -0.824438691 0.078167036 -0.560527563 -3.391632080
-0.562386394 0.041107990 0.825852156 13.461618423 0.088508673 0.996017992 0.010694132 -0.107401937 -0.822124004 0.079109311 -0.563785434 -3.451892853
-0.566162586 0.040229600 0.823311329 13.550296783 0.087162450 0.996130407 0.011264493 -0.107391894 -0.819672287 0.078139365 -0.567478299 -3.511632919
-0.569323421 0.039446279 0.821166754 13.639260292 0.087269425 0.996104360 0.012655063 -0.107253075 -0.817468584 0.078867570 -0.570548058 -3.573019028
-0.571856141 0.038856730 0.819433331 13.728924751 0.087982476 0.996021211 0.014169771 -0.107241571 -0.815622389 0.080198832 -0.572999597 -3.635807037
-0.574007630 0.037951045 0.817970037 13.819237709 0.085718848 0.996221960 0.013931567 -0.107042670 -0.814351022 0.078112274 -0.575092077 -3.699958801
-0.576964021 0.037182935 0.815923035 13.910024643 0.082214072 0.996533513 0.012722404 -0.106621355 -0.812621593 0.074420713 -0.578020930 -3.763086319
-0.579697371 0.036807016 0.814000368 13.999946594 0.079000160 0.996811807 0.011187341 -0.105961531 -0.810993433 0.070791423 -0.580756903 -3.826936722
-0.582122684 0.034163274 0.812383056 14.088549614 0.077056020 0.996938169 0.013290994 -0.105678380 -0.809441626 0.070335992 -0.582972765 -3.889894485
-0.584818721 0.034114394 0.810446382 14.177165985 0.078520127 0.996804118 0.014701363 -0.104987264 -0.807354808 0.072233990 -0.585628271 -3.954061508
-0.587386131 0.034016091 0.808591723 14.265213013 0.077893995 0.996854007 0.014648642 -0.104677528 -0.805549622 0.071588844 -0.588187933 -4.017898560
-0.590200305 0.032969341 0.806583226 14.353058815 0.075841658 0.997010887 0.014742408 -0.104011893 -0.803686261 0.069873586 -0.590936542 -4.081596375
-0.592890143 0.029334117 0.804748893 14.440534592 0.074051782 0.997088075 0.018211734 -0.103721499 -0.801871359 0.070390649 -0.593335867 -4.145664215
-0.596012592 0.027005050 0.802521050 14.526961327 0.072265059 0.997182608 0.020114005 -0.102807492 -0.799716830 0.069982424 -0.596284866 -4.209251404
-0.599028826 0.026265360 0.800296664 14.613698959 0.071066990 0.997261584 0.020464582 -0.101691842 -0.797567606 0.069133542 -0.599255085 -4.272775650
-0.601594448 0.026997697 0.798345327 14.698930740 0.071347922 0.997250140 0.020040266 -0.100438923 -0.795608997 0.069016390 -0.601866364 -4.336050034
-0.604423285 0.026752520 0.796214163 14.783619881 0.071564488 0.997218668 0.020819925 -0.099354595 -0.793442667 0.069564700 -0.604656696 -4.399686813
-0.607627511 0.025679115 0.793806970 14.867608070 0.071016811 0.997230232 0.022100810 -0.098575920 -0.791040778 0.069802701 -0.607768178 -4.462652206
-0.610700011 0.023964580 0.791499376 14.949256897 0.067314439 0.997494996 0.021736441 -0.097345531 -0.788995802 0.066553779 -0.610783339 -4.524919510
-0.613851666 0.020348962 0.789159238 15.032093048 0.057446536 0.998168766 0.018946679 -0.096678406 -0.787328541 0.056964908 -0.613896608 -4.588094711
-0.617295623 0.023499710 0.786380291 15.114921570 0.049875434 0.998712063 0.009306488 -0.095757172 -0.785148799 0.044965912 -0.617672563 -4.651256561
-0.620117188 0.033258863 0.783803880 15.198653221 0.059488475 0.998217881 0.004708105 -0.096642733 -0.782250464 0.049546875 -0.620990634 -4.715658188
-0.620962381 0.034907691 0.783062696 15.277845383 0.067272387 0.997695208 0.008870791 -0.096943200 -0.780948222 0.058186922 -0.621879578 -4.779212952
-0.623320580 0.025305260 0.781556845 15.358505249 0.065434493 0.997658730 0.019884223 -0.096345812 -0.779223859 0.063535027 -0.623517036 -4.843233109
-0.626583219 0.015145998 0.779207289 15.440446854 0.059924040 0.997787595 0.028791968 -0.094725430 -0.777047276 0.064733818 -0.626104593 -4.907539368
-0.629654050 0.009170485 0.776821613 15.520689964 0.054480683 0.997989714 0.032377996 -0.092824876 -0.774963081 0.062708706 -0.628887892 -4.971757889
-0.632756591 0.008419666 0.774304986 15.599874496 0.053082101 0.998060286 0.032525577 -0.090579391 -0.772529244 0.061682507 -0.631976128 -5.034713745
-0.635292292 0.012845110 0.772165000 15.678027153 0.058020864 0.997829676 0.031137094 -0.088968098 -0.770089149 0.064582832 -0.634658813 -5.098817825
-0.637631178 0.019312469 0.770099878 15.755650520 0.062549457 0.997682750 0.026770240 -0.087539911 -0.767798364 0.065238856 -0.637361646 -5.162660599
-0.640289903 0.021999575 0.767818272 15.833330154 0.063365452 0.997695625 0.024254929 -0.085847437 -0.765515327 0.064183339 -0.640208483 -5.226745605
-0.643309236 0.022004051 0.765290201 15.910907745 0.062686458 0.997744501 0.024007045 -0.084244162 -0.763035834 0.063417286 -0.643237591 -5.291805267
-0.646616697 0.021140346 0.762522101 15.989786148 0.063056313 0.997676134 0.025811771 -0.082582891 -0.760204434 0.064772151 -0.646447182 -5.357542038
-0.649228334 0.020516273 0.760316789 16.067440033 0.063317679 0.997624159 0.027146714 -0.080808342 -0.757953405 0.065765910 -0.648984909 -5.423025131
-0.651320219 0.020725863 0.758519828 16.144096375 0.063735873 0.997588634 0.027470050 -0.079162419 -0.756121457 0.066236719 -0.651070595 -5.488040924
-0.653059244 0.020561490 0.757027924 16.221305847 0.063427001 0.997604191 0.027620314 -0.077436060 -0.754646301 0.066053696 -0.652798772 -5.553632736
-0.654297233 0.021280888 0.755938053 16.297431946 0.064263530 0.997552872 0.027540129 -0.075664520 -0.753502071 0.066598669 -0.654063582 -5.618972778
-0.655571103 0.020510141 0.754854918 16.371925354 0.065400831 0.997417033 0.029698063 -0.073772967 -0.752296031 0.068837322 -0.655219197 -5.684377670
-0.657473087 0.020157771 0.753208280 16.445247650 0.067980587 0.997152150 0.032653708 -0.072058022 -0.750405014 0.072672479 -0.656970978 -5.747035980
-0.658383012 0.019114528 0.752440333 16.518453598 0.067722179 0.997127235 0.033926301 -0.069255888 -0.749630272 0.073293403 -0.657786131 -5.811719894
-0.660302162 0.019350400 0.750751019 16.587308884 0.066893801 0.997209847 0.033131756 -0.067507982 -0.748015165 0.072097547 -0.659754276 -5.872196198
-0.661359429 0.019673197 0.749811172 16.664653778 0.063405916 0.997544229 0.029753108 -0.064861357 -0.747384429 0.067219958 -0.660982609 -5.941230774
-0.664158344 0.018920355 0.747352660 16.728088379 0.060441397 0.997766137 0.028453186 -0.064199001 -0.745144844 0.064068452 -0.663818240 -5.997579575
-0.665144920 0.017243102 0.746515453 16.798591614 0.058399476 0.997872412 0.028984919 -0.062507272 -0.744427383 0.062875271 -0.664736748 -6.058458328
-0.666170716 0.015946019 0.745629132 16.859588623 0.056021240 0.998016775 0.028707709 -0.061408877 -0.743692577 0.060895290 -0.665742874 -6.109331131
-0.666932821 0.015261160 0.744961619 16.931446075 0.053818278 0.998165548 0.027732980 -0.059024006 -0.743171811 0.058588583 -0.666530728 -6.178062439
-0.667556882 0.015666697 0.744394243 16.985151291 0.054617207 0.998115480 0.027972961 -0.058023810 -0.742553174 0.059330266 -0.667154551 -6.233636856
-0.670082688 0.013572164 0.742162466 17.054851532 0.053689130 0.998100221 0.030222187 -0.057037413 -0.740342379 0.060097415 -0.669538379 -6.289625168
-0.671215057 0.012772076 0.741152704 17.117467880 0.056706406 0.997806311 0.034160480 -0.057343006 -0.739090562 0.064957134 -0.670466900 -6.339157104
-0.669266820 0.011602665 0.742931604 17.179405212 0.060813639 0.997378826 0.039207235 -0.053814352 -0.740529358 0.071420476 -0.668218136 -6.404582977
-0.668596864 0.011259165 0.743539691 17.239088058 0.065356120 0.996905863 0.043672960 -0.051844656 -0.740747333 0.077794485 -0.667263985 -6.463951111
-0.665806293 0.007898524 0.746082783 17.302146912 0.058549725 0.997413576 0.041690663 -0.050185680 -0.743823826 0.071440846 -0.664546728 -6.523309708
-0.664715886 0.006659504 0.747066915 17.358705521 0.050455768 0.998077393 0.035996832 -0.048941255 -0.745390832 0.061621487 -0.663773894 -6.583106995
-0.663813233 0.005358251 0.747879386 17.420276642 0.047009956 0.998295903 0.034573369 -0.046310067 -0.746419668 0.058108032 -0.662933946 -6.640285492
-0.662276745 0.005073234 0.749242187 17.480680466 0.043317441 0.998563766 0.031528104 -0.040067971 -0.748006165 0.053335581 -0.661545277 -6.700540543
-0.658382535 0.006185993 0.752658188 17.539064407 0.046704024 0.998375058 0.032648511 -0.036970079 -0.751233220 0.056647375 -0.657601595 -6.760297775
-0.654965878 0.006396344 0.755631566 17.596179962 0.047425099 0.998340845 0.032656237 -0.034105539 -0.754168987 0.057224616 -0.654182434 -6.824287415
-0.652851939 0.007284275 0.757450521 17.647563934 0.045862019 0.998499393 0.029926395 -0.030654609 -0.756095886 0.054275718 -0.652206302 -6.880310059
-0.652363300 0.002657275 0.757901728 17.730041504 0.038672745 0.998807907 0.029785618 -0.028953373 -0.756919086 0.048741184 -0.651688337 -6.943006516
-0.651577592 -0.004366462 0.758569479 17.829866409 0.029266106 0.999094248 0.030889254 -0.029476225 -0.758017302 0.042327117 -0.650859714 -7.011333466
-0.650914192 -0.009006104 0.759098172 17.859796524 0.021126559 0.999327421 0.029971913 -0.027229309 -0.758857548 0.035546266 -0.650286198 -7.057781219
-0.651110172 -0.008514059 0.758935511 17.887489319 0.020441394 0.999377668 0.028748633 -0.025406003 -0.758707941 0.034232225 -0.650530934 -7.089773178
-0.649828911 -0.007022261 0.760048389 17.920557022 0.024079677 0.999265194 0.029820167 -0.020855725 -0.759699285 0.037679717 -0.649182320 -7.151708603
-0.647808790 -0.008592302 0.761754453 17.957630157 0.024580453 0.999179959 0.032174006 -0.018440783 -0.761406243 0.039566875 -0.647066355 -7.192581177
-0.646355033 -0.010846455 0.762959957 18.007324219 0.023585275 0.999137223 0.034184694 -0.018603265 -0.762672484 0.040090062 -0.645541549 -7.241928101
-0.646712303 -0.011509791 0.762647152 18.081382751 0.020726806 0.999251664 0.032656591 -0.015917838 -0.762452364 0.036926661 -0.645989776 -7.296081543
-0.646294117 -0.009843215 0.763025224 18.128566742 0.020673027 0.999323964 0.030401897 -0.012350678 -0.762808681 0.035422597 -0.645653605 -7.345537186
-0.644941807 -0.009043829 0.764178336 18.197940826 0.020459149 0.999367297 0.029094083 -0.011705637 -0.763957918 0.034398425 -0.644348741 -7.399696350
-0.643642068 -0.007838718 0.765286744 18.245082855 0.022573125 0.999318063 0.029220920 -0.008392215 -0.764993906 0.036082719 -0.643026233 -7.448785782
-0.643949747 -0.008807392 0.765017211 18.330696106 0.023555210 0.999231458 0.031331312 -0.009743214 -0.764705241 0.038195927 -0.643247485 -7.504838943
-0.643523216 -0.008940516 0.765374482 18.387533188 0.023636015 0.999222815 0.031545203 -0.006181061 -0.765061677 0.038390469 -0.642811775 -7.562242508
-0.642627478 -0.009872648 0.766115427 18.462646484 0.022866976 0.999224424 0.032057744 -0.007791221 -0.765837729 0.038119923 -0.641903281 -7.616083145
-0.641725898 -0.011334382 0.766850412 18.513092041 0.022603076 0.999176919 0.033683274 -0.007739723 -0.766600966 0.038948607 -0.640941501 -7.666357040
-0.642391682 -0.011254861 0.766293764 18.589000702 0.023258338 0.999145269 0.034172539 -0.005223811 -0.766023397 0.039774876 -0.641580820 -7.716222763
