0.999998391 0.000885729 0.001546478 -0.000412790 -0.000884218 0.999999106 -0.000977678 -0.000986902 -0.001547343 0.000976309 0.999998331 0.053405270
0.999992132 0.000653958 0.003916422 -0.002090479 -0.000652721 0.999999762 -0.000317158 -0.002367789 -0.003916628 0.000314599 0.999992251 0.110076338
0.999992728 0.000331283 0.003794429 -0.001112553 -0.000331284 0.999999940 -0.000000400 -0.003168147 -0.003794429 -0.000000857 0.999992788 0.159232229
0.999989867 -0.000045612 0.004501646 -0.001372568 0.000045573 1.000000000 0.000008772 -0.004256345 -0.004501646 -0.000008567 0.999989867 0.211797744
0.999983668 -0.000267919 0.005713056 -0.002108325 0.000267691 0.999999940 0.000040546 -0.005432599 -0.005713067 -0.000039016 0.999983668 0.268108875
0.999981463 -0.000227535 0.006083280 -0.001949427 0.000232135 0.999999702 -0.000755576 -0.006501135 -0.006083107 0.000756974 0.999981225 0.317559928
0.999974132 -0.000549997 0.007175413 -0.002871230 0.000558260 0.999999166 -0.001149706 -0.007586181 -0.007174775 0.001153682 0.999973595 0.371587098
0.999976158 -0.000544435 0.006882051 -0.002194017 0.000541247 0.999999762 0.000465063 -0.008718473 -0.006882302 -0.000461327 0.999976218 0.422818810
0.999985814 -0.001064681 0.005219905 -0.002173919 0.001058211 0.999998689 0.001242134 -0.009508491 -0.005221220 -0.001236592 0.999985576 0.475774199
0.999991000 -0.002582372 0.003363477 -0.002745571 0.002578810 0.999996126 0.001063020 -0.010895631 -0.003366209 -0.001054337 0.999993801 0.527264774
0.999995887 -0.002546676 0.001324328 -0.003333711 0.002545749 0.999996543 0.000701260 -0.011989750 -0.001326109 -0.000697886 0.999998868 0.579822421
0.999997020 -0.002436405 -0.000153840 -0.004143567 0.002436569 0.999996483 0.001070822 -0.013540212 0.000151230 -0.001071194 0.999999404 0.633500993
0.999998927 -0.000519769 -0.001374895 -0.003912169 0.000520381 0.999999762 0.000444722 -0.014035683 0.001374664 -0.000445437 0.999998927 0.684508562
0.999998569 -0.000750291 -0.001532070 -0.004835261 0.000750664 0.999999702 0.000243048 -0.014885201 0.001531887 -0.000244198 0.999998808 0.736977696
0.999996662 -0.001411378 -0.002166045 -0.005375622 0.001413198 0.999998629 0.000838976 -0.016054731 0.002164858 -0.000842034 0.999997318 0.789305747
0.999995172 -0.001804270 -0.002525017 -0.006136034 0.001806673 0.999997914 0.000949681 -0.017003464 0.002523298 -0.000954239 0.999996364 0.841846526
0.999993384 -0.001684913 -0.003216327 -0.007090193 0.001684562 0.999998569 -0.000111752 -0.017904049 0.003216511 0.000106333 0.999994814 0.894415319
0.999992788 -0.001913974 -0.003275541 -0.007909276 0.001910834 0.999997735 -0.000961450 -0.018999247 0.003277374 0.000955184 0.999994159 0.947069287
0.999991357 -0.000678918 -0.004099587 -0.008895096 0.000677921 0.999999762 -0.000244656 -0.020292072 0.004099752 0.000241875 0.999991596 0.999494195
0.999986112 -0.000676342 -0.005222124 -0.009500683 0.000672555 0.999999523 -0.000726943 -0.021088725 0.005222613 0.000723421 0.999986112 1.052661896
0.999982357 -0.001010241 -0.005854247 -0.010670347 0.001002727 0.999998689 -0.001286244 -0.022162210 0.005855539 0.001280351 0.999982059 1.104676843
0.999978006 -0.000723525 -0.006591816 -0.011567716 0.000720810 0.999999642 -0.000414189 -0.023436991 0.006592114 0.000409428 0.999978185 1.156975031
0.999967515 -0.002475665 -0.007668479 -0.012422411 0.002489416 0.999995291 0.001784202 -0.024739966 0.007664026 -0.001803234 0.999969006 1.209236264
0.999961913 -0.002305422 -0.008416347 -0.013448018 0.002314588 0.999996722 0.001079414 -0.025273273 0.008413832 -0.001098853 0.999963999 1.262072444
0.999955535 -0.003123202 -0.008900229 -0.014836324 0.003125860 0.999995053 0.000284802 -0.026346087 0.008899296 -0.000312611 0.999960363 1.314599633
0.999940097 -0.003680048 -0.010308373 -0.015942749 0.003674271 0.999993086 -0.000579294 -0.027527824 0.010310434 0.000541384 0.999946713 1.367219090
0.999936879 -0.003003550 -0.010828934 -0.016927166 0.002999074 0.999995410 -0.000429577 -0.028602913 0.010830174 0.000397073 0.999941289 1.419164300
0.999932766 -0.003524776 -0.011047991 -0.018565862 0.003530714 0.999993622 0.000518060 -0.030328881 0.011046095 -0.000557033 0.999938846 1.471124768
0.999923706 -0.003693680 -0.011785798 -0.019793700 0.003700290 0.999993026 0.000539083 -0.030868813 0.011783725 -0.000582652 0.999930382 1.523136973
0.999919832 -0.004807908 -0.011711804 -0.021659190 0.004815701 0.999988198 0.000637334 -0.032251783 0.011708602 -0.000693684 0.999931216 1.575611472
0.999893665 -0.005019710 -0.013692860 -0.021355050 0.005030889 0.999987066 0.000782053 -0.033447206 0.013688756 -0.000850857 0.999905944 1.627322078
0.999889553 -0.005824136 -0.013675024 -0.022868045 0.005834346 0.999982715 0.000706859 -0.033759911 0.013670671 -0.000786566 0.999906242 1.680085421
0.999898553 -0.005205587 -0.013256849 -0.024305562 0.005234777 0.999983966 0.002168185 -0.034999609 0.013245349 -0.002237362 0.999909759 1.732675791
0.999887824 -0.005601236 -0.013890019 -0.025229879 0.005643466 0.999979556 0.003002953 -0.036000621 0.013872915 -0.003081003 0.999899030 1.784110785
0.999902368 -0.004159482 -0.013338754 -0.026552171 0.004195297 0.999987662 0.002658159 -0.037080150 0.013327533 -0.002713860 0.999907494 1.837327361
0.999909878 -0.002858643 -0.013115706 -0.027960191 0.002889842 0.999993026 0.002360476 -0.037655674 0.013108867 -0.002398166 0.999911189 1.889699340
0.999922991 -0.000170322 -0.012408726 -0.029617440 0.000221918 0.999991357 0.004156833 -0.038662653 0.012407910 -0.004159266 0.999914348 1.942006469
0.999937415 -0.001090391 -0.011135532 -0.030881571 0.001175399 0.999970198 0.007630179 -0.039855830 0.011126880 -0.007642790 0.999908864 1.993863106
0.999959409 0.000098082 -0.009011006 -0.032132301 -0.000011396 0.999953747 0.009619541 -0.039749093 0.009011533 -0.009619048 0.999913156 2.046651363
0.999971807 0.001254153 -0.007404304 -0.033293977 -0.001156906 0.999913216 0.013123478 -0.040355455 0.007420120 -0.013114542 0.999886453 2.099354029
0.999981463 0.000144017 -0.006091807 -0.034114767 -0.000057605 0.999899447 0.014182632 -0.040665239 0.006093237 -0.014182017 0.999880850 2.152100086
0.999987423 -0.001647527 -0.004733119 -0.034711421 0.001708848 0.999914289 0.012980988 -0.041163061 0.004711327 -0.012988913 0.999904513 2.204457045
0.999993384 -0.000722324 -0.003560717 -0.035461649 0.000762221 0.999936819 0.011216046 -0.041547257 0.003552390 -0.011218686 0.999930739 2.256820202
0.999995172 -0.000505244 -0.003070375 -0.036078375 0.000537404 0.999944925 0.010482553 -0.041634709 0.003064909 -0.010484152 0.999940336 2.309252262
0.999994934 -0.000560867 -0.003130970 -0.036597591 0.000592618 0.999948323 0.010149091 -0.042239930 0.003125116 -0.010150895 0.999943614 2.361790419
0.999990046 -0.001535071 -0.004186405 -0.037112605 0.001572345 0.999959052 0.008914850 -0.042623192 0.004172548 -0.008921344 0.999951482 2.414033651
0.999981999 -0.001007887 -0.005914864 -0.037928078 0.001062711 0.999956429 0.009272907 -0.043121327 0.005905260 -0.009279026 0.999939501 2.466563702
0.999973297 -0.001522310 -0.007146736 -0.038852926 0.001595845 0.999945760 0.010294888 -0.043535244 0.007130676 -0.010306018 0.999921441 2.519510031
0.999959230 -0.001968154 -0.008814815 -0.039370358 0.002066447 0.999935627 0.011155788 -0.044311240 0.008792291 -0.011173548 0.999898911 2.571878433
0.999958098 -0.000322563 -0.009149190 -0.040941112 0.000420736 0.999942362 0.010730318 -0.044757187 0.009145201 -0.010733718 0.999900579 2.624755383
0.999952137 0.000179730 -0.009779153 -0.041826807 -0.000078574 0.999946475 0.010343398 -0.044992737 0.009780489 -0.010342135 0.999898672 2.677452803
0.999948740 -0.000616078 -0.010104787 -0.042914338 0.000719743 0.999947131 0.010258628 -0.045824185 0.010097932 -0.010265375 0.999896348 2.729962349
0.999940634 -0.002062396 -0.010701797 -0.043810505 0.002159867 0.999956250 0.009104386 -0.046220433 0.010682551 -0.009126959 0.999901295 2.782459021
0.999936223 -0.002384641 -0.011038112 -0.045004442 0.002499836 0.999942422 0.010434063 -0.046967957 0.011012595 -0.010460991 0.999884665 2.835217237
0.999935448 -0.002068802 -0.011171007 -0.046287369 0.002199880 0.999928713 0.011734244 -0.047207631 0.011145935 -0.011758062 0.999868751 2.888284445
0.999928832 -0.001908755 -0.011778941 -0.047393218 0.002029452 0.999945462 0.010243370 -0.047934987 0.011758747 -0.010266546 0.999878168 2.940730810
0.999924064 -0.000216547 -0.012322948 -0.048181348 0.000325216 0.999961078 0.008817132 -0.048264723 0.012320559 -0.008820469 0.999885201 2.993587971
0.999917090 0.002787216 -0.012572235 -0.049396709 -0.002680298 0.999960184 0.008513159 -0.048444688 0.012595463 -0.008478756 0.999884725 3.045544147
0.999911904 0.004145953 -0.012609431 -0.050759938 -0.004029986 0.999949455 0.009208363 -0.049609251 0.012646971 -0.009156737 0.999878109 3.097312689
0.999912858 0.005164150 -0.012148877 -0.052498031 -0.005044477 0.999938667 0.009860677 -0.050294638 0.012199054 -0.009798532 0.999877572 3.148058414
0.999915421 0.006364671 -0.011339542 -0.053474970 -0.006243445 0.999923348 0.010694087 -0.050847046 0.011406737 -0.010622385 0.999878526 3.201639414
0.999924123 0.007969297 -0.009392666 -0.054730259 -0.007859406 0.999900937 0.011678996 -0.051526658 0.009484808 -0.011604290 0.999887705 3.253318548
0.999955177 0.006019141 -0.007307449 -0.055236597 -0.005948266 0.999935448 0.009682301 -0.052276492 0.007365257 -0.009638400 0.999926448 3.305067062
0.999983370 0.003422883 -0.004637477 -0.056061417 -0.003401017 0.999983132 0.004714635 -0.052969974 0.004653537 -0.004698785 0.999978125 3.355956554
0.999987006 0.004579903 -0.002243592 -0.056763619 -0.004570634 0.999981046 0.004119095 -0.053497292 0.002262415 -0.004108787 0.999988973 3.407237530
0.999995768 0.002827152 0.000680718 -0.057326920 -0.002832493 0.999964178 0.007976302 -0.054530337 -0.000658143 -0.007978196 0.999967933 3.458420992
0.999985993 0.003685701 0.003801504 -0.057645760 -0.003719410 0.999953508 0.008898744 -0.055119175 -0.003768529 -0.008912759 0.999953151 3.509696960
0.999963582 0.003566664 0.007751964 -0.057927087 -0.003623483 0.999966562 0.007327976 -0.055804849 -0.007725569 -0.007355798 0.999943078 3.560741186
0.999934494 0.003182392 0.010997207 -0.057888180 -0.003226201 0.999986947 0.003968226 -0.056441806 -0.010984435 -0.004003445 0.999931633 3.611279726
0.999896944 0.001619837 0.014265020 -0.057590395 -0.001629961 0.999998450 0.000698071 -0.057334039 -0.014263867 -0.000721251 0.999898016 3.661737204
0.999841630 0.001150075 0.017759737 -0.057505000 -0.001147662 0.999999344 -0.000146038 -0.058370005 -0.017759893 0.000125633 0.999842286 3.711901188
0.999771237 0.000879624 0.021371441 -0.057033025 -0.000913925 0.999998331 0.001595262 -0.059453432 -0.021370003 -0.001614429 0.999770343 3.761933088
0.999682844 0.001854802 0.025114853 -0.056403626 -0.001906251 0.999996126 0.002024754 -0.060347851 -0.025111001 -0.002071987 0.999682546 3.812112331
0.999591112 0.001361556 0.028560730 -0.055538882 -0.001364572 0.999999046 0.000086106 -0.061546732 -0.028560586 -0.000125044 0.999592066 3.862866879
0.999491870 0.001001694 0.031859346 -0.054371968 -0.000931389 0.999997079 -0.002221496 -0.062560216 -0.031861480 0.002190694 0.999489903 3.911715746
0.999393344 0.000589477 0.034822997 -0.053090896 -0.000486949 0.999995530 -0.002952665 -0.063333340 -0.034824580 0.002933917 0.999389112 3.961388350
0.999290526 -0.000186333 0.037661318 -0.051539201 0.000250190 0.999998510 -0.001690855 -0.064280219 -0.037660949 0.001699078 0.999289155 4.011254311
0.999184549 -0.000769705 0.040369119 -0.049935576 0.000780034 0.999999642 -0.000240117 -0.065291099 -0.040368918 0.000271411 0.999184787 4.061110497
0.999070942 -0.001313285 0.043076150 -0.048381809 0.001252106 0.999998152 0.001447210 -0.066173501 -0.043077972 -0.001391929 0.999070764 4.111037731
0.998966396 -0.002583477 0.045381635 -0.046449646 0.002478527 0.999994099 0.002368740 -0.066974998 -0.045387488 -0.002253812 0.998966932 4.160868168
0.998853445 -0.003712401 0.047728889 -0.044654123 0.003702109 0.999993086 0.000304042 -0.068075664 -0.047729690 -0.000126996 0.998860300 4.210278988
0.998743773 -0.005058323 0.049852680 -0.042527068 0.005220190 0.999981523 -0.003117236 -0.069071375 -0.049835991 0.003373560 0.998751700 4.259898186
0.998639047 -0.004625888 0.051948100 -0.040485263 0.004941269 0.999970138 -0.005944302 -0.070168182 -0.051919051 0.006192902 0.998632073 4.309731483
0.998551726 -0.004434908 0.053616688 -0.038308099 0.004809332 0.999964952 -0.006856340 -0.071179256 -0.053584401 0.007104270 0.998538077 4.359941006
0.998537302 -0.004554313 0.053875100 -0.036084309 0.004899450 0.999968290 -0.006275902 -0.072523564 -0.053844810 0.006530681 0.998527944 4.410383701
0.998567402 -0.004310604 0.053334419 -0.034249842 0.004555518 0.999979615 -0.004471334 -0.073743917 -0.053314056 0.004707894 0.998566687 4.461091518
0.998628139 -0.004982452 0.052124422 -0.032345325 0.005152956 0.999981821 -0.003137217 -0.074888587 -0.052107845 0.003401508 0.998635650 4.511855125
0.998723090 -0.004473692 0.050320756 -0.030415427 0.004592536 0.999986947 -0.002246352 -0.075807430 -0.050310049 0.002474583 0.998730600 4.563358784
0.998848915 -0.004018089 0.047798771 -0.028386047 0.004116799 0.999989569 -0.001966850 -0.076674968 -0.047790371 0.002161364 0.998855054 4.614756107
0.998991132 -0.003848663 0.044742249 -0.026646743 0.003936830 0.999990463 -0.001882605 -0.077878118 -0.044734579 0.002056848 0.998996794 4.666454315
0.999152839 -0.002275137 0.041090358 -0.025374129 0.002368624 0.999994695 -0.002226608 -0.079061292 -0.041085072 0.002322049 0.999152958 4.718192577
0.999298751 -0.002024980 0.037389334 -0.024141202 0.002104135 0.999995649 -0.002077814 -0.079978883 -0.037384965 0.002155029 0.999298632 4.770072937
0.999446988 -0.001365750 0.033223733 -0.022996640 0.001403485 0.999998391 -0.001112511 -0.081052653 -0.033222158 0.001158525 0.999447346 4.822757721
0.999576986 -0.001249446 0.029057493 -0.021982821 0.001256623 0.999999166 -0.000228722 -0.082034409 -0.029057184 0.000265140 0.999577701 4.874980927
0.999700129 -0.001335819 0.024450248 -0.021460628 0.001325969 0.999999046 0.000419042 -0.083136298 -0.024450783 -0.000386496 0.999700963 4.926090240
0.999798894 -0.000813102 0.020037083 -0.021037661 0.000808088 0.999999642 0.000258314 -0.083854884 -0.020037286 -0.000242070 0.999799192 4.978652954
0.999890804 -0.000231953 0.014776014 -0.020744909 0.000225307 0.999999881 0.000451456 -0.084934764 -0.014776116 -0.000448078 0.999890745 5.030911922
0.999948621 0.000480697 0.010124021 -0.020664863 -0.000478519 0.999999881 -0.000217527 -0.085597247 -0.010124125 0.000212671 0.999948740 5.083505154
0.999982715 0.001066883 0.005781601 -0.021366648 -0.001063660 0.999999285 -0.000560615 -0.086709283 -0.005782195 0.000554456 0.999983132 5.135520458
0.999992371 0.003176241 0.002265598 -0.021770822 -0.003174834 0.999994755 -0.000624366 -0.088094585 -0.002267569 0.000617168 0.999997258 5.188581467
0.999987185 0.005031784 0.000503517 -0.022921562 -0.005031401 0.999987066 -0.000759446 -0.088936098 -0.000507332 0.000756903 0.999999583 5.241000652
0.999977887 0.006613667 -0.000659871 -0.023233492 -0.006614318 0.999977648 -0.000990252 -0.090237953 0.000653307 0.000994594 0.999999285 5.294571400
0.999962032 0.008369870 -0.002418958 -0.023534626 -0.008372424 0.999964416 -0.001047439 -0.090981081 0.002410105 0.001067652 0.999996543 5.348168373
0.999951661 0.009383989 -0.002931761 -0.024625922 -0.009383864 0.999955952 0.000056814 -0.092384443 0.002932165 -0.000029300 0.999995708 5.401624203
0.999948502 0.009569325 -0.003374957 -0.025421459 -0.009566499 0.999953866 0.000852455 -0.093649358 0.003382959 -0.000820125 0.999993920 5.455240250
0.999905527 0.013086029 -0.004199324 -0.026641367 -0.013075989 0.999911606 0.002409513 -0.094292186 0.004230483 -0.002354376 0.999988258 5.508916855
0.999897897 0.013472575 -0.004763532 -0.027863422 -0.013445506 0.999893546 0.005669525 -0.095180750 0.004839409 -0.005604898 0.999972582 5.562368870
0.999901354 0.013038142 -0.005223138 -0.028437955 -0.013012267 0.999903023 0.004957695 -0.095635168 0.005287271 -0.004889241 0.999974072 5.616425037
0.999899626 0.012939133 -0.005767755 -0.029288011 -0.012919220 0.999910474 0.003476358 -0.096469730 0.005812220 -0.003401494 0.999977350 5.669741154
0.999927402 0.010386504 -0.006108835 -0.030487480 -0.010357830 0.999935269 0.004706947 -0.097268313 0.006157328 -0.004643331 0.999970257 5.724424839
0.999942482 0.007994236 -0.007153356 -0.031135708 -0.007946750 0.999946356 0.006642334 -0.098243646 0.007206072 -0.006585106 0.999952376 5.778301716
0.999959886 0.004744308 -0.007597241 -0.031825811 -0.004678416 0.999951482 0.008667569 -0.098977171 0.007637993 -0.008631677 0.999933600 5.832651615
0.999965191 0.002521714 -0.007956179 -0.032749664 -0.002444753 0.999950290 0.009668046 -0.099690624 0.007980163 -0.009648258 0.999921620 5.887334824
0.999966383 -0.001585560 -0.008043961 -0.033629972 0.001648044 0.999968469 0.007767085 -0.100108773 0.008031392 -0.007780080 0.999937475 5.941617966
0.999958873 -0.004016146 -0.008134675 -0.033985965 0.004071481 0.999968588 0.006797299 -0.100646116 0.008107121 -0.006830140 0.999943793 5.996736526
0.999951303 -0.005395000 -0.008260283 -0.034781367 0.005448043 0.999964595 0.006412578 -0.101371154 0.008225394 -0.006457268 0.999945343 6.051362991
0.999950945 -0.006219632 -0.007707912 -0.035842493 0.006272651 0.999956727 0.006873492 -0.102159791 0.007664828 -0.006921504 0.999946654 6.106339455
0.999958754 -0.005504760 -0.007223867 -0.036803696 0.005569323 0.999944448 0.008947926 -0.102789454 0.007174210 -0.008987789 0.999933898 6.161270618
0.999979019 -0.002618463 -0.005920443 -0.039046377 0.002682274 0.999938130 0.010795962 -0.103760287 0.005891807 -0.010811617 0.999924183 6.215440273
0.999977946 -0.002815431 -0.006017474 -0.038960043 0.002869052 0.999956071 0.008920941 -0.104264408 0.005992094 -0.008938008 0.999942124 6.270693302
0.999980867 -0.002633388 -0.005597499 -0.039815102 0.002673474 0.999970734 0.007166050 -0.105005212 0.005578464 -0.007180877 0.999958634 6.325720310
0.999981284 -0.002870592 -0.005408059 -0.040560190 0.002894674 0.999985933 0.004450389 -0.105557404 0.005395208 -0.004465960 0.999975502 6.381128311
0.999982595 -0.003745483 -0.004564008 -0.041741095 0.003749046 0.999992669 0.000772566 -0.106864296 0.004561081 -0.000789663 0.999989271 6.435347557
0.999984920 -0.003584688 -0.004153656 -0.042580012 0.003573818 0.999990165 -0.002621531 -0.107935190 0.004163013 0.002606647 0.999987960 6.489948750
0.999983907 -0.004188310 -0.003827169 -0.043564033 0.004174208 0.999984503 -0.003685318 -0.109052882 0.003842545 0.003669283 0.999985874 6.544769764
0.999981880 -0.004361959 -0.004155680 -0.044106971 0.004346970 0.999984026 -0.003609069 -0.110222094 0.004171356 0.003590939 0.999984860 6.598928452
0.999984801 -0.003750645 -0.004036587 -0.045054581 0.003739190 0.999988973 -0.002841437 -0.111697026 0.004047199 0.002826301 0.999987841 6.653017998
0.999986529 -0.003210571 -0.004073786 -0.046142649 0.003202666 0.999992967 -0.001945592 -0.112877771 0.004080004 0.001932519 0.999989808 6.707510948
0.999986529 -0.002622456 -0.004477879 -0.046855502 0.002616817 0.999995768 -0.001264672 -0.114247046 0.004481176 0.001252937 0.999989152 6.761294842
0.999982536 -0.002664685 -0.005278756 -0.047514413 0.002655497 0.999994934 -0.001746756 -0.115330897 0.005283384 0.001732708 0.999984562 6.815397263
0.999980688 -0.002010603 -0.005876190 -0.048494890 0.002003016 0.999997139 -0.001296866 -0.116735689 0.005878781 0.001285071 0.999981880 6.869285107
0.999976218 -0.002555685 -0.006407963 -0.049545486 0.002554129 0.999996722 -0.000251015 -0.117669515 0.006408583 0.000234642 0.999979436 6.923377991
0.999974430 -0.001199491 -0.007047125 -0.050594017 0.001200509 0.999999285 0.000140201 -0.118937969 0.007046951 -0.000148657 0.999975145 6.977635384
0.999971151 -0.000513807 -0.007576294 -0.051639196 0.000507406 0.999999523 -0.000846753 -0.120007522 0.007576726 0.000842884 0.999970913 7.031941414
0.999967396 -0.000133700 -0.008073000 -0.053014822 0.000117278 0.999997914 -0.002034580 -0.121245027 0.008073255 0.002033567 0.999965370 7.085801125
0.999962091 0.000245227 -0.008700972 -0.054158870 -0.000259814 0.999998569 -0.001675473 -0.122725330 0.008700550 0.001677670 0.999960721 7.139973164
0.999954581 -0.000082284 -0.009529614 -0.055064321 0.000053985 0.999995589 -0.002969838 -0.123736337 0.009529816 0.002969189 0.999950171 7.194213390
0.999946952 0.000365730 -0.010294850 -0.056343433 -0.000405337 0.999992549 -0.003845428 -0.125095546 0.010293366 0.003849397 0.999939620 7.248201847
0.999941111 0.000853021 -0.010820989 -0.057538517 -0.000891357 0.999993324 -0.003538401 -0.126414657 0.010817899 0.003547838 0.999935210 7.302443981
0.999932826 0.000880810 -0.011556273 -0.058874846 -0.000903616 0.999997675 -0.001968331 -0.127941951 0.011554512 0.001978641 0.999931276 7.356152058
0.999918818 0.000933766 -0.012706868 -0.059787989 -0.000958569 0.999997675 -0.001946038 -0.128939688 0.012705021 0.001958061 0.999917388 7.411133766
0.999905646 0.001207064 -0.013685497 -0.060919706 -0.001228165 0.999998093 -0.001533593 -0.130207226 0.013683620 0.001550257 0.999905169 7.465011597
0.999903977 0.001592566 -0.013766090 -0.063023485 -0.001608266 0.999998093 -0.001129497 -0.131404504 0.013764265 0.001151528 0.999904633 7.519114494
0.999898195 0.001507851 -0.014190502 -0.064464182 -0.001535547 0.999996960 -0.001940992 -0.132530972 0.014187532 0.001962585 0.999897420 7.572432041
0.999884486 0.002873919 -0.014923619 -0.065821938 -0.002910993 0.999992728 -0.002463083 -0.133899391 0.014916432 0.002506241 0.999885619 7.627819061
0.999879181 0.002885620 -0.015275742 -0.067239635 -0.002915919 0.999993801 -0.001961556 -0.135249883 0.015269987 0.002005861 0.999881387 7.682361603
0.999870300 0.002607525 -0.015892854 -0.068445310 -0.002658301 0.999991417 -0.003174579 -0.136600435 0.015884440 0.003216415 0.999868631 7.736471653
0.999869287 0.001486306 -0.016098535 -0.069755860 -0.001559289 0.999988556 -0.004521874 -0.137949303 0.016091630 0.004546385 0.999860168 7.790719986
0.999867618 -0.001434895 -0.016205903 -0.071107075 0.001363898 0.999989450 -0.004391122 -0.139219731 0.016212033 0.004368437 0.999859035 7.844795227
0.999861956 -0.001144659 -0.016576350 -0.072445981 0.001130562 0.999998987 -0.000859784 -0.140355051 0.016577316 0.000840925 0.999862254 7.899294376
0.999854684 -0.002322729 -0.016889181 -0.073706374 0.002385839 0.999990225 0.003717506 -0.141630724 0.016880382 -0.003757261 0.999850452 7.953560352
0.999859452 -0.001439155 -0.016702693 -0.075484045 0.001487971 0.999994636 0.002910573 -0.142524630 0.016698414 -0.002935017 0.999856293 8.007585526
0.999861181 0.000130518 -0.016663084 -0.077051230 -0.000134801 0.999999940 -0.000255930 -0.143487960 0.016663050 0.000258141 0.999861121 8.061324120
0.999854803 0.000136225 -0.017038347 -0.078360893 -0.000167188 0.999998331 -0.001815836 -0.144701973 0.017038072 0.001818421 0.999853194 8.115370750
0.999859452 0.000330109 -0.016760370 -0.080283307 -0.000361326 0.999998212 -0.001859546 -0.145832941 0.016759725 0.001865340 0.999857783 8.168441772
0.999862432 0.000043377 -0.016584795 -0.081724510 -0.000049307 0.999999940 -0.000357179 -0.147259757 0.016584778 0.000357948 0.999862373 8.220321655
0.999856412 0.000398488 -0.016941199 -0.082946442 -0.000368806 0.999998391 0.001755145 -0.148582682 0.016941871 -0.001748645 0.999854922 8.275860786
0.999869049 -0.000846093 -0.016160458 -0.084306404 0.000892385 0.999995530 0.002857565 -0.149913877 0.016157968 -0.002871613 0.999865353 8.329086304
0.999888003 -0.000237125 -0.014964641 -0.085506201 0.000264796 0.999998271 0.001847150 -0.150532573 0.014964177 -0.001850905 0.999886334 8.382622719
0.999905467 -0.001226687 -0.013693533 -0.086622812 0.001229674 0.999999225 0.000209739 -0.151449338 0.013693265 -0.000226558 0.999906242 8.435796738
0.999922395 -0.001478806 -0.012369429 -0.088026285 0.001465571 0.999998331 -0.001078980 -0.152886063 0.012371004 0.001060768 0.999922931 8.488005638
0.999933839 -0.002850359 -0.011142916 -0.089017928 0.002835679 0.999995112 -0.001333069 -0.154287130 0.011146661 0.001301383 0.999936998 8.540097237
0.999945939 -0.002522727 -0.010085290 -0.089919031 0.002515461 0.999996543 -0.000733142 -0.155445755 0.010087105 0.000707733 0.999948859 8.592714310
0.999955535 -0.002750381 -0.009017074 -0.090802640 0.002758691 0.999995768 0.000909257 -0.156309724 0.009014534 -0.000934092 0.999958932 8.645404816
0.999970853 -0.001726239 -0.007437427 -0.092033148 0.001737001 0.999997437 0.001440854 -0.157678843 0.007434921 -0.001453731 0.999971330 8.697019577
0.999982655 -0.001765976 -0.005618659 -0.093685053 0.001776868 0.999996543 0.001934298 -0.158989370 0.005615224 -0.001944249 0.999982357 8.748007774
0.999985993 -0.001481346 -0.005078227 -0.094390757 0.001490641 0.999997199 0.001826983 -0.159829035 0.005075507 -0.001834527 0.999985456 8.799529076
0.999988735 -0.001491281 -0.004499911 -0.094515391 0.001500195 0.999996901 0.001978245 -0.161155224 0.004496947 -0.001984974 0.999987900 8.850508690
0.999992669 -0.001427744 -0.003550795 -0.095605008 0.001435432 0.999996603 0.002163345 -0.162457108 0.003547694 -0.002168426 0.999991357 8.900690079
0.999995291 -0.001245348 -0.002812102 -0.096245363 0.001250508 0.999997556 0.001834233 -0.163124412 0.002809811 -0.001837741 0.999994338 8.951129913
0.999993920 -0.002593193 -0.002340761 -0.096909545 0.002597897 0.999994636 0.002008914 -0.164324060 0.002335539 -0.002014983 0.999995232 9.000874519
0.999994397 -0.002511332 -0.002204189 -0.097184755 0.002517123 0.999993384 0.002628634 -0.165175050 0.002197573 -0.002634167 0.999994099 9.050015450
0.999993086 -0.002829639 -0.002400759 -0.098057278 0.002839374 0.999987721 0.004061156 -0.166457042 0.002389238 -0.004067945 0.999988854 9.098264694
0.999990165 -0.003066394 -0.003206913 -0.098698340 0.003078479 0.999988139 0.003770462 -0.167439029 0.003195314 -0.003780298 0.999987721 9.146188736
0.999988079 -0.002818631 -0.003983660 -0.099027134 0.002831784 0.999990523 0.003300104 -0.168759659 0.003974321 -0.003311345 0.999986649 9.193588257
0.999987841 -0.002537486 -0.004232601 -0.099925049 0.002547233 0.999994099 0.002299021 -0.169618040 0.004226743 -0.002309775 0.999988377 9.239948273
0.999984086 -0.002621329 -0.005000513 -0.100647442 0.002631913 0.999994338 0.002111089 -0.170663550 0.004994950 -0.002124217 0.999985278 9.285585403
0.999976456 -0.003019268 -0.006158506 -0.101209961 0.003030194 0.999993861 0.001765595 -0.171322510 0.006153137 -0.001784215 0.999979496 9.331429482
0.999960363 -0.003915152 -0.007993517 -0.102078058 0.003936461 0.999988735 0.002651708 -0.172333255 0.007983045 -0.002683069 0.999964535 9.375913620
0.999941885 -0.004668550 -0.009714662 -0.103175506 0.004709649 0.999980032 0.004212087 -0.173097566 0.009694804 -0.004257595 0.999943912 9.420415878
0.999920547 -0.004143297 -0.011904975 -0.104193442 0.004212620 0.999974310 0.005803896 -0.174043655 0.011880622 -0.005853586 0.999912262 9.464225769
0.999884605 -0.003774911 -0.014714807 -0.105049677 0.003859457 0.999976158 0.005721454 -0.174842983 0.014692859 -0.005777584 0.999875367 9.507037163
0.999842823 -0.003583561 -0.017364392 -0.106245659 0.003677324 0.999978840 0.005370799 -0.175723001 0.017344778 -0.005433809 0.999834776 9.548959732
0.999773443 -0.003607678 -0.020977797 -0.107054651 0.003724604 0.999977708 0.005537416 -0.176582739 0.020957353 -0.005614295 0.999764621 9.590711594
0.999732435 -0.003326043 -0.022892244 -0.109047338 0.003466024 0.999975502 0.006077782 -0.177379325 0.022871468 -0.006155501 0.999719441 9.631064415
0.999659181 -0.003071575 -0.025923986 -0.110498212 0.003222967 0.999978006 0.005800059 -0.178171620 0.025905600 -0.005881634 0.999647081 9.670395851
0.999572098 -0.002985657 -0.029097717 -0.111942716 0.003130272 0.999982953 0.004925685 -0.178760588 0.029082516 -0.005014662 0.999564409 9.709316254
0.999476552 -0.003162117 -0.032196514 -0.113670029 0.003308042 0.999984503 0.004480057 -0.179659724 0.032181848 -0.004584219 0.999471545 9.746749878
0.999360502 -0.002091122 -0.035696242 -0.115142107 0.002240895 0.999988854 0.004156280 -0.180459052 0.035687152 -0.004233614 0.999354064 9.783559799
0.999253511 -0.001688943 -0.038595598 -0.117025875 0.001822719 0.999992430 0.003431169 -0.181242675 0.038589511 -0.003498956 0.999249041 9.819378853
0.999163330 0.000116428 -0.040897977 -0.118981056 0.000020208 0.999994397 0.003340477 -0.181998000 0.040898137 -0.003338508 0.999157727 9.854168892
0.999129832 0.000856580 -0.041699741 -0.120823927 -0.000699739 0.999992609 0.003775666 -0.182710618 0.041702669 -0.003743202 0.999123037 9.888381958
0.999137878 0.000669964 -0.041509692 -0.122517690 -0.000468805 0.999988079 0.004855622 -0.183522895 0.041512452 -0.004831976 0.999126315 9.922073364
0.999143779 0.000552026 -0.041368444 -0.124097288 -0.000330904 0.999985635 0.005351831 -0.184071153 0.041370805 -0.005333560 0.999129653 9.954442024
0.999158859 0.000466116 -0.041004598 -0.125732884 -0.000258504 0.999987125 0.005068285 -0.184843674 0.041006435 -0.005053422 0.999146104 9.986337662
0.999177814 0.001007480 -0.040529858 -0.127479747 -0.000876312 0.999994338 0.003253966 -0.185610622 0.040532909 -0.003215774 0.999173045 10.017620087
0.999213219 0.000873611 -0.039651308 -0.129025266 -0.000825623 0.999998927 0.001226609 -0.186315879 0.039652336 -0.001192907 0.999212801 10.048781395
0.999255598 0.001185836 -0.038560078 -0.130556107 -0.001185562 0.999999285 0.000029975 -0.187030703 0.038560085 0.000015763 0.999256313 10.079980850
0.999300838 0.001804525 -0.037344828 -0.131950334 -0.001836801 0.999997973 -0.000829987 -0.187437192 0.037343252 0.000898002 0.999302089 10.111323357
0.999364913 0.001121069 -0.035616320 -0.133432016 -0.001154428 0.999998927 -0.000916071 -0.188195765 0.035615254 0.000956606 0.999365091 10.141928673
0.999420762 0.001242933 -0.034008529 -0.134664088 -0.001272064 0.999998868 -0.000834949 -0.188992769 0.034007449 0.000877727 0.999421179 10.172716141
0.999492407 0.000816890 -0.031848036 -0.136117786 -0.000842670 0.999999344 -0.000796057 -0.189867049 0.031847361 0.000822490 0.999492407 10.203206062
0.999556005 0.000349345 -0.029794607 -0.137272537 -0.000379468 0.999999404 -0.001005352 -0.190606639 0.029794239 0.001016212 0.999555528 10.233587265
0.999632537 0.000144651 -0.027107630 -0.138390213 -0.000156618 0.999999881 -0.000439366 -0.191342428 0.027107563 0.000443450 0.999632418 10.263635635
0.999712110 -0.000786697 -0.023981107 -0.139336586 0.000796290 0.999999583 0.000390475 -0.192095682 0.023980791 -0.000409459 0.999712348 10.293675423
0.999772072 -0.001773945 -0.021276824 -0.140109032 0.001784014 0.999998331 0.000454243 -0.192612097 0.021275982 -0.000492098 0.999773502 10.323441505
0.999825954 -0.001995008 -0.018550333 -0.140906051 0.002005651 0.999997854 0.000555182 -0.193250477 0.018549185 -0.000592291 0.999827802 10.353042603
0.999877512 -0.002306968 -0.015480828 -0.141680941 0.002313942 0.999997258 0.000432587 -0.194084808 0.015479787 -0.000468356 0.999880075 10.383079529
0.999918222 -0.002708716 -0.012497411 -0.142377988 0.002712245 0.999996305 0.000265385 -0.194646686 0.012496646 -0.000299260 0.999921858 10.412862778
0.999951363 -0.001740889 -0.009705871 -0.142994642 0.001734877 0.999998271 -0.000627826 -0.195259988 0.009706948 0.000610958 0.999952674 10.442329407
0.999975741 -0.001601185 -0.006778562 -0.143459529 0.001592940 0.999997973 -0.001221682 -0.195817292 0.006780505 0.001210854 0.999976277 10.472094536
0.999991298 -0.001185675 -0.003993866 -0.143844500 0.001183684 0.999999166 -0.000500804 -0.196393058 0.003994456 0.000496072 0.999991894 10.502295494
0.999998271 -0.000954506 -0.001609490 -0.144199476 0.000954752 0.999999523 0.000152452 -0.196980625 0.001609344 -0.000153988 0.999998689 10.532791138
0.999998868 -0.001396570 0.000582303 -0.144489571 0.001396510 0.999999046 0.000102721 -0.197695434 -0.000582446 -0.000101908 0.999999821 10.563014984
0.999995768 -0.001437811 0.002534758 -0.144780606 0.001440778 0.999998271 -0.001169020 -0.198448136 -0.002533073 0.001172667 0.999996126 10.593390465
0.999989569 -0.000996163 0.004459063 -0.144997418 0.001014060 0.999991417 -0.004012966 -0.198901474 -0.004455028 0.004017446 0.999981999 10.624167442
0.999987245 -0.002163382 0.004562792 -0.145024970 0.002189115 0.999981701 -0.005642206 -0.199481115 -0.004550503 0.005652123 0.999973655 10.655269623
0.999982595 -0.001885824 0.005585147 -0.145310208 0.001919505 0.999979973 -0.006031111 -0.200249165 -0.005573661 0.006041727 0.999966204 10.686449051
0.999979138 -0.002475161 0.005968022 -0.145668402 0.002513716 0.999975979 -0.006461450 -0.201033786 -0.005951885 0.006476317 0.999961317 10.717978477
0.999983788 -0.001701916 0.005435669 -0.145479307 0.001739088 0.999975085 -0.006841099 -0.201674953 -0.005423890 0.006850441 0.999961853 10.750447273
0.999982357 -0.001234492 0.005809597 -0.145694807 0.001277225 0.999972105 -0.007357536 -0.202371657 -0.005800352 0.007364827 0.999956071 10.782489777
0.999978960 -0.002056742 0.006155130 -0.145884082 0.002115557 0.999952018 -0.009564075 -0.203098357 -0.006135163 0.009576894 0.999935329 10.815191269
0.999960840 -0.005878655 0.006619364 -0.145919129 0.005954294 0.999916553 -0.011465861 -0.204068214 -0.006551408 0.011504826 0.999912381 10.847167969
0.999935031 -0.008979508 0.007020047 -0.145729199 0.009066649 0.999880970 -0.012481437 -0.204621449 -0.006907135 0.012544274 0.999897480 10.879835129
0.999948084 -0.006946973 0.007456758 -0.145969227 0.007011007 0.999938488 -0.008595858 -0.205278084 -0.007396584 0.008647691 0.999935269 10.914174080
0.999964476 -0.002453118 0.008062053 -0.146327302 0.002474254 0.999993503 -0.002612727 -0.206116349 -0.008055591 0.002632582 0.999964058 10.946778297
0.999954820 -0.003579688 0.008803170 -0.146181509 0.003572797 0.999993324 0.000798360 -0.206968740 -0.008805970 -0.000766872 0.999960959 10.980567932
0.999929547 -0.004709861 0.010895887 -0.145981967 0.004718712 0.999988556 -0.000786762 -0.207726300 -0.010892057 0.000838121 0.999940336 11.014299393
0.999877036 -0.003248115 0.015342771 -0.146189332 0.003361575 0.999967158 -0.007375030 -0.208203256 -0.015318313 0.007425699 0.999855101 11.048201561
0.999818861 -0.002167159 0.018908598 -0.145992845 0.002363366 0.999943554 -0.010360455 -0.209241524 -0.018885078 0.010403266 0.999767542 11.082963943
0.999747753 0.000419655 0.022454374 -0.145942584 -0.000172737 0.999939501 -0.010997231 -0.209572881 -0.022457629 0.010990579 0.999687374 11.117728233
0.999665678 -0.000927583 0.025840331 -0.145573616 0.001157677 0.999959826 -0.008890929 -0.210356012 -0.025831046 0.008917871 0.999626517 11.153187752
0.999586463 -0.004400713 0.028417498 -0.144577250 0.004558723 0.999974489 -0.005497907 -0.211411819 -0.028392578 0.005625181 0.999581039 11.189188004
0.999483228 -0.006673693 0.031444978 -0.143857270 0.006806782 0.999968290 -0.004127294 -0.212114260 -0.031416435 0.004339200 0.999496937 11.224967003
0.999383271 -0.006531925 0.034502115 -0.142920882 0.006650649 0.999972343 -0.003327437 -0.213087723 -0.034479428 0.003554846 0.999399066 11.261192322
0.999306023 -0.004420651 0.036985528 -0.142265573 0.004625123 0.999974489 -0.005444708 -0.214019910 -0.036960516 0.005611992 0.999300957 11.296925545
0.999196529 -0.003587113 0.039918460 -0.141672149 0.003905220 0.999961197 -0.007893803 -0.214625627 -0.039888598 0.008043351 0.999171734 11.333371162
0.999114573 -0.002771525 0.041980918 -0.140424743 0.003089151 0.999967098 -0.007502995 -0.215944842 -0.041958742 0.007626038 0.999090254 11.368636131
0.998992264 -0.002568740 0.044808537 -0.139221817 0.002826643 0.999979794 -0.005693251 -0.216700673 -0.044793006 0.005814172 0.998979390 11.405074120
0.998853326 -0.001659379 0.047846619 -0.138108402 0.001843768 0.999991059 -0.003809864 -0.217967257 -0.047839869 0.003893714 0.998847425 11.441534996
0.998715341 0.000028716 0.050672505 -0.136712313 0.000191598 0.999990523 -0.004342925 -0.218283549 -0.050672151 0.004347054 0.998705864 11.477423668
0.998573124 0.000557281 0.053398073 -0.135454446 -0.000267020 0.999985158 -0.005442766 -0.218714029 -0.053400312 0.005420741 0.998558462 11.513167381
0.998431504 -0.000810873 0.055980798 -0.133659959 0.001141700 0.999982059 -0.005877917 -0.219484925 -0.055975027 0.005932610 0.998414516 11.549818039
0.998352289 -0.004651017 0.057193749 -0.131422922 0.004918674 0.999977589 -0.004539947 -0.220699251 -0.057171352 0.004813784 0.998352766 11.586827278
0.998263001 -0.004999134 0.058702420 -0.130047604 0.005306422 0.999972999 -0.005079951 -0.221343204 -0.058675442 0.005382627 0.998262584 11.622325897
0.998236358 -0.005543310 0.059105691 -0.128166407 0.005864874 0.999968946 -0.005268397 -0.222129628 -0.059074651 0.005605753 0.998237848 11.658817291
0.998217046 -0.005710256 0.059414588 -0.126345977 0.006028232 0.999968469 -0.005173955 -0.223024353 -0.059383169 0.005522895 0.998219967 11.695585251
0.998237431 -0.005804671 0.059062611 -0.124464184 0.006066761 0.999972522 -0.004259151 -0.224028260 -0.059036266 0.004609963 0.998245180 11.732896805
0.998258233 -0.005149078 0.058770318 -0.122833550 0.005395977 0.999977291 -0.004043167 -0.224770814 -0.058748163 0.004353248 0.998263359 11.769171715
0.998329759 -0.005385183 0.057521295 -0.121082127 0.005665699 0.999972820 -0.004714756 -0.225739047 -0.057494342 0.005032780 0.998333156 11.805840492
0.998417139 -0.005154958 0.056005452 -0.119485311 0.005495532 0.999967337 -0.005928768 -0.226495042 -0.055973060 0.006227163 0.998412848 11.842497826
0.998512805 -0.003799869 0.054384999 -0.118055053 0.004180529 0.999967515 -0.006887288 -0.227248147 -0.054357063 0.007104403 0.998496294 11.879102707
0.998594820 -0.003034042 0.052907359 -0.116631903 0.003394510 0.999971628 -0.006724659 -0.228451490 -0.052885454 0.006894804 0.998576760 11.915617943
0.998679817 -0.000844991 0.051360656 -0.115381993 0.001230097 0.999971390 -0.007466930 -0.229067028 -0.051352877 0.007520251 0.998652279 11.951879501
0.998797238 -0.001306234 0.049013548 -0.113764286 0.001625927 0.999977648 -0.006483242 -0.230356649 -0.049003981 0.006555137 0.998777092 11.988718033
0.998914421 -0.000371056 0.046581149 -0.113036729 0.000641765 0.999983013 -0.005796737 -0.230865598 -0.046578206 0.005820339 0.998897672 12.024061203
0.999091208 -0.002063510 0.042573985 -0.112011053 0.002205306 0.999992192 -0.003283880 -0.231815562 -0.042566877 0.003374784 0.999087930 12.060265541
0.999278486 -0.002982351 0.037862599 -0.111276872 0.003047706 0.999993980 -0.001668496 -0.232683837 -0.037857395 0.001782686 0.999281585 12.095981598
0.999430180 -0.003082449 0.033613387 -0.110934205 0.003108093 0.999994934 -0.000710696 -0.233385444 -0.033611026 0.000814765 0.999434650 12.131591797
0.999585867 -0.003795224 0.028525669 -0.110164583 0.003791715 0.999992788 0.000177107 -0.234458640 -0.028526137 -0.000068872 0.999593019 12.166308403
0.999699950 -0.005146289 0.023947885 -0.109885678 0.005120060 0.999986231 0.001156438 -0.235486776 -0.023953507 -0.001033477 0.999712527 12.200873375
0.999804795 -0.005208577 0.019058563 -0.109497495 0.005193772 0.999986172 0.000826230 -0.235958204 -0.019062603 -0.000727082 0.999818027 12.234545708
0.999866486 -0.006170304 0.015129569 -0.109578721 0.006161859 0.999980807 0.000604668 -0.236636817 -0.015133010 -0.000511361 0.999885380 12.268328667
0.999916315 -0.005821143 0.011553315 -0.109802462 0.005818073 0.999983013 0.000299326 -0.237292305 -0.011554862 -0.000232083 0.999933243 12.299976349
0.999956787 -0.004996356 0.007840052 -0.110224940 0.004995172 0.999987483 0.000170541 -0.238053575 -0.007840807 -0.000131371 0.999969244 12.332649231
0.999970794 -0.006313918 0.004309502 -0.110273667 0.006311679 0.999979913 0.000532826 -0.238950849 -0.004312780 -0.000505610 0.999990582 12.361716270
0.999975741 -0.006966294 0.000035337 -0.110650890 0.006966314 0.999975562 -0.000583312 -0.239352718 -0.000031273 0.000583544 0.999999821 12.391878128
