0.999861062 -0.011493383 0.012075293 0.001141980 0.011528318 0.999929547 -0.002827466 -0.001230213 -0.012041945 0.002966281 0.999923110 0.074230015
0.999913096 -0.013180983 -0.000238382 0.000932877 0.013179675 0.999901414 -0.004843909 -0.001388967 0.000302206 0.004840347 0.999988258 0.090084113
0.999787331 -0.012379104 -0.016495043 -0.000113667 0.012297633 0.999911726 -0.005031429 -0.001760862 0.016555872 0.004827508 0.999851286 0.106465280
0.999312997 -0.007552565 -0.036283825 -0.001485633 0.007384584 0.999961376 -0.004761423 -0.002292906 0.036318384 0.004490211 0.999330163 0.123059303
0.998486400 -0.004101344 -0.054846343 -0.003893372 0.003758739 0.999972761 -0.006348332 -0.002320144 0.054870885 0.006132570 0.998474598 0.140475079
0.997171879 -0.003974926 -0.075049601 -0.005891033 0.003471208 0.999970555 -0.006841056 -0.002510685 0.075074591 0.006561195 0.997156322 0.158380598
0.995431721 -0.005374455 -0.095324993 -0.008464842 0.004813306 0.999969721 -0.006115649 -0.002882295 0.095354974 0.005628882 0.995427430 0.176700816
0.993397713 -0.006893841 -0.114514194 -0.011633894 0.006324128 0.999965787 -0.005337595 -0.003123371 0.114547074 0.004578153 0.993407249 0.195534527
0.991235733 -0.005675950 -0.131982937 -0.015120779 0.005060953 0.999974728 -0.004994657 -0.003461795 0.132007942 0.004282923 0.991239429 0.215245768
0.989107788 -0.004687981 -0.147118270 -0.019053012 0.004118113 0.999982774 -0.004177880 -0.003945162 0.147135317 0.003526525 0.989110112 0.235288069
0.987044215 -0.004238266 -0.160392329 -0.023247443 0.003615028 0.999984741 -0.004177309 -0.004441180 0.160407588 0.003543366 0.987044513 0.256021947
0.985050976 -0.005516146 -0.172174603 -0.027675848 0.004744928 0.999976814 -0.004890509 -0.004834393 0.172197580 0.004000445 0.985054314 0.277580202
0.983265936 -0.009197712 -0.181943774 -0.031846490 0.008018182 0.999941826 -0.007217461 -0.005262143 0.181999564 0.005637825 0.983282447 0.299623400
0.981830597 -0.008404727 -0.189573422 -0.036749747 0.006770851 0.999934137 -0.009264725 -0.005560490 0.189638808 0.007812818 0.981822848 0.322480559
0.980419159 -0.007951199 -0.196761534 -0.042087715 0.005956556 0.999924719 -0.010727093 -0.006011194 0.196832016 0.009345026 0.980392694 0.345841616
0.978766143 -0.008623278 -0.204798654 -0.047449429 0.006036310 0.999893963 -0.013253148 -0.006645696 0.204891220 0.011735504 0.978714406 0.369838387
0.977148831 -0.012188707 -0.212206393 -0.053298563 0.009161216 0.999841809 -0.015244156 -0.007061797 0.212358639 0.012951741 0.977105975 0.394778758
0.975236416 -0.019068904 -0.220341384 -0.058717627 0.015864376 0.999741197 -0.016304035 -0.007867621 0.220595255 0.012404711 0.975286543 0.420339018
0.973229051 -0.019399123 -0.229017258 -0.065231897 0.015528344 0.999704719 -0.018691866 -0.008659153 0.229312226 0.014635209 0.973242879 0.446757913
0.971386492 -0.014329214 -0.237071559 -0.073252633 0.009132303 0.999693632 -0.023004984 -0.009411109 0.237328574 0.020181721 0.971219778 0.473299295
0.969209135 -0.012285179 -0.245932475 -0.080632687 0.006132791 0.999649167 -0.025766879 -0.010349478 0.246162742 0.023465242 0.968944430 0.499840200
0.967077851 -0.014583027 -0.254062504 -0.088328116 0.007824042 0.999588609 -0.027593879 -0.011230894 0.254360378 0.024697635 0.966794074 0.527015626
0.964799106 -0.017224606 -0.262423247 -0.096389428 0.009685415 0.999503076 -0.029995695 -0.012329909 0.262809515 0.026398143 0.964486539 0.555551767
0.962821305 -0.016489569 -0.269635409 -0.105342500 0.008079791 0.999446511 -0.032269683 -0.013496507 0.270018280 0.028891342 0.962421656 0.583780587
0.960390091 -0.015779464 -0.278212041 -0.114281192 0.006131169 0.999350309 -0.035515711 -0.015099563 0.278591692 0.032403171 0.959862828 0.613636196
0.958306134 -0.016660132 -0.285257518 -0.124090381 0.005316805 0.999165654 -0.040493604 -0.016539380 0.285694122 0.037288610 0.957595110 0.642948210
0.956520498 -0.017455675 -0.291142315 -0.133771241 0.003591577 0.998836756 -0.048086289 -0.018456822 0.291643023 0.044949859 0.955470502 0.673803627
0.955282509 -0.018484861 -0.295116395 -0.143681601 0.002057432 0.998435497 -0.055878002 -0.020242905 0.295687556 0.052772094 0.953825951 0.703964531
0.954043508 -0.019374322 -0.299041092 -0.154268160 0.000066767 0.997921526 -0.064440496 -0.022198644 0.299668044 0.061459068 0.952061892 0.735508859
0.952738106 -0.017677853 -0.303278029 -0.165334299 -0.004797450 0.997305512 -0.073203243 -0.024741275 0.303754926 0.071198478 0.950086176 0.767717957
0.951522470 -0.017706638 -0.307069182 -0.176184744 -0.007271837 0.996767521 -0.080010377 -0.027137015 0.307493299 0.078364626 0.948317885 0.798870504
0.950072885 -0.015109025 -0.311662018 -0.188400671 -0.012656216 0.996138990 -0.086873017 -0.030189337 0.311771274 0.086480163 0.946213424 0.831731379
0.948459625 -0.014209216 -0.316579252 -0.199370027 -0.015793158 0.995633423 -0.092003331 -0.033569600 0.316504180 0.092261225 0.944093704 0.863208711
0.946929276 -0.011999777 -0.321217895 -0.212332264 -0.020271501 0.995084465 -0.096932560 -0.037562866 0.320802122 0.098299854 0.942031384 0.897189021
0.945264757 -0.009849240 -0.326155752 -0.223873675 -0.024277149 0.994651258 -0.100396492 -0.040518720 0.325400084 0.102819398 0.939969659 0.929024220
0.943569362 -0.009015877 -0.331052214 -0.237087816 -0.026086543 0.994499922 -0.101436421 -0.044604767 0.330145955 0.104348309 0.938144505 0.964600027
0.941503108 -0.008745031 -0.336890846 -0.250015080 -0.026685687 0.994589686 -0.100395642 -0.048860587 0.335946113 0.103512973 0.936175883 0.996928215
0.939491749 -0.009589486 -0.342437297 -0.262883782 -0.025777254 0.994795322 -0.098578915 -0.052833203 0.341600329 0.101441167 0.934354782 1.028025508
0.936982989 -0.008541609 -0.349270612 -0.277583301 -0.027140617 0.994900525 -0.097140580 -0.056640081 0.348319262 0.100498490 0.931973040 1.066343069
0.933892727 -0.007661393 -0.357471198 -0.291737974 -0.027909556 0.995158017 -0.094242088 -0.060509864 0.356462359 0.097988859 0.929157019 1.101663232
0.930810094 -0.005775144 -0.365457535 -0.306998253 -0.028516239 0.995679975 -0.088364303 -0.064576373 0.364389062 0.092671856 0.926624298 1.138100624
0.927522480 -0.002250950 -0.373760581 -0.322760582 -0.031308141 0.995999694 -0.083692484 -0.067970373 0.372453809 0.089328408 0.923741639 1.173482895
0.924081266 0.002496676 -0.382187933 -0.338950604 -0.035678156 0.996175587 -0.079757586 -0.071749382 0.380527169 0.087338254 0.920636237 1.210916042
0.920305908 0.002230065 -0.391193122 -0.354253441 -0.035422381 0.996350944 -0.077653468 -0.075309150 0.389592439 0.085321940 0.917026639 1.245890737
0.916580915 0.003058610 -0.399837524 -0.372584075 -0.036951378 0.996339560 -0.077085100 -0.078920133 0.398138165 0.085429281 0.913338840 1.285216331
0.912785649 0.002884547 -0.408428788 -0.389029890 -0.037254285 0.996394694 -0.076221444 -0.082155511 0.406736434 0.084789559 0.909602225 1.321013570
0.909126043 0.004264171 -0.416499257 -0.408549190 -0.038694683 0.996487916 -0.074259795 -0.085902460 0.414719820 0.083627820 0.906098127 1.360632896
0.905488670 0.001555066 -0.424367577 -0.426530123 -0.035174094 0.996827424 -0.071399458 -0.089223504 0.422910213 0.079578146 0.902670622 1.397842407
0.901980281 0.003461145 -0.431763381 -0.447353184 -0.036320362 0.997031987 -0.067882970 -0.092824675 0.430246949 0.076910898 0.899428844 1.438608170
0.898280919 0.004603748 -0.439397514 -0.466449976 -0.035327770 0.997464895 -0.061771363 -0.095881633 0.437999219 0.071010970 0.896166325 1.476581216
0.894530296 0.005854611 -0.446968913 -0.487918109 -0.035583291 0.997673750 -0.058145747 -0.099374481 0.445588738 0.067917764 0.892657757 1.518164396
0.891264677 0.006397010 -0.453438371 -0.508065045 -0.035986237 0.997744918 -0.056657493 -0.102132879 0.452053368 0.066814363 0.889485002 1.554877400
0.887896597 0.003778872 -0.460027546 -0.530815840 -0.033108279 0.997898221 -0.055704929 -0.104764998 0.458850145 0.064690940 0.886155546 1.598178625
0.884947062 0.003065196 -0.465681612 -0.551803172 -0.031812951 0.998040199 -0.053885724 -0.107311741 0.464603812 0.062500715 0.883310258 1.637218952
0.882174432 0.004350990 -0.470902652 -0.575967669 -0.032890547 0.998084724 -0.052394152 -0.111261427 0.469772756 0.061709031 0.880627930 1.679812789
0.879871726 0.004400617 -0.475190938 -0.598373830 -0.033142719 0.998090446 -0.052124582 -0.114153415 0.474054158 0.061612062 0.878337443 1.718862414
0.877689004 0.001496584 -0.479228348 -0.622684181 -0.030630872 0.998125553 -0.052982260 -0.116594926 0.478250772 0.061181128 0.876089692 1.762974024
0.876293600 0.001332676 -0.481775612 -0.646251976 -0.031024761 0.998076677 -0.053669568 -0.119309992 0.480777472 0.061977271 0.874649525 1.803858042
0.875716925 0.001052382 -0.482823819 -0.671095312 -0.030086357 0.998173237 -0.052393176 -0.122484803 0.481886655 0.060408000 0.874148846 1.848660827
0.875418663 0.000728269 -0.483364880 -0.694102108 -0.028612148 0.998323441 -0.050315112 -0.125449672 0.482517868 0.057876896 0.873971820 1.889302611
0.875250995 0.000030301 -0.483669043 -0.721552312 -0.027509421 0.998384356 -0.049718704 -0.129041329 0.482886076 0.056821797 0.873837709 1.936193109
0.874785244 -0.002506322 -0.484504372 -0.745077670 -0.024958551 0.998425841 -0.050228130 -0.132009685 0.483867586 0.056031354 0.873345673 1.977059126
0.873580098 -0.004269560 -0.486661643 -0.772958696 -0.023544995 0.998419881 -0.051023647 -0.134956107 0.486110479 0.056031689 0.872099221 2.025987387
0.872438073 -0.003562268 -0.488711715 -0.798168480 -0.023896726 0.998466372 -0.049937863 -0.137582660 0.488140106 0.055246301 0.871014953 2.068129301
0.870251179 -0.003509924 -0.492595702 -0.825626791 -0.021743558 0.998726308 -0.045529857 -0.141116023 0.492128074 0.050333194 0.869066477 2.115912914
0.867384076 -0.004276456 -0.497620881 -0.852618396 -0.019017294 0.998947799 -0.041733086 -0.144040242 0.497275740 0.045662016 0.866390109 2.162042141
0.863930106 -0.004536591 -0.503591299 -0.878904462 -0.017880039 0.999052703 -0.039673835 -0.146837190 0.503294230 0.043279652 0.863030553 2.204252720
0.858659744 -0.006714445 -0.512502015 -0.907244742 -0.017315401 0.998963416 -0.042098414 -0.150167212 0.512253404 0.045022391 0.857653439 2.251420259
0.852860153 -0.010955190 -0.522024453 -0.934795499 -0.014707686 0.998879135 -0.044991210 -0.153286472 0.521932244 0.046048984 0.851743102 2.295603275
0.846890211 -0.011116162 -0.531651616 -0.963432491 -0.014655324 0.998913825 -0.044231109 -0.156289816 0.531565845 0.045250420 0.845807433 2.339952469
0.841145337 -0.008131894 -0.540748000 -0.991571307 -0.015556754 0.999109328 -0.039223708 -0.158985049 0.540585339 0.041405123 0.840269685 2.382735014
0.836509407 -0.002834168 -0.547945261 -1.022321939 -0.019627556 0.999189913 -0.035132173 -0.161757857 0.547600985 0.040143218 0.835776150 2.427214384
0.832673013 -0.003352106 -0.553754866 -1.051345944 -0.020528300 0.999107480 -0.036916111 -0.164168969 0.553384364 0.042106692 0.831861019 2.469210148
0.829529762 -0.004969770 -0.558440447 -1.081799388 -0.021311942 0.998950303 -0.040547643 -0.167172924 0.558055758 0.045536928 0.828553081 2.512920380
0.826687992 -0.006365496 -0.562624633 -1.112371683 -0.024716521 0.998559952 -0.047614664 -0.169970050 0.562117517 0.053268593 0.825340152 2.555730820
0.823518395 -0.007870308 -0.567234993 -1.142944694 -0.024288796 0.998497665 -0.049116779 -0.172937989 0.566769361 0.054226026 0.822090030 2.598917484
0.820461988 -0.006030089 -0.571669281 -1.174153566 -0.024092501 0.998691380 -0.045112062 -0.176237404 0.571193218 0.050785676 0.819243014 2.642176628
0.817370296 -0.003814077 -0.576100051 -1.205443740 -0.023593200 0.998917580 -0.040087365 -0.179138809 0.575629413 0.046358265 0.816395581 2.685511827
0.814526081 -0.001827810 -0.580124080 -1.237170339 -0.024412123 0.999001265 -0.037423536 -0.181666806 0.579613090 0.044644505 0.813667893 2.728466511
0.811547756 -0.001814425 -0.584283233 -1.268666267 -0.025094144 0.998964250 -0.037957001 -0.184387326 0.583746970 0.045466010 0.810661674 2.770903111
0.808022022 -0.002790382 -0.589145720 -1.300606728 -0.025427058 0.998891830 -0.039604656 -0.187426761 0.588603377 0.046981674 0.807055652 2.813966513
0.804047287 -0.005650517 -0.594538510 -1.332694530 -0.024273677 0.998809159 -0.042320170 -0.190191656 0.594069660 0.048459053 0.802952647 2.856926441
0.799800992 -0.007221179 -0.600221813 -1.365339279 -0.022712203 0.998847544 -0.042281207 -0.193356380 0.599835455 0.047448911 0.798715293 2.899326801
0.795430303 -0.007489672 -0.605998814 -1.398939610 -0.021906395 0.998914838 -0.041100010 -0.196520880 0.605648994 0.045967445 0.794403076 2.942336798
0.790798426 -0.007066711 -0.612035871 -1.432415009 -0.022446221 0.998925924 -0.040536121 -0.199404702 0.611664951 0.045793790 0.789790452 2.984054327
0.785657048 -0.008612816 -0.618602276 -1.466302395 -0.021804964 0.998896360 -0.041601099 -0.202307582 0.618277848 0.046172798 0.784602165 3.025897980
0.780862153 -0.009686307 -0.624628305 -1.500937939 -0.021620713 0.998861730 -0.042518210 -0.205266312 0.624329150 0.046705768 0.779763877 3.067289114
0.775517344 -0.011099009 -0.631228626 -1.535977006 -0.020941680 0.998842955 -0.043291450 -0.208306298 0.630978823 0.046792258 0.774387658 3.109215736
0.770128191 -0.012288423 -0.637770772 -1.571298599 -0.020375302 0.998830378 -0.043849055 -0.211794749 0.637563646 0.046764165 0.768977046 3.150571108
0.764309704 -0.014850429 -0.644678354 -1.606853247 -0.018550443 0.998814702 -0.045000907 -0.214781776 0.644582450 0.046353698 0.763128281 3.191786766
0.757961273 -0.016190929 -0.652098656 -1.642590046 -0.017505938 0.998826921 -0.045147710 -0.217885926 0.652064681 0.045635816 0.756788671 3.233280897
0.751830518 -0.015919767 -0.659164190 -1.679282546 -0.016975731 0.998909771 -0.043487314 -0.221083149 0.659137845 0.043884885 0.750740588 3.274260759
0.745914578 -0.016250335 -0.665843368 -1.716827154 -0.016422205 0.998949647 -0.042777073 -0.224226654 0.665839136 0.042842660 0.744864285 3.314698696
0.739917636 -0.017666671 -0.672465444 -1.754551291 -0.015559350 0.998938203 -0.043363638 -0.227448642 0.672517538 0.042548645 0.738857090 3.355042458
0.733659327 -0.019530453 -0.679236770 -1.792962193 -0.015011021 0.998877108 -0.044934992 -0.230684012 0.679351687 0.043163013 0.732542396 3.395482779
0.727664828 -0.019084433 -0.685667336 -1.832057476 -0.016177883 0.998857319 -0.044970356 -0.233670443 0.685742021 0.043815993 0.726524591 3.436113596
0.722457707 -0.018940801 -0.691155612 -1.871128559 -0.016090790 0.998893380 -0.044193745 -0.236770898 0.691227853 0.043049354 0.721353471 3.475683928
0.717670083 -0.018276036 -0.696143389 -1.911070943 -0.016929206 0.998902261 -0.043677147 -0.240435377 0.696177483 0.043130938 0.716572881 3.515677691
0.713110149 -0.019065337 -0.700792730 -1.951723695 -0.017361911 0.998843253 -0.044840988 -0.243514746 0.700837016 0.044143662 0.711954236 3.555988312
0.707799375 -0.021051349 -0.706099749 -1.991858602 -0.017569588 0.998722076 -0.047387339 -0.246817604 0.706194997 0.045946613 0.706524968 3.595490694
0.702912450 -0.023434749 -0.710890234 -2.033079863 -0.017061299 0.998614013 -0.049789499 -0.250387490 0.711071730 0.047126368 0.701538444 3.634878635
0.698105574 -0.023706257 -0.715602279 -2.074750185 -0.017594747 0.998581886 -0.050245274 -0.253953576 0.715778649 0.047667347 0.696698546 3.674396276
0.693414450 -0.023337087 -0.720161021 -2.116350174 -0.017572680 0.998630345 -0.049281035 -0.257242739 0.720324755 0.046827342 0.692054629 3.713781357
0.688586950 -0.023681914 -0.724767029 -2.158915043 -0.016160941 0.998717189 -0.047987491 -0.261041939 0.724973679 0.044756476 0.687320888 3.753078461
0.683467984 -0.025708066 -0.729527712 -2.201608181 -0.014666493 0.998694360 -0.048933826 -0.264091760 0.729833186 0.044144318 0.682198584 3.791992188
0.679008663 -0.026018765 -0.733669043 -2.244939327 -0.014593373 0.998695910 -0.048923779 -0.267839104 0.733985186 0.043926377 0.677743435 3.831376553
0.674719036 -0.027216146 -0.737572730 -2.288549423 -0.012867632 0.998734236 -0.048623994 -0.271380484 0.737962484 0.042298347 0.673514843 3.870894909
0.670992911 -0.027349489 -0.740959287 -2.333357811 -0.012723082 0.998747647 -0.048386391 -0.275152057 0.741354644 0.041894212 0.669804633 3.909438372
0.667191863 -0.029506806 -0.744301260 -2.378448009 -0.010364719 0.998750627 -0.048885044 -0.279227436 0.744813800 0.040330175 0.666052461 3.948877335
0.663038552 -0.034834288 -0.747774303 -2.421885014 -0.006782505 0.998596191 -0.052532494 -0.282502234 0.748554528 0.039902851 0.661871493 3.987072706
0.657801688 -0.039059862 -0.752177715 -2.467559814 -0.002407412 0.998540282 -0.053958591 -0.286362469 0.753187358 0.037304856 0.656747460 4.027307510
0.651587248 -0.043147445 -0.757345557 -2.511825562 0.002713428 0.998507202 -0.054552380 -0.290015548 0.758568823 0.033490635 0.650731683 4.064774513
0.643126786 -0.046835009 -0.764326155 -2.557496548 0.008402692 0.998499393 -0.054113988 -0.294639796 0.765713692 0.028379761 0.642555237 4.103412151
0.635053873 -0.048160106 -0.770965159 -2.605300426 0.010857368 0.998512506 -0.053431030 -0.297920823 0.772391617 0.025560936 0.634632170 4.140383244
0.625946164 -0.046701200 -0.778466702 -2.651488781 0.011970409 0.998663127 -0.050285947 -0.302255422 0.779774427 0.022157731 0.625668406 4.177902699
0.617198110 -0.046917219 -0.785407782 -2.699591160 0.011224422 0.998643994 -0.050834626 -0.305339634 0.786727786 0.022559293 0.616887808 4.214442730
0.608251572 -0.047373977 -0.792329311 -2.748296738 0.010542417 0.998611450 -0.051614594 -0.310385257 0.793674290 0.023041593 0.607906461 4.250274181
0.599114954 -0.050095502 -0.799094319 -2.796724796 0.010782221 0.998455048 -0.054509610 -0.313444316 0.800590456 0.024041509 0.598729491 4.285188675
0.588890553 -0.051558815 -0.806566596 -2.845721245 0.011424012 0.998394430 -0.055480286 -0.317811996 0.808132052 0.023457592 0.588534117 4.321277142
0.579772353 -0.052558783 -0.813081563 -2.895832300 0.014339063 0.998420894 -0.054314841 -0.321886033 0.814652383 0.019831413 0.579610467 4.355315208
0.569591582 -0.052811183 -0.820229530 -2.946738482 0.015634920 0.998449266 -0.053428669 -0.326135755 0.821779191 0.017608300 0.569534004 4.390526772
0.559572935 -0.053248540 -0.827068806 -2.997606993 0.015135099 0.998423994 -0.054040767 -0.329879999 0.828642964 0.017721986 0.559496999 4.424204350
0.549159050 -0.053622242 -0.833995819 -3.050102711 0.015111515 0.998413384 -0.054243129 -0.334673464 0.835581243 0.017185163 0.549098015 4.458452225
0.539608240 -0.055119120 -0.840110064 -3.101020336 0.014123787 0.998306870 -0.056426521 -0.338048160 0.841797769 0.018582685 0.539473116 4.490615845
0.529638350 -0.056664057 -0.846328855 -3.154743195 0.014133144 0.998217165 -0.057988793 -0.342485309 0.848105907 0.018751806 0.529494941 4.523472786
0.520596862 -0.056126472 -0.851955831 -3.205751896 0.012703894 0.998235703 -0.058000475 -0.346897364 0.853708088 0.019371711 0.520391405 4.553934097
0.512004495 -0.054964826 -0.857222438 -3.260853291 0.012231069 0.998315990 -0.056706283 -0.350897193 0.858895719 0.018549122 0.511814475 4.586033821
0.504031897 -0.052882206 -0.862064540 -3.313101768 0.013733366 0.998488307 -0.053221315 -0.355804324 0.863575816 0.014986195 0.503996253 4.616198540
0.496318877 -0.053735893 -0.866475701 -3.368305206 0.014409437 0.998454928 -0.053667054 -0.359888017 0.868020773 0.014150551 0.496326327 4.647284508
0.489461184 -0.056434263 -0.870197177 -3.421372890 0.016411502 0.998323083 -0.055512525 -0.364423454 0.871870756 0.012889989 0.489566565 4.675746441
0.482894361 -0.059361026 -0.873664379 -3.476342678 0.018561872 0.998169422 -0.057560936 -0.369029939 0.875481904 0.011579012 0.483112276 4.705275059
0.476673782 -0.062316556 -0.876868725 -3.530300140 0.020023126 0.997995138 -0.060039911 -0.373767406 0.878852189 0.011061799 0.476965845 4.734252453
0.471492171 -0.065556340 -0.879430234 -3.584510326 0.022632135 0.997804165 -0.062246569 -0.378873825 0.881579816 0.009445388 0.471940517 4.762508392
0.466493905 -0.066400789 -0.882028580 -3.639317989 0.026271606 0.997778475 -0.061219934 -0.384222090 0.884134173 0.005386425 0.467202067 4.791005611
0.462339520 -0.064354412 -0.884364605 -3.694691896 0.026432551 0.997919858 -0.058798976 -0.388057113 0.886308968 0.003809076 0.463078797 4.820180416
0.459167063 -0.062544324 -0.886145532 -3.749442577 0.029234067 0.998042047 -0.055294022 -0.392615288 0.887868822 -0.000516441 0.460096478 4.847649097
0.455734551 -0.062077291 -0.887948453 -3.803993940 0.031284466 0.998065889 -0.053719129 -0.397086412 0.889565825 -0.003297321 0.456795216 4.875175476
0.452615380 -0.062019531 -0.889546454 -3.858016014 0.032859333 0.998060882 -0.052865848 -0.401430666 0.891100228 -0.005302009 0.453775585 4.902414799
0.450485945 -0.061560251 -0.890658617 -3.912259102 0.034942709 0.998071253 -0.051310699 -0.405441761 0.892099500 -0.008007276 0.451768100 4.929072857
0.448083043 -0.060518928 -0.891941130 -3.966263294 0.036040820 0.998117805 -0.049617328 -0.409601331 0.893265128 -0.009913607 0.449420810 4.955664635
0.445504904 -0.061417326 -0.893170416 -4.019068241 0.038772583 0.998031735 -0.049288541 -0.413784504 0.894439578 -0.012672236 0.447009325 4.982140064
0.443295062 -0.061983265 -0.894230127 -4.072575569 0.041140392 0.997961938 -0.048778951 -0.417607427 0.895431161 -0.015165508 0.444941640 5.007964134
0.441289306 -0.061366249 -0.895264149 -4.125293732 0.044406932 0.997930050 -0.046514671 -0.421516478 0.896265447 -0.019229511 0.443100929 5.033178329
0.439001203 -0.060361136 -0.896456599 -4.177273750 0.045987029 0.997942567 -0.044674318 -0.425386369 0.897308826 -0.021613298 0.440873861 5.058444023
0.437535524 -0.061439142 -0.897099793 -4.229382515 0.047981322 0.997836888 -0.044936709 -0.429200172 0.897920132 -0.023382619 0.439536989 5.083137989
0.436549664 -0.062103666 -0.897534251 -4.280471802 0.048672076 0.997783959 -0.045366812 -0.433101833 0.898362696 -0.023879981 0.438604951 5.107361794
0.436194837 -0.063144304 -0.897634029 -4.331007004 0.048342932 0.997738719 -0.046694506 -0.436863720 0.898552716 -0.023026356 0.438261092 5.131105423
0.436348438 -0.063955128 -0.897502005 -4.380537033 0.047496732 0.997717202 -0.048004355 -0.440445572 0.898523331 -0.021681784 0.438390017 5.154974937
0.438678086 -0.063781403 -0.896378040 -4.430117607 0.045845911 0.997767568 -0.048559222 -0.444262862 0.897474110 -0.019793395 0.440622866 5.178289413
0.442786276 -0.063489132 -0.894376576 -4.479028225 0.043223355 0.997841656 -0.049434867 -0.448092639 0.895584762 -0.016768875 0.444574833 5.201931477
0.448038697 -0.064627402 -0.891675174 -4.527236938 0.042339541 0.997798502 -0.051044788 -0.451475412 0.893011034 -0.014883073 0.449788630 5.225091457
0.453893363 -0.064125314 -0.888745725 -4.575112820 0.041607112 0.997844458 -0.050747816 -0.455616891 0.890084147 -0.013944035 0.455583036 5.248672009
0.460575759 -0.063061975 -0.885377407 -4.622507572 0.040865771 0.997921824 -0.049819592 -0.459141463 0.886679173 -0.013235931 0.462195694 5.272585392
0.468562901 -0.061566420 -0.881282330 -4.669490814 0.038854308 0.998039544 -0.049064912 -0.462680280 0.882575333 -0.011251612 0.470036447 5.296811104
0.477292776 -0.061086722 -0.876618505 -4.715433121 0.038463570 0.998077035 -0.048608225 -0.466196984 0.877902150 -0.010517519 0.478724599 5.320981503
0.486161232 -0.060715385 -0.871757329 -4.761055470 0.038104054 0.998107493 -0.048265457 -0.469808877 0.873037934 -0.009752695 0.487554669 5.345977783
0.495722950 -0.061085343 -0.866329789 -4.806441784 0.036605932 0.998106539 -0.049430687 -0.473212659 0.867708921 -0.007208887 0.497020364 5.371314049
0.505611062 -0.062610522 -0.860486746 -4.851441383 0.034949224 0.998031020 -0.052082770 -0.476575613 0.862053454 -0.003739715 0.506803751 5.397158623
0.516795933 -0.063439339 -0.853754938 -4.895158768 0.033807401 0.997985065 -0.053692207 -0.480293036 0.855440855 -0.001115314 0.517899334 5.423041344
0.528655887 -0.061614715 -0.846597075 -4.939069748 0.031215554 0.998098612 -0.053148393 -0.483749330 0.848262131 0.001670213 0.529574037 5.449490547
0.540926099 -0.059035048 -0.838995695 -4.981763363 0.029592389 0.998251855 -0.051161826 -0.487262785 0.840549350 0.002846877 0.541727483 5.476315498
0.553008914 -0.056669004 -0.831245899 -5.024269581 0.028967623 0.998388827 -0.048792236 -0.490789443 0.832671583 0.002903327 0.553759515 5.503719330
0.564891696 -0.055536870 -0.823294044 -5.066244602 0.028208539 0.998449087 -0.047997393 -0.494318902 0.824682772 0.003889406 0.565582156 5.531218529
0.576058269 -0.055881947 -0.815496206 -5.107532978 0.028361548 0.998426139 -0.048382927 -0.497701049 0.816916406 0.004742651 0.576736569 5.559584618
0.587524116 -0.057048935 -0.807193160 -5.148592949 0.028492479 0.998351693 -0.049820643 -0.500893950 0.808704913 0.006271894 0.588181138 5.587942600
0.598021209 -0.058063719 -0.799374282 -5.188479900 0.030338615 0.998297513 -0.049816124 -0.504562378 0.800905883 0.005539191 0.598764658 5.617405891
0.608375788 -0.057423417 -0.791569054 -5.227612019 0.030385463 0.998333037 -0.049069524 -0.508273005 0.793067276 0.005800521 0.609106481 5.646891594
0.619264245 -0.055034287 -0.783251643 -5.266878605 0.029497882 0.998467028 -0.046834171 -0.511610806 0.784628451 0.005898465 0.619938314 5.676640511
0.628720999 -0.052343126 -0.775867343 -5.304916382 0.029555641 0.998619616 -0.043420594 -0.514793694 0.777069092 0.004368183 0.629400134 5.706942081
0.638694882 -0.050304219 -0.767814040 -5.341969967 0.027933195 0.998718798 -0.042196389 -0.517881632 0.768952966 0.005503123 0.639281750 5.736824989
0.648589969 -0.049946174 -0.759497464 -5.378407001 0.026443608 0.998720944 -0.043095902 -0.521074772 0.760678470 0.007867720 0.649081171 5.766794205
0.657657862 -0.049269225 -0.751703858 -5.413717747 0.024444796 0.998729169 -0.044073604 -0.524064362 0.752920091 0.010610105 0.658026457 5.796757221
0.666869640 -0.048720978 -0.743579924 -5.448524475 0.024217987 0.998750210 -0.043720718 -0.526977897 0.744780719 0.011148009 0.667216182 5.826936722
0.675864935 -0.046504457 -0.735556841 -5.482692719 0.023747509 0.998863220 -0.041331246 -0.530031860 0.736642838 0.010466698 0.676201046 5.857254028
0.684355199 -0.045132589 -0.727750719 -5.516323090 0.024115218 0.998937488 -0.039273426 -0.532715738 0.728749931 0.009327111 0.684716463 5.888103485
0.692075849 -0.044494864 -0.720452130 -5.549426556 0.024530370 0.998971581 -0.038131926 -0.535570502 0.721407890 0.008717230 0.692455530 5.919359207
0.699444175 -0.043797985 -0.713344038 -5.581889629 0.023549361 0.998990834 -0.038245678 -0.538253129 0.714299202 0.009951924 0.699769735 5.950602055
0.706738412 -0.042952236 -0.706169903 -5.613807201 0.023047155 0.999023318 -0.037699107 -0.540805578 0.707099497 0.010368204 0.707038105 5.981733322
0.713557601 -0.040405612 -0.699430466 -5.645277500 0.022283500 0.999139369 -0.034986004 -0.543074727 0.700242102 0.009378768 0.713843822 6.013560772
0.720769465 -0.038020629 -0.692131400 -5.676210880 0.021525502 0.999240756 -0.032474816 -0.545254052 0.692840576 0.008508381 0.721040606 6.044882298
0.727823496 -0.036386177 -0.684798479 -5.706669331 0.020436605 0.999298692 -0.031376261 -0.547734499 0.685459912 0.008841426 0.728056669 6.076307297
0.735247374 -0.035523005 -0.676867306 -5.736092091 0.019683786 0.999323547 -0.031064468 -0.549966156 0.677512944 0.009516759 0.735449314 6.107508659
0.742963910 -0.032572296 -0.668538392 -5.765351295 0.017060902 0.999412298 -0.029732795 -0.552227259 0.669113934 0.010684527 0.743083000 6.138997078
0.751656234 -0.030324917 -0.658857644 -5.793686867 0.016549146 0.999495089 -0.027123218 -0.553981841 0.659347475 0.009483806 0.751778543 6.170451164
0.760680199 -0.026640398 -0.648579955 -5.821093082 0.014706856 0.999608338 -0.023810094 -0.555951715 0.648960233 0.008573296 0.760774016 6.201875687
0.770649433 -0.024306754 -0.636795640 -5.848031521 0.012599460 0.999658167 -0.022909513 -0.557787836 0.637134790 0.009631924 0.770692229 6.232940197
0.780286491 -0.023478383 -0.624981403 -5.874137402 0.011158743 0.999658704 -0.023622068 -0.559657753 0.625322700 0.011457975 0.780282140 6.264205933
0.789669752 -0.024600020 -0.613038778 -5.898958683 0.011486701 0.999613523 -0.025316199 -0.561561465 0.613424659 0.012949645 0.789647102 6.295910835
0.799323797 -0.023682967 -0.600433648 -5.923859596 0.010825410 0.999628425 -0.025017181 -0.563017130 0.600802958 0.013496888 0.799283147 6.327935219
0.809249520 -0.021944115 -0.587055087 -5.948285580 0.010159328 0.999675393 -0.023363329 -0.564809620 0.587377191 0.012942677 0.809209824 6.360402107
0.818800688 -0.019863753 -0.573734105 -5.971390247 0.009988024 0.999742866 -0.020358635 -0.566499949 0.573991001 0.010939195 0.818788528 6.392985344
0.828064919 -0.019054005 -0.560308337 -5.993897915 0.010639773 0.999776423 -0.018274443 -0.567741215 0.560531199 0.009170874 0.828082561 6.425704479
0.837057889 -0.016993256 -0.546850443 -6.017448425 0.010452810 0.999831796 -0.015069555 -0.569463968 0.547014534 0.006897967 0.837094724 6.459372520
0.844955266 -0.016418137 -0.534584999 -6.039165497 0.011252793 0.999853194 -0.012921465 -0.570972323 0.534718633 0.004902487 0.845016003 6.492472649
0.851918340 -0.016613109 -0.523411036 -6.061182022 0.012380680 0.999856234 -0.011584382 -0.572016835 0.523528218 0.003388764 0.852001607 6.527316093
0.858099520 -0.017540261 -0.513183773 -6.081049442 0.013891394 0.999843597 -0.010946020 -0.573184788 0.513295472 0.002263937 0.858208954 6.560520172
0.864727020 -0.015839739 -0.501992345 -6.102826118 0.011945676 0.999868453 -0.010972093 -0.574347973 0.502100110 0.003491227 0.864802480 6.596297741
0.871276319 -0.013840205 -0.490597606 -6.123343468 0.010100445 0.999896228 -0.010270110 -0.575275660 0.490688831 0.003992851 0.871325731 6.630991459
0.877182543 -0.012908847 -0.479983538 -6.143820286 0.009365445 0.999908328 -0.009776292 -0.576405644 0.480065733 0.004080334 0.877223015 6.667429924
0.882531464 -0.013793492 -0.470050991 -6.162372112 0.010341175 0.999897242 -0.009925866 -0.577416897 0.470139623 0.003899010 0.882583439 6.702911854
0.887647629 -0.014810056 -0.460285068 -6.183131695 0.011132379 0.999880731 -0.010703498 -0.578579545 0.460388690 0.004376867 0.887706637 6.740274906
0.892078161 -0.015403545 -0.451618552 -6.202254295 0.011603798 0.999870121 -0.011182116 -0.579489589 0.451732129 0.004734832 0.892141044 6.775879383
0.895151615 -0.014260645 -0.445533603 -6.221809864 0.010774136 0.999888301 -0.010357396 -0.580733120 0.445631564 0.004471201 0.895205319 6.814786911
0.898093224 -0.012814793 -0.439618498 -6.240511894 0.010762533 0.999916434 -0.007160673 -0.581409514 0.439673543 0.001699544 0.898156047 6.852353573
0.901073873 -0.007961979 -0.433592528 -6.259981155 0.007477093 0.999968052 -0.002823644 -0.582860649 0.433601171 -0.000697700 0.901104629 6.892007828
0.904420733 -0.005640117 -0.426604480 -6.279485703 0.006167882 0.999980986 -0.000144511 -0.583710611 0.426597178 -0.002500548 0.904438257 6.931258202
0.907300353 -0.002743454 -0.420474201 -6.297979355 0.004006397 0.999989748 0.002120415 -0.584091067 0.420464069 -0.003608440 0.907302022 6.970857143
0.910454035 -0.001126037 -0.413608789 -6.316596508 0.003196460 0.999985576 0.004313761 -0.584524214 0.413597971 -0.005249565 0.910444498 7.010522842
0.913536131 -0.000196648 -0.406757593 -6.336404800 0.003306170 0.999970436 0.006941882 -0.584557950 0.406744212 -0.007686469 0.913509786 7.053162098
0.916700721 -0.000200346 -0.399574399 -6.354459763 0.004082106 0.999952376 0.008863764 -0.584801197 0.399553597 -0.009756524 0.916657925 7.094564438
0.920022011 -0.000580098 -0.391866326 -6.373585701 0.004798359 0.999940634 0.009785308 -0.584691048 0.391837358 -0.010883013 0.919970155 7.138280869
0.923604548 -0.001218812 -0.383344740 -6.391299248 0.005407513 0.999936879 0.009849277 -0.584887505 0.383308530 -0.011169779 0.923552811 7.180301666
0.927177548 -0.003705996 -0.374603957 -6.410465240 0.007767142 0.999926269 0.009331980 -0.585116029 0.374541759 -0.011562004 0.927137971 7.225714684
0.931022763 -0.004955085 -0.364927500 -6.428777695 0.008498876 0.999931037 0.008105456 -0.585362017 0.364862174 -0.010647837 0.931000650 7.270572662
0.935078204 -0.006609443 -0.354379892 -6.446201324 0.009312192 0.999939084 0.005921859 -0.585369825 0.354319155 -0.008837455 0.935082793 7.316445827
0.939961791 -0.004466692 -0.341250449 -6.463551521 0.006573074 0.999965787 0.005016546 -0.585691154 0.341216356 -0.006958426 0.939959049 7.362740040
0.945652544 -0.001014679 -0.325177252 -6.480453014 0.003305942 0.999973476 0.006493753 -0.586072206 0.325162023 -0.007215852 0.945630789 7.409735203
0.951835930 0.002795634 -0.306595057 -6.496943474 0.000144949 0.999954224 0.009567911 -0.586439431 0.306607783 -0.009151522 0.951791942 7.457753658
0.957834423 0.005182935 -0.287273943 -6.510777950 -0.002105014 0.999937057 0.011022072 -0.586714387 0.287312984 -0.009952605 0.957785070 7.503718376
0.964017451 0.006200521 -0.265766740 -6.525711536 -0.003355576 0.999932110 0.011157404 -0.586141348 0.265817881 -0.009864131 0.963972807 7.554141998
0.969508231 0.009307574 -0.244882002 -6.539342403 -0.006164179 0.999888539 0.013599670 -0.587143302 0.244981289 -0.011675496 0.969457507 7.603705406
0.974723637 0.010002209 -0.223189995 -6.551928043 -0.006547879 0.999847114 0.016211782 -0.587295473 0.223318025 -0.014340586 0.974640131 7.655853748
0.979405820 0.012239955 -0.201530099 -6.563652992 -0.008473807 0.999773145 0.019539926 -0.586733878 0.201723546 -0.017429790 0.979287386 7.706794739
0.983665168 0.013529896 -0.179498777 -6.573936462 -0.009440002 0.999676466 0.023619756 -0.586430550 0.179760277 -0.021539461 0.983474612 7.759513378
0.987432301 0.016210567 -0.157208949 -6.583544731 -0.012133083 0.999565542 0.026861859 -0.586024463 0.157576099 -0.024616839 0.987199962 7.813618183
0.990688622 0.017760102 -0.134983912 -6.592435360 -0.014266431 0.999538839 0.026805574 -0.585518241 0.135397732 -0.024630237 0.990485132 7.869002819
0.993385911 0.017536854 -0.113476560 -6.599366665 -0.014811317 0.999582291 0.024817234 -0.584948123 0.113864377 -0.022972353 0.993230700 7.923959732
0.995551348 0.017576270 -0.092566736 -6.605526924 -0.015423503 0.999594867 0.023920683 -0.584098816 0.092949666 -0.022386566 0.995419085 7.980142117
0.997222424 0.015985508 -0.072745860 -6.610936642 -0.014157360 0.999572575 0.025577247 -0.583161592 0.073123634 -0.024476314 0.997022510 8.038456917
0.998470485 0.016166484 -0.052870810 -6.614326477 -0.014742927 0.999521136 0.027205307 -0.582285702 0.053285304 -0.026384225 0.998230696 8.094806671
0.999326050 0.016572369 -0.032754492 -6.618537426 -0.015649075 0.999478459 0.028246466 -0.581629694 0.033205520 -0.027714850 0.999064207 8.155622482
0.999744833 0.018486507 -0.012980551 -6.620411873 -0.018113464 0.999435604 0.028290914 -0.580681443 0.013496225 -0.028048573 0.999515474 8.214453697
0.999787927 0.019118970 0.007656138 -6.620986462 -0.019335588 0.999383748 0.029296516 -0.579855204 -0.007091301 -0.029438337 0.999541461 8.275534630
0.999390423 0.021296680 0.027661903 -6.620811462 -0.022088859 0.999345243 0.028655242 -0.578089595 -0.027033530 -0.029248795 0.999206543 8.336198807
0.998617530 0.022498740 0.047505796 -6.618547440 -0.023819042 0.999340415 0.027411662 -0.577966750 -0.046857737 -0.028505309 0.998494744 8.399383545
0.997496068 0.022697823 0.066980600 -6.615668297 -0.024409806 0.999393046 0.024852548 -0.576946974 -0.066375852 -0.026425302 0.997444689 8.460003853
0.996057987 0.024718504 0.085191034 -6.610640526 -0.026720805 0.999390960 0.022443932 -0.576491952 -0.084584370 -0.024631832 0.996111810 8.524931908
0.994271755 0.024660699 0.103997737 -6.605663776 -0.026940864 0.999425232 0.020577529 -0.575725555 -0.103430502 -0.023261447 0.994364619 8.587976456
0.992096424 0.025211532 0.122919068 -6.598592281 -0.027561232 0.999467731 0.017452849 -0.575331509 -0.122413628 -0.020702710 0.992263198 8.654439926
0.989664257 0.026047207 0.141018480 -6.590145111 -0.028047875 0.999531925 0.012218001 -0.575470626 -0.140634224 -0.016046988 0.989931583 8.716571808
0.986940384 0.028193651 0.158599451 -6.581171036 -0.029468317 0.999549508 0.005690570 -0.575524092 -0.158367574 -0.010289911 0.987326622 8.786104202
0.984007716 0.029857943 0.175605416 -6.571062088 -0.030451847 0.999535978 0.000687699 -0.575567126 -0.175503403 -0.006024210 0.984460413 8.849632263
0.980694950 0.032446511 0.192833200 -6.558504581 -0.032382533 0.999469459 -0.003484419 -0.576947033 -0.192843959 -0.002827275 0.981225371 8.919796944
0.977044463 0.034934547 0.210151464 -6.545804501 -0.034424484 0.999388754 -0.006085809 -0.578308046 -0.210235611 -0.001288249 0.977649927 8.985877037
0.973206282 0.034517284 0.227328092 -6.530536175 -0.034031589 0.999402404 -0.006056881 -0.579824388 -0.227401316 -0.001841741 0.973799407 9.054988861
0.969113052 0.034181606 0.244236544 -6.515346527 -0.033572108 0.999414086 -0.006659170 -0.581716478 -0.244321078 -0.001746047 0.969692826 9.120128632
0.964903295 0.033389747 0.260474086 -6.496654987 -0.031381305 0.999437034 -0.011866924 -0.582839847 -0.260723680 0.003276418 0.965407908 9.194514275
0.960360825 0.034631398 0.276600301 -6.478700161 -0.031302679 0.999374688 -0.016442049 -0.584406316 -0.276996732 0.007131970 0.960844398 9.261858940
0.955360413 0.036648471 0.293161064 -6.458713531 -0.033319332 0.999311149 -0.016343413 -0.586184323 -0.293558091 0.005845918 0.955923378 9.334214211
0.949805558 0.038990796 0.310401559 -6.438047886 -0.035467591 0.999226391 -0.016988700 -0.588832021 -0.310823828 0.005126768 0.950453699 9.402754784
0.943754017 0.042762931 0.327871472 -6.416196346 -0.038162556 0.999062181 -0.020455457 -0.590052545 -0.328438729 0.006792508 0.944500864 9.476087570
0.937734246 0.043326352 0.344640791 -6.392614365 -0.037103519 0.999007761 -0.024634689 -0.592899203 -0.345366150 0.010313408 0.938411355 9.544892311
0.931064010 0.044974227 0.362073362 -6.367421627 -0.037687134 0.998920202 -0.027167229 -0.594733417 -0.362904251 0.011648919 0.931753635 9.619701385
0.923980653 0.045652609 0.379704684 -6.343084812 -0.035948798 0.998821378 -0.032611690 -0.596488833 -0.380745947 0.016482646 0.924532771 9.689397812
0.916173041 0.048888613 0.397789955 -6.313236237 -0.036539748 0.998587608 -0.038570177 -0.601224780 -0.399113744 0.020801812 0.916665435 9.760540009
0.906732023 0.052072115 0.418480068 -6.283855438 -0.037734445 0.998384893 -0.042470329 -0.604198933 -0.420015693 0.022718096 0.907232463 9.831658363
0.895454168 0.054777905 0.441770613 -6.249758720 -0.039703585 0.998272717 -0.043304261 -0.610195756 -0.443379641 0.021237101 0.896082282 9.901708603
0.882466078 0.059961945 0.466538489 -6.217062950 -0.043676853 0.998002052 -0.045652833 -0.615586281 -0.468343824 0.019910147 0.883321941 9.969496727
0.868876576 0.063520938 0.490936399 -6.180326939 -0.044899810 0.997757852 -0.049631920 -0.619089663 -0.492988318 0.021081064 0.869780481 10.040888786
0.854379773 0.068320401 0.515138388 -6.142396450 -0.047596376 0.997441173 -0.053345278 -0.623363197 -0.517464817 0.021058410 0.855445385 10.110795021
0.839858472 0.069007486 0.538401067 -6.100854874 -0.046259314 0.997376800 -0.055674452 -0.629066944 -0.540830672 0.021852596 0.840847611 10.180969238
0.824728787 0.070997238 0.561054230 -6.058280945 -0.046433769 0.997239769 -0.057937369 -0.635247171 -0.563619018 0.021730760 0.825749040 10.247166634
0.809057534 0.072776310 0.583206236 -6.014212132 -0.044324856 0.997033417 -0.062926367 -0.641084254 -0.586055636 0.025060520 0.809883177 10.314081192
0.793231249 0.075492039 0.604222834 -5.968122482 -0.042741887 0.996740520 -0.068421409 -0.647075653 -0.607418597 0.028448377 0.793872356 10.378405571
0.777452767 0.077117346 0.624195576 -5.919388771 -0.041376203 0.996575713 -0.071588509 -0.654333115 -0.627578855 0.029829849 0.777981341 10.442766190
0.761732221 0.078816235 0.643080115 -5.869450569 -0.039742380 0.996388018 -0.075042747 -0.661022544 -0.646671891 0.031604946 0.762113214 10.505909920
0.746274173 0.079058364 0.660927117 -5.816916466 -0.037891123 0.996357203 -0.076397546 -0.669388235 -0.664559364 0.031970244 0.746551275 10.568447113
