0.999999762 -0.000631575 -0.000292256 -0.000307326 0.000632045 0.999998510 0.001608628 -0.000579996 0.000291240 -0.001608812 0.999998689 0.032626513
0.999998689 -0.001606784 0.000010067 -0.000972598 0.001606766 0.999997437 0.001591623 -0.001204443 -0.000012624 -0.001591605 0.999998748 0.067873083
0.999994755 -0.003137346 -0.000835073 -0.000888097 0.003137917 0.999994814 0.000683002 -0.001742586 0.000832926 -0.000685618 0.999999404 0.097871676
0.999994099 -0.003355770 -0.000736929 -0.001163824 0.003356239 0.999994159 0.000636096 -0.002294493 0.000734791 -0.000638566 0.999999523 0.130339429
0.999992251 -0.003889202 -0.000640358 -0.001552280 0.003890086 0.999991477 0.001385892 -0.002799620 0.000634962 -0.001388373 0.999998808 0.163967237
0.999987006 -0.005070212 -0.000474820 -0.001952702 0.005071450 0.999983668 0.002642278 -0.003432172 0.000461415 -0.002644652 0.999996424 0.195323065
0.999989152 -0.004635925 -0.000455328 -0.002538263 0.004637228 0.999985039 0.002902970 -0.003949779 0.000441863 -0.002905050 0.999995708 0.228826061
0.999991119 -0.004063940 -0.001105482 -0.002649892 0.004065581 0.999990642 0.001485940 -0.004662442 0.001099433 -0.001490421 0.999998271 0.260708898
0.999998569 -0.001242159 -0.001170863 -0.003214765 0.001241242 0.999998927 -0.000783986 -0.005205548 0.001171836 0.000782532 0.999998987 0.294235170
0.999997258 0.002182138 -0.000846993 -0.003688425 -0.002183342 0.999996603 -0.001422831 -0.005942269 0.000843885 0.001424676 0.999998629 0.326243460
0.999988854 0.004632661 -0.000942753 -0.004127143 -0.004634584 0.999987185 -0.002047742 -0.006419441 0.000933254 0.002052088 0.999997437 0.359735340
0.999982178 0.005855544 -0.001139198 -0.004687429 -0.005857084 0.999981940 -0.001354358 -0.007089852 0.001131247 0.001361006 0.999998450 0.393843174
0.999995232 0.003084570 -0.000257034 -0.004953883 -0.003084078 0.999993443 0.001893662 -0.007895252 0.000262873 -0.001892861 0.999998152 0.425633907
0.999999642 -0.000835555 -0.000198138 -0.005199401 0.000836289 0.999992669 0.003736663 -0.008521271 0.000195014 -0.003736828 0.999993026 0.459046185
0.999993384 -0.003579007 -0.000690259 -0.005460261 0.003580030 0.999992490 0.001486480 -0.009090154 0.000684934 -0.001488941 0.999998629 0.492274076
0.999990582 -0.004310320 -0.000489168 -0.005917166 0.004309963 0.999990463 -0.000728721 -0.009636132 0.000492304 0.000726606 0.999999642 0.525572300
0.999998391 -0.001810265 0.000034257 -0.006360122 0.001810336 0.999995887 -0.002224191 -0.010402646 -0.000030230 0.002224249 0.999997497 0.559002936
0.999999166 0.001006291 0.000785226 -0.006735335 -0.001006209 0.999999464 -0.000104788 -0.011028362 -0.000785331 0.000103998 0.999999702 0.592598140
0.999998748 0.000873861 0.001315161 -0.007259634 -0.000878380 0.999993682 0.003439410 -0.011628711 -0.001312147 -0.003440561 0.999993205 0.626345575
0.999996841 -0.001325776 0.002129265 -0.007888374 0.001314991 0.999986351 0.005058336 -0.011987295 -0.002135942 -0.005055520 0.999984920 0.659867764
0.999985099 -0.005202390 0.001660118 -0.007976409 0.005196648 0.999980569 0.003444660 -0.012567011 -0.001678006 -0.003435982 0.999992669 0.693627656
0.999985814 -0.004924600 0.002042094 -0.008691448 0.004922039 0.999987125 0.001257479 -0.013184709 -0.002048260 -0.001247410 0.999997139 0.726721525
0.999976993 -0.006424901 0.002188861 -0.008509018 0.006427183 0.999978781 -0.001036996 -0.013816689 -0.002182152 0.001051040 0.999997079 0.761969149
0.999992788 -0.003306957 0.001852716 -0.008678751 0.003310171 0.999993026 -0.001734241 -0.014602109 -0.001846968 0.001740362 0.999996781 0.796883225
0.999992728 -0.002570697 0.002822964 -0.009028699 0.002581381 0.999989510 -0.003787721 -0.015139568 -0.002813197 0.003794980 0.999988854 0.830708861
0.999993920 -0.001841639 0.002960040 -0.009247506 0.001850723 0.999993563 -0.003068980 -0.015788363 -0.002954369 0.003074439 0.999990880 0.864168465
0.999995947 -0.001316100 0.002518683 -0.009447905 0.001321084 0.999997199 -0.001977887 -0.016731286 -0.002516073 0.001981206 0.999994874 0.899342477
0.999998391 -0.000430612 0.001753275 -0.009601145 0.000431010 0.999999881 -0.000227061 -0.017556295 -0.001753177 0.000227816 0.999998450 0.933643162
0.999993384 0.002655837 0.002488484 -0.010552891 -0.002655030 0.999996424 -0.000327189 -0.018049041 -0.002489344 0.000320580 0.999996841 0.968369722
0.999981225 0.005404347 0.002890414 -0.010914544 -0.005400965 0.999984741 -0.001176505 -0.018534828 -0.002896728 0.001160872 0.999995112 1.002376437
0.999968648 0.007450009 0.002682634 -0.011311171 -0.007448399 0.999972045 -0.000609572 -0.019275576 -0.002687101 0.000589572 0.999996245 1.037745595
0.999965250 0.008046891 0.002189137 -0.011413476 -0.008045733 0.999967515 -0.000536990 -0.019781740 -0.002193387 0.000519358 0.999997437 1.072727680
0.999971867 0.007207685 0.002089975 -0.011936095 -0.007206637 0.999973893 -0.000508129 -0.020773206 -0.002093583 0.000493053 0.999997675 1.106893897
0.999977589 0.006503921 0.001588906 -0.012262075 -0.006502639 0.999978542 -0.000810500 -0.021412063 -0.001594143 0.000800150 0.999998391 1.141394019
0.999985278 0.005426821 0.000211477 -0.012476899 -0.005426678 0.999985039 -0.000667030 -0.022200156 -0.000215093 0.000665872 0.999999762 1.176620245
0.999983907 0.005602323 -0.000917700 -0.012758071 -0.005601735 0.999984086 0.000642346 -0.022996660 0.000921284 -0.000637194 0.999999344 1.211817026
0.999981463 0.005759765 -0.001971887 -0.013180458 -0.005759695 0.999983430 0.000041548 -0.023616811 0.001972094 -0.000030189 0.999998033 1.246753812
0.999977827 0.006014804 -0.002865542 -0.013821797 -0.006015126 0.999981880 -0.000103807 -0.024060896 0.002864866 0.000121041 0.999995887 1.281316638
0.999977589 0.005348965 -0.004029130 -0.014213455 -0.005343339 0.999984741 0.001405683 -0.024969911 0.004036588 -0.001384122 0.999990880 1.317050219
0.999981761 0.003666575 -0.004799681 -0.014728777 -0.003653646 0.999989688 0.002699800 -0.025842790 0.004809530 -0.002682215 0.999984860 1.352247119
0.999983370 0.002369599 -0.005256940 -0.015242434 -0.002357455 0.999994516 0.002315153 -0.026140699 0.005262397 -0.002302722 0.999983490 1.388103247
0.999984205 0.000044258 -0.005618084 -0.015793135 -0.000035433 0.999998748 0.001570870 -0.026736991 0.005618146 -0.001570646 0.999983013 1.422764778
0.999979615 -0.001158210 -0.006276228 -0.016093060 0.001172580 0.999996722 0.002286452 -0.027568007 0.006273559 -0.002293764 0.999977708 1.458394885
0.999984980 -0.000055896 -0.005484963 -0.016921883 0.000067112 0.999997914 0.002044708 -0.027914098 0.005484838 -0.002045045 0.999982893 1.492743969
0.999971092 -0.005208334 -0.005538733 -0.017273845 0.005230739 0.999978185 0.004038397 -0.028847925 0.005517578 -0.004067252 0.999976516 1.528338432
0.999954760 -0.007465071 -0.005893211 -0.017050385 0.007486826 0.999965191 0.003678139 -0.029665129 0.005865549 -0.003722094 0.999975860 1.563562274
0.999950767 -0.008627017 -0.004907441 -0.018027086 0.008639901 0.999959290 0.002610413 -0.030135386 0.004884721 -0.002652684 0.999984562 1.598302722
0.999958932 -0.008074722 -0.004121488 -0.018782469 0.008084340 0.999964595 0.002322361 -0.030750042 0.004102590 -0.002355586 0.999988794 1.633502126
0.999973357 -0.006432898 -0.003443796 -0.019357041 0.006440938 0.999976516 0.002328877 -0.031551991 0.003428734 -0.002350996 0.999991357 1.667675138
0.999989808 -0.003050414 -0.003332589 -0.019849313 0.003061098 0.999990165 0.003205529 -0.032152649 0.003322778 -0.003215697 0.999989331 1.702961564
0.999997616 -0.000951757 -0.001977361 -0.020591814 0.000961317 0.999987841 0.004839705 -0.032800533 0.001972731 -0.004841594 0.999986351 1.736982107
0.999991715 0.003785448 -0.001483392 -0.021230465 -0.003777755 0.999979556 0.005154542 -0.033478465 0.001502874 -0.005148895 0.999985635 1.770636320
0.999967575 0.008041780 -0.000487499 -0.021957541 -0.008039505 0.999957561 0.004503122 -0.033842903 0.000523691 -0.004499056 0.999989748 1.806032896
0.999933422 0.011438947 -0.001526691 -0.019866100 -0.011432480 0.999925911 0.004179796 -0.034713581 0.001574391 -0.004162063 0.999990106 1.838175893
0.999919474 0.012680742 0.000466310 -0.022875942 -0.012682510 0.999911547 0.004007856 -0.035203427 -0.000415446 -0.004013448 0.999991834 1.874493837
0.999905348 0.013696081 0.001289794 -0.023493703 -0.013701052 0.999898434 0.003927416 -0.035596203 -0.001235873 -0.003944716 0.999991477 1.908321857
0.999923170 0.012359291 0.000978588 -0.023691786 -0.012362667 0.999917388 0.003522025 -0.036260314 -0.000934977 -0.003533853 0.999993324 1.943307996
0.999940157 0.010900528 0.000956691 -0.024048684 -0.010903297 0.999936223 0.002937898 -0.036942340 -0.000924606 -0.002948153 0.999995232 1.976570010
0.999952018 0.009788707 0.000365536 -0.024308281 -0.009789694 0.999948144 0.002804711 -0.037397653 -0.000338062 -0.002808155 0.999996006 2.010962725
0.999956131 0.009362950 0.000280329 -0.025259459 -0.009363905 0.999949574 0.003623425 -0.038297929 -0.000246389 -0.003625891 0.999993384 2.044701099
0.999957204 0.009248897 -0.000219491 -0.025347883 -0.009248254 0.999953389 0.002772121 -0.038771532 0.000245120 -0.002769972 0.999996126 2.078169346
0.999954522 0.009485290 -0.000969082 -0.025640246 -0.009482004 0.999949455 0.003341767 -0.039329801 0.001000730 -0.003332427 0.999993920 2.112429619
0.999958754 0.008828825 -0.002127355 -0.026351644 -0.008821133 0.999954641 0.003598581 -0.039810829 0.002159029 -0.003579667 0.999991238 2.146493435
0.999972999 0.006628416 -0.003170417 -0.026460255 -0.006613683 0.999967396 0.004635118 -0.040350080 0.003201037 -0.004614025 0.999984205 2.178925753
0.999981046 0.004276895 -0.004428187 -0.027585613 -0.004254449 0.999978125 0.005066110 -0.040975638 0.004449757 -0.005047175 0.999977350 2.214365959
0.999984264 0.002594134 -0.004979323 -0.027804621 -0.002569998 0.999984920 0.004847495 -0.041483894 0.004991822 -0.004834622 0.999975860 2.247843504
0.999981582 0.000494976 -0.006046995 -0.028076023 -0.000465064 0.999987662 0.004946944 -0.042202726 0.006049369 -0.004944041 0.999969482 2.280255556
0.999975085 -0.001146211 -0.006961755 -0.028723348 0.001174460 0.999991059 0.004054948 -0.042376474 0.006957045 -0.004063023 0.999967515 2.314231873
0.999978483 -0.000657833 -0.006526507 -0.029419037 0.000682774 0.999992490 0.003820074 -0.043227661 0.006523944 -0.003824448 0.999971390 2.347114086
0.999982834 0.000479769 -0.005841613 -0.030033352 -0.000464448 0.999996424 0.002623732 -0.043668523 0.005842851 -0.002620973 0.999979496 2.378896713
0.999980509 -0.000150309 -0.006240169 -0.030658146 0.000166830 0.999996483 0.002647164 -0.044345811 0.006239749 -0.002648154 0.999977052 2.412699461
0.999980986 0.001678149 -0.005930855 -0.031441253 -0.001661769 0.999994814 0.002765634 -0.045060534 0.005935465 -0.002755726 0.999978602 2.445010424
0.999980509 0.001060060 -0.006148241 -0.031638768 -0.001034196 0.999990582 0.004208333 -0.045433760 0.006152644 -0.004201893 0.999972224 2.478174686
0.999979317 0.003693494 -0.005269687 -0.032906618 -0.003663052 0.999976635 0.005774863 -0.046147183 0.005290893 -0.005755440 0.999969423 2.510842800
0.999981105 0.002234418 -0.005723709 -0.033064812 -0.002209528 0.999988079 0.004351256 -0.046820354 0.005733363 -0.004338527 0.999974132 2.542231083
0.999980032 0.001629774 -0.006101150 -0.033237245 -0.001616572 0.999996364 0.002168145 -0.047501639 0.006104661 -0.002158239 0.999979019 2.574556112
0.999981284 0.001136675 -0.006008560 -0.033908162 -0.001129668 0.999998689 0.001169379 -0.048081629 0.006009881 -0.001162570 0.999981284 2.606176853
0.999983430 -0.001874187 -0.005439656 -0.034652151 0.001886618 0.999995649 0.002280877 -0.048792329 0.005435357 -0.002291102 0.999982595 2.638306379
0.999978244 -0.003710115 -0.005458233 -0.035012301 0.003733268 0.999984026 0.004237858 -0.049295027 0.005442423 -0.004258142 0.999976099 2.670835018
0.999979913 -0.004402534 -0.004565465 -0.035477206 0.004424789 0.999978304 0.004876028 -0.049931899 0.004543899 -0.004896131 0.999977708 2.702862740
0.999977052 -0.005719339 -0.003638827 -0.036204718 0.005731436 0.999978065 0.003322562 -0.050412610 0.003619744 -0.003343342 0.999987841 2.734449863
0.999987960 -0.003825394 -0.003078950 -0.036811039 0.003828500 0.999992192 0.001003396 -0.050982960 0.003075088 -0.001015172 0.999994755 2.766629934
0.999997497 -0.001366950 -0.001759598 -0.037389480 0.001364714 0.999998271 -0.001271129 -0.051493071 0.001761333 0.001268724 0.999997616 2.798215389
0.999999523 0.000988595 0.000009231 -0.037987791 -0.000988583 0.999998868 -0.001145923 -0.052170157 -0.000010364 0.001145913 0.999999344 2.829344273
0.999994516 0.003043143 0.001313030 -0.038355578 -0.003043909 0.999995172 0.000581966 -0.052648518 -0.001311253 -0.000585960 0.999998987 2.861303329
0.999992967 0.002798001 0.002492834 -0.038876090 -0.002804244 0.999992907 0.002504308 -0.053198874 -0.002485809 -0.002511281 0.999993742 2.893198729
0.999993026 0.002266096 0.002977783 -0.039171591 -0.002276024 0.999991834 0.003334903 -0.053623028 -0.002970201 -0.003341658 0.999989986 2.924888134
0.999991357 0.001847929 0.003724470 -0.039464436 -0.001858643 0.999994159 0.002875013 -0.054004703 -0.003719135 -0.002881911 0.999988914 2.957151651
0.999975801 0.004332144 0.005445226 -0.039883975 -0.004343164 0.999988556 0.002013585 -0.054440893 -0.005436440 -0.002037186 0.999983132 2.988317966
0.999954164 0.006809327 0.006731525 -0.040806349 -0.006818295 0.999975920 0.001310275 -0.054992944 -0.006722440 -0.001356112 0.999976456 3.021690369
0.999951839 0.006610302 0.007253785 -0.040129371 -0.006617863 0.999977589 0.001018856 -0.055705901 -0.007246887 -0.001066811 0.999973178 3.052524805
0.999921739 0.008873091 0.008817106 -0.040626891 -0.008871119 0.999960601 -0.000262731 -0.056306876 -0.008819091 0.000184493 0.999961078 3.085023165
0.999927700 0.007192630 0.009635731 -0.040786009 -0.007191995 0.999974132 -0.000100573 -0.056873739 -0.009636205 0.000031266 0.999953568 3.115960836
0.999918461 0.007008237 0.010673421 -0.041234184 -0.007015676 0.999975145 0.000659746 -0.057262905 -0.010668533 -0.000734573 0.999942839 3.148729086
0.999924779 0.005270388 0.011074875 -0.040784054 -0.005293213 0.999983907 0.002032621 -0.058250148 -0.011063985 -0.002091090 0.999936581 3.179604769
0.999926448 0.004879087 0.011101473 -0.040581897 -0.004902577 0.999985814 0.002089707 -0.058797013 -0.011091120 -0.002143980 0.999936163 3.211883307
0.999930799 0.002456185 0.011503889 -0.040754028 -0.002485135 0.999993801 0.002502953 -0.059465408 -0.011497670 -0.002531369 0.999930680 3.243533850
0.999936283 0.001263919 0.011216121 -0.040794373 -0.001295512 0.999995232 0.002809955 -0.059936129 -0.011212516 -0.002824306 0.999933124 3.275396109
0.999943793 -0.000318564 0.010598963 -0.040761884 0.000289353 0.999996185 0.002757371 -0.060586859 -0.010599800 -0.002754149 0.999940038 3.307385683
0.999953866 -0.001523766 0.009481419 -0.040859941 0.001500498 0.999995828 0.002460705 -0.061005048 -0.009485128 -0.002446365 0.999952018 3.339579344
0.999959230 -0.002894311 0.008550553 -0.040869135 0.002866274 0.999990463 0.003289462 -0.061646134 -0.008559992 -0.003264819 0.999958038 3.371057272
0.999963939 -0.004395828 0.007268632 -0.040858712 0.004372784 0.999985397 0.003183203 -0.061963223 -0.007282518 -0.003151304 0.999968529 3.403089285
0.999970973 -0.004591586 0.006076636 -0.040939357 0.004569689 0.999983013 0.003612352 -0.062920712 -0.006093120 -0.003584479 0.999975026 3.435102940
0.999973416 -0.005243375 0.005062241 -0.041089859 0.005227205 0.999981225 0.003202193 -0.063497633 -0.005078936 -0.003175647 0.999982059 3.467096567
0.999981105 -0.004434443 0.004262462 -0.041493200 0.004423375 0.999986827 0.002602649 -0.063962027 -0.004273947 -0.002583745 0.999987543 3.498789787
0.999971032 -0.007009974 0.002971012 -0.041596297 0.007008607 0.999975324 0.000470059 -0.064647600 -0.002974234 -0.000449222 0.999995470 3.530815363
0.999927282 -0.011851833 0.002238316 -0.041802112 0.011852548 0.999929726 -0.000305972 -0.065140106 -0.002234532 0.000332480 0.999997437 3.562722445
0.999815583 -0.019144181 0.001520923 -0.041947432 0.019141151 0.999814808 0.001981935 -0.065681309 -0.001558584 -0.001952457 0.999996901 3.594128132
0.999671161 -0.025642881 -0.000081601 -0.042108174 0.025643010 0.999665499 0.003369437 -0.066257536 -0.000004828 -0.003370422 0.999994338 3.626902580
0.999553442 -0.029827259 -0.001806426 -0.041906640 0.029826954 0.999555051 -0.000195195 -0.066781089 0.001811445 0.000141227 0.999998331 3.658831358
0.999609411 -0.027932327 -0.000879821 -0.042507254 0.027929608 0.999605477 -0.002964666 -0.067498378 0.000962284 0.002938936 0.999995232 3.690933943
0.999689162 -0.024931112 0.000024011 -0.043054342 0.024930937 0.999677539 -0.004829681 -0.068535849 0.000096406 0.004828779 0.999988317 3.723330736
0.999702156 -0.024373908 0.001228938 -0.043630637 0.024379479 0.999691546 -0.004742984 -0.069193132 -0.001112953 0.004771532 0.999988019 3.754445314
0.999623120 -0.027428156 0.001135487 -0.043524515 0.027429901 0.999622524 -0.001550614 -0.069776431 -0.001092527 0.001581176 0.999998152 3.788117647
0.999457538 -0.032870844 0.002023183 -0.043904454 0.032867398 0.999458253 0.001712803 -0.070707604 -0.002078388 -0.001645377 0.999996483 3.818633795
0.999345183 -0.036119532 0.002152246 -0.043863609 0.036112968 0.999343157 0.003012988 -0.071451388 -0.002259661 -0.002933291 0.999993145 3.850799561
0.999287426 -0.037702184 0.001772197 -0.043887988 0.037697341 0.999285579 0.002690331 -0.071832396 -0.001872362 -0.002621606 0.999994814 3.883206606
0.999333560 -0.036408022 0.002629084 -0.044211797 0.036397725 0.999329925 0.003863744 -0.072663791 -0.002767993 -0.003765477 0.999989092 3.915132284
0.999478459 -0.032061148 0.003854720 -0.044436187 0.032052390 0.999483526 0.002313377 -0.072784074 -0.003926898 -0.002188617 0.999989867 3.947095633
0.999616385 -0.027140832 0.005521499 -0.045211736 0.027142560 0.999631524 -0.000238490 -0.073230423 -0.005512991 0.000388266 0.999984741 3.978563547
0.999654889 -0.025602115 0.005883398 -0.045213241 0.025603760 0.999672174 -0.000204551 -0.074140705 -0.005876233 0.000355117 0.999982655 4.011611462
0.999701977 -0.023616165 0.006187584 -0.045412816 0.023613062 0.999720991 0.000574177 -0.074625932 -0.006199417 -0.000427898 0.999980688 4.044143200
0.999742150 -0.021976771 0.005718778 -0.045527332 0.021973850 0.999758363 0.000572823 -0.075476319 -0.005729985 -0.000447011 0.999983490 4.076475143
0.999792516 -0.019572088 0.005640627 -0.045859229 0.019584339 0.999805927 -0.002125057 -0.076076746 -0.005597941 0.002235085 0.999981821 4.108921051
0.999859452 -0.016010195 0.004970850 -0.046132963 0.016032577 0.999861360 -0.004496020 -0.076930299 -0.004898179 0.004575084 0.999977529 4.141299248
0.999938786 -0.010031526 0.004663529 -0.046222284 0.010060118 0.999930501 -0.006148352 -0.077659175 -0.004601527 0.006194892 0.999970198 4.173525810
0.999969304 -0.005793388 0.005278931 -0.047017764 0.005819128 0.999971211 -0.004873708 -0.078385092 -0.005250544 0.004904277 0.999974191 4.206742764
0.999979198 -0.001996344 0.006130863 -0.047879402 0.002016901 0.999992371 -0.003348624 -0.079232536 -0.006124131 0.003360919 0.999975622 4.240380764
0.999979973 -0.002232355 0.005918210 -0.047627978 0.002237207 0.999997139 -0.000813315 -0.079875149 -0.005916378 0.000826539 0.999982178 4.272173882
0.999970734 -0.005940285 0.004820928 -0.047759004 0.005938809 0.999982297 0.000320322 -0.080476575 -0.004822745 -0.000291682 0.999988317 4.306146145
0.999960065 -0.008427396 0.002976027 -0.047748636 0.008426560 0.999964476 0.000293188 -0.081119165 -0.002978392 -0.000268098 0.999995530 4.338903904
0.999967873 -0.007889463 0.001400364 -0.048340693 0.007895360 0.999959767 -0.004256288 -0.081935376 -0.001366728 0.004267207 0.999989986 4.371987820
0.999975443 -0.007001726 -0.000305210 -0.048371688 0.006999066 0.999943614 -0.007985914 -0.082650945 0.000361108 0.007983581 0.999968052 4.404828072
0.999996841 -0.002321590 -0.000990450 -0.049563363 0.002312781 0.999958575 -0.008804696 -0.083514966 0.001010850 0.008802378 0.999960721 4.439157009
0.999998569 0.001315607 -0.001070151 -0.049659364 -0.001323820 0.999969363 -0.007711108 -0.084450871 0.001059973 0.007712514 0.999969721 4.471295357
0.999996006 0.002775470 -0.000559295 -0.050206088 -0.002777810 0.999987185 -0.004226007 -0.085069656 0.000547558 0.004227544 0.999990940 4.504568577
0.999991357 0.004129455 -0.000487264 -0.050525434 -0.004130557 0.999988854 -0.002282162 -0.086048663 0.000477834 0.002284155 0.999997258 4.537823200
0.999994934 0.003152288 -0.000503049 -0.050915238 -0.003152890 0.999994338 -0.001199818 -0.086933516 0.000499264 0.001201398 0.999999166 4.571428299
0.999998510 0.001675592 -0.000433984 -0.051202647 -0.001675992 0.999998152 -0.000924063 -0.087284438 0.000432435 0.000924789 0.999999464 4.604424477
0.999999762 -0.000622739 -0.000336715 -0.051412731 0.000622649 0.999999762 -0.000267101 -0.088073403 0.000336881 0.000266892 0.999999881 4.637196541
0.999992251 -0.003926251 -0.000303991 -0.051655415 0.003926189 0.999992251 -0.000205778 -0.088771857 0.000304796 0.000204583 0.999999940 4.672080517
0.999981403 -0.006099784 0.000080223 -0.052247338 0.006099731 0.999981165 0.000646055 -0.089409851 -0.000084162 -0.000645554 0.999999762 4.706289291
0.999940157 -0.010913081 0.000766809 -0.052360550 0.010911345 0.999937952 0.002231227 -0.089966513 -0.000791111 -0.002222726 0.999997199 4.739392281
0.999909997 -0.013358857 0.001230228 -0.052805398 0.013356332 0.999908745 0.002038849 -0.090565510 -0.001257352 -0.002022234 0.999997139 4.773612499
0.999929786 -0.011779568 0.001297993 -0.052968405 0.011782479 0.999928057 -0.002258294 -0.091121837 -0.001271298 0.002273429 0.999996603 4.806922436
0.999988973 -0.004032683 0.002398903 -0.053998396 0.004050705 0.999963224 -0.007555631 -0.091947041 -0.002368345 0.007565265 0.999968588 4.840908051
0.999980807 0.005169585 0.003417533 -0.054458674 -0.005145321 0.999961734 -0.007071014 -0.092858419 -0.003453956 0.007053294 0.999969184 4.873697758
0.999900937 0.013159221 0.004999010 -0.055349946 -0.013140070 0.999906301 -0.003844597 -0.093609132 -0.005049133 0.003778529 0.999980092 4.907314777
0.999890983 0.013851195 0.005109549 -0.055175167 -0.013843004 0.999902844 -0.001634964 -0.094240993 -0.005131699 0.001564055 0.999985635 4.942142010
0.999925256 0.011388903 0.004448612 -0.055276256 -0.011383872 0.999934554 -0.001154479 -0.094952621 -0.004461469 0.001103750 0.999989450 4.976807117
0.999955237 0.008828769 0.003406101 -0.055399608 -0.008824337 0.999960184 -0.001313732 -0.095593423 -0.003417564 0.001283617 0.999993324 5.010746479
0.999969482 0.007397901 0.002501910 -0.055756461 -0.007393778 0.999971271 -0.001653145 -0.096304983 -0.002514068 0.001634596 0.999995530 5.045603752
0.999971509 0.007304490 0.001906459 -0.055952195 -0.007299725 0.999970257 -0.002494394 -0.096915670 -0.001924622 0.002480406 0.999995053 5.079714298
0.999968052 0.007867720 0.001405275 -0.056157514 -0.007864782 0.999966919 -0.002084929 -0.097665347 -0.001421632 0.002073811 0.999996841 5.114974022
0.999950826 0.009716600 0.001986121 -0.056800451 -0.009713757 0.999951780 -0.001435903 -0.098299444 -0.001999977 0.001416540 0.999997020 5.149036884
0.999952734 0.009582085 0.001630842 -0.057058159 -0.009578289 0.999951422 -0.002319573 -0.098888509 -0.001652989 0.002303843 0.999996006 5.184066296
0.999956489 0.009244777 0.001238218 -0.057481200 -0.009240764 0.999952137 -0.003208333 -0.099702150 -0.001267819 0.003196751 0.999994099 5.219167709
0.999960482 0.008775999 0.001419715 -0.058439013 -0.008770417 0.999953985 -0.003891237 -0.100302488 -0.001453799 0.003878632 0.999991417 5.253981113
0.999958813 0.009053067 0.000611629 -0.057976194 -0.009050757 0.999952257 -0.003679795 -0.101167426 -0.000644913 0.003674108 0.999993026 5.288604259
0.999961436 0.008784658 0.000033787 -0.058201049 -0.008784482 0.999955058 -0.003562819 -0.102010533 -0.000065084 0.003562385 0.999993682 5.322964668
0.999956250 0.009344943 -0.000362230 -0.058560707 -0.009346267 0.999948919 -0.003846363 -0.102851339 0.000326268 0.003849581 0.999992549 5.359533310
0.999952555 0.009695743 -0.000951686 -0.058927719 -0.009699252 0.999945939 -0.003754683 -0.103871562 0.000915230 0.003763735 0.999992490 5.394666672
0.999950707 0.009879371 -0.000980216 -0.059632648 -0.009883577 0.999941528 -0.004382367 -0.104442544 0.000936863 0.004391839 0.999989927 5.429914474
0.999941051 0.010761897 -0.001453464 -0.060018845 -0.010768397 0.999931693 -0.004541253 -0.105153374 0.001404492 0.004556637 0.999988616 5.465453625
0.999955356 0.009339176 -0.001437477 -0.060598761 -0.009345853 0.999945223 -0.004710193 -0.105852842 0.001393409 0.004723417 0.999987900 5.500536919
0.999966264 0.008153704 -0.000965622 -0.061347082 -0.008158170 0.999955595 -0.004714223 -0.106742591 0.000927140 0.004721941 0.999988437 5.536320210
0.999975801 0.006824844 -0.001363072 -0.061480418 -0.006830919 0.999966502 -0.004502644 -0.107733600 0.001332297 0.004511846 0.999988914 5.571990013
0.999983788 0.005515977 -0.001424388 -0.061740171 -0.005521147 0.999978065 -0.003651839 -0.108789779 0.001404213 0.003659644 0.999992311 5.608314991
0.999985516 0.005335246 -0.000748046 -0.062961273 -0.005337775 0.999979913 -0.003420521 -0.109540395 0.000729782 0.003424464 0.999993861 5.643071651
0.999976039 0.006924746 -0.000135106 -0.063720837 -0.006925240 0.999967694 -0.004078549 -0.110402986 0.000106859 0.004079387 0.999991655 5.678997517
0.999980986 0.006151792 -0.000404038 -0.064020842 -0.006153530 0.999971151 -0.004449404 -0.111144394 0.000376654 0.004451806 0.999990046 5.714554787
0.999972165 0.007460882 -0.000215800 -0.064198069 -0.007461732 0.999963105 -0.004251653 -0.111643836 0.000184071 0.004253145 0.999990940 5.750109673
0.999972701 0.007391540 0.000145391 -0.064278908 -0.007391174 0.999969840 -0.002375211 -0.112227760 -0.000162943 0.002374072 0.999997139 5.785941601
0.999975383 0.006996589 0.000559707 -0.064797103 -0.006995623 0.999974072 -0.001710232 -0.113167532 -0.000571658 0.001706274 0.999998391 5.821686268
0.999973238 0.007192669 0.001356766 -0.065259390 -0.007188331 0.999969125 -0.003175159 -0.113865212 -0.001379562 0.003165321 0.999994040 5.857197762
0.999971986 0.007252345 0.001837071 -0.065778270 -0.007244000 0.999963582 -0.004509339 -0.114862606 -0.001869707 0.004495905 0.999988139 5.892743111
0.999968588 0.007736196 0.001714169 -0.066037409 -0.007729780 0.999963224 -0.003718385 -0.115890115 -0.001742872 0.003705018 0.999991596 5.929008007
0.999974668 0.006904995 0.001719291 -0.066458240 -0.006900410 0.999972641 -0.002658689 -0.116722055 -0.001737602 0.002646758 0.999994993 5.964792728
0.999971807 0.007331617 0.001617924 -0.066830903 -0.007328661 0.999971449 -0.001825761 -0.117741719 -0.001631264 0.001813852 0.999997020 6.000727177
0.999971032 0.007444241 0.001575042 -0.067393236 -0.007440909 0.999970078 -0.002111027 -0.118295901 -0.001590710 0.002099246 0.999996543 6.036442757
0.999958456 0.008989659 0.001525459 -0.067891449 -0.008986121 0.999956965 -0.002310104 -0.118978545 -0.001546161 0.002296300 0.999996185 6.072512627
0.999952972 0.009574481 0.001558349 -0.068084754 -0.009571837 0.999952734 -0.001695834 -0.119910955 -0.001574512 0.001680838 0.999997377 6.108157158
0.999943376 0.010344638 0.002496351 -0.069067888 -0.010338601 0.999943614 -0.002419617 -0.120198749 -0.002521240 0.002393672 0.999993980 6.144232273
0.999969065 0.007665771 0.001769420 -0.069187216 -0.007663583 0.999969840 -0.001239672 -0.121314399 -0.001778870 0.001226073 0.999997675 6.180313110
0.999979198 0.005790400 0.002840531 -0.070111990 -0.005786200 0.999982178 -0.001484644 -0.121577732 -0.002849077 0.001468177 0.999994874 6.216545105
0.999991119 0.003753546 0.001920744 -0.070049770 -0.003753267 0.999992967 -0.000148861 -0.122607522 -0.001921289 0.000141651 0.999998152 6.252810001
0.999997795 0.001096069 0.001775319 -0.070538104 -0.001094825 0.999999166 -0.000701923 -0.123326778 -0.001776087 0.000699978 0.999998152 6.289030552
0.999999225 0.000359609 0.001212485 -0.070802033 -0.000357297 0.999998093 -0.001906891 -0.123910733 -0.001213169 0.001906457 0.999997437 6.325034142
0.999997377 -0.002045953 0.001016020 -0.070765719 0.002045730 0.999997854 0.000220610 -0.124774739 -0.001016470 -0.000218531 0.999999464 6.361197948
0.999990702 -0.003820243 0.002009975 -0.071458310 0.003816326 0.999990821 0.001949291 -0.125514537 -0.002017404 -0.001941602 0.999996066 6.397092342
0.999985099 -0.004755252 0.002689184 -0.072082005 0.004752578 0.999988198 0.000999703 -0.126176342 -0.002693907 -0.000986908 0.999995887 6.432553291
0.999981225 -0.005583244 0.002515137 -0.071915701 0.005582950 0.999984384 0.000123979 -0.126767963 -0.002515790 -0.000109935 0.999996841 6.469376564
0.999981582 -0.004526390 0.004045465 -0.072634235 0.004528647 0.999989569 -0.000548936 -0.127501160 -0.004042938 0.000567247 0.999991655 6.505305767
0.999988675 -0.001969438 0.004330989 -0.072734378 0.001972283 0.999997854 -0.000652743 -0.127961606 -0.004329694 0.000661278 0.999990404 6.541943073
0.999987423 -0.000474222 0.004986961 -0.072943076 0.000477855 0.999999642 -0.000727237 -0.128893137 -0.004986614 0.000729611 0.999987304 6.578281879
0.999981463 0.000907527 0.006017375 -0.073235407 -0.000901183 0.999999046 -0.001056801 -0.129665151 -0.006018328 0.001051358 0.999981344 6.614551067
0.999974668 0.001903468 0.006854340 -0.073452860 -0.001891421 0.999996662 -0.001763744 -0.130307123 -0.006857675 0.001750735 0.999974966 6.650532246
0.999961555 0.003167733 0.008172957 -0.073786922 -0.003153674 0.999993503 -0.001732397 -0.131420717 -0.008178391 0.001706556 0.999965072 6.686055660
0.999957681 0.001692050 0.009043993 -0.073984288 -0.001671599 0.999996006 -0.002268321 -0.132167563 -0.009047795 0.002253107 0.999956548 6.722376347
0.999952853 0.001008644 0.009659003 -0.074042067 -0.000988678 0.999997377 -0.002071645 -0.132774621 -0.009661067 0.002061997 0.999951184 6.758664608
0.999945521 0.000212308 0.010435569 -0.074085928 -0.000200524 0.999999344 -0.001130265 -0.133488402 -0.010435802 0.001128111 0.999944925 6.794512749
0.999941766 -0.000528914 0.010776625 -0.074183822 0.000537717 0.999999523 -0.000813907 -0.134259045 -0.010776189 0.000819655 0.999941587 6.830225945
0.999936402 -0.000838174 0.011245002 -0.074461609 0.000879696 0.999992788 -0.003688055 -0.134713784 -0.011241830 0.003697713 0.999929965 6.866236687
0.999942899 -0.002922084 0.010279859 -0.074090406 0.002977333 0.999981165 -0.005363365 -0.135862425 -0.010263993 0.005393665 0.999932766 6.902761459
0.999950588 -0.001654343 0.009805161 -0.074301787 0.001708530 0.999983311 -0.005520518 -0.136637196 -0.009795864 0.005536997 0.999936700 6.938943863
0.999953985 -0.003171122 0.009052360 -0.074387625 0.003223738 0.999977946 -0.005803682 -0.137388110 -0.009033756 0.005832598 0.999942183 6.975224495
0.999960482 -0.004177139 0.007845257 -0.074506141 0.004227024 0.999970913 -0.006352842 -0.138106465 -0.007818492 0.006385753 0.999949038 7.011327267
0.999962747 -0.004922202 0.007093129 -0.074668720 0.004968734 0.999966145 -0.006557439 -0.138947323 -0.007060612 0.006592439 0.999953330 7.047921658
0.999972582 -0.002318323 0.007034502 -0.075113930 0.002359780 0.999979854 -0.005890775 -0.140243724 -0.007020703 0.005907213 0.999957919 7.083301067
0.999971092 -0.004139153 0.006378581 -0.075240627 0.004174354 0.999976099 -0.005515367 -0.140848383 -0.006355600 0.005541835 0.999964476 7.116871357
0.999982357 -0.002951388 0.005154952 -0.075831942 0.002974954 0.999985158 -0.004569910 -0.141901985 -0.005141388 0.004585165 0.999976277 7.154030800
0.999986947 -0.001073420 0.004994859 -0.076183885 0.001092690 0.999991953 -0.003856828 -0.142293334 -0.004990679 0.003862235 0.999980092 7.190192223
0.999984443 -0.000851136 0.005509630 -0.076737687 0.000868163 0.999994874 -0.003088672 -0.143484309 -0.005506973 0.003093407 0.999980032 7.225537777
0.999980867 -0.000503001 0.006160641 -0.076817550 0.000520506 0.999995828 -0.002840182 -0.144496292 -0.006159186 0.002843334 0.999976993 7.260179996
0.999978364 -0.001678249 0.006363457 -0.077004761 0.001702204 0.999991477 -0.003760922 -0.144633964 -0.006357091 0.003771672 0.999972701 7.297590733
0.999969542 -0.004511963 0.006363792 -0.076967381 0.004542506 0.999978185 -0.004793337 -0.145469606 -0.006342026 0.004822099 0.999968290 7.333684444
0.999962389 -0.004914679 0.007148145 -0.077476926 0.004961584 0.999966204 -0.006559070 -0.146436721 -0.007115667 0.006594290 0.999952912 7.370572090
0.999957979 -0.006109167 0.006832984 -0.077702850 0.006159846 0.999953508 -0.007420599 -0.147413105 -0.006787333 0.007462377 0.999949098 7.407789230
0.999974549 -0.005394334 0.004674584 -0.077891424 0.005432381 0.999951899 -0.008165117 -0.148454145 -0.004630314 0.008190303 0.999955714 7.444135666
0.999988139 -0.003970100 0.002826835 -0.078442402 0.003992136 0.999961376 -0.007832971 -0.149140000 -0.002795629 0.007844163 0.999965310 7.481799603
0.999990463 -0.003399683 0.002741014 -0.078969203 0.003410817 0.999985933 -0.004067566 -0.150287628 -0.002727147 0.004076876 0.999987960 7.518373489
0.999987364 -0.004030054 0.003003762 -0.079134971 0.004034583 0.999990761 -0.001502905 -0.150993749 -0.002997678 0.001515005 0.999994338 7.556953430
0.999983847 -0.004665103 0.003238900 -0.079495512 0.004668632 0.999988496 -0.001082634 -0.151636183 -0.003233813 0.001097738 0.999994159 7.594713211
0.999975145 -0.006186528 0.003386190 -0.079742469 0.006193543 0.999978662 -0.002065242 -0.152495399 -0.003373341 0.002086163 0.999992132 7.631602764
0.999971211 -0.006605285 0.003729416 -0.079981305 0.006614489 0.999975085 -0.002460996 -0.153243929 -0.003713067 0.002485594 0.999990046 7.670604706
0.999969721 -0.006579291 0.004162443 -0.080427110 0.006588562 0.999975860 -0.002217600 -0.154105261 -0.004147753 0.002244957 0.999988854 7.707951546
0.999968529 -0.006408446 0.004681277 -0.080632612 0.006419025 0.999976873 -0.002248211 -0.154972523 -0.004666761 0.002278189 0.999986529 7.745703220
0.999975383 -0.004740762 0.005168761 -0.081028529 0.004757753 0.999983311 -0.003280021 -0.155830652 -0.005153125 0.003304532 0.999981284 7.783464909
0.999974489 -0.003898976 0.005987970 -0.081371911 0.003921346 0.999985337 -0.003728690 -0.156811059 -0.005973344 0.003752075 0.999975145 7.820767879
0.999961615 -0.005682914 0.006668790 -0.081600979 0.005693097 0.999982655 -0.001508997 -0.157746285 -0.006660099 0.001546905 0.999976635 7.858141422
0.999954283 -0.006256177 0.007234064 -0.082129270 0.006261412 0.999980152 -0.000701269 -0.158457711 -0.007229534 0.000746533 0.999973595 7.894984722
0.999946415 -0.007837700 0.006758655 -0.081799962 0.007851656 0.999967098 -0.002040833 -0.159241945 -0.006742437 0.002093791 0.999975085 7.932908535
0.999958336 -0.006254891 0.006652112 -0.081864953 0.006268567 0.999978304 -0.002037060 -0.160087362 -0.006639226 0.002078674 0.999975801 7.970588207
0.999968529 -0.004787518 0.006330485 -0.082129642 0.004813727 0.999979854 -0.004131271 -0.160894379 -0.006310579 0.004161614 0.999971449 8.008012772
0.999980330 -0.002838957 0.005591073 -0.082261086 0.002878617 0.999970675 -0.007098221 -0.161895320 -0.005570758 0.007114176 0.999959171 8.045329094
0.999986827 -0.001791105 0.004810253 -0.082450010 0.001821867 0.999977887 -0.006398362 -0.163046584 -0.004798687 0.006407042 0.999967933 8.082601547
0.999993145 -0.001210431 0.003498710 -0.082603566 0.001221002 0.999994695 -0.003020736 -0.163935125 -0.003495035 0.003024987 0.999989331 8.119997025
0.999996781 -0.000130217 0.002523414 -0.083050057 0.000131112 0.999999940 -0.000354568 -0.164755985 -0.002523368 0.000354897 0.999996781 8.157098770
0.999999106 0.000168954 0.001332821 -0.083428569 -0.000166927 0.999998808 -0.001520352 -0.165541142 -0.001333077 0.001520128 0.999997973 8.194089890
0.999999881 -0.000288371 -0.000393051 -0.083879590 0.000287204 0.999995530 -0.002967559 -0.166435942 0.000393905 0.002967445 0.999995530 8.230897903
0.999995649 -0.001639104 -0.002441807 -0.084160075 0.001634969 0.999997199 -0.001694604 -0.167311087 0.002444578 0.001690605 0.999995589 8.268053055
0.999988139 -0.003360825 -0.003527194 -0.084558487 0.003356809 0.999993682 -0.001143971 -0.168154940 0.003531017 0.001132117 0.999993145 8.304940224
0.999985516 -0.003648396 -0.003952117 -0.085083574 0.003641213 0.999991715 -0.001823138 -0.169030979 0.003958736 0.001808721 0.999990523 8.342144012
0.999982297 -0.004372110 -0.004037644 -0.085748367 0.004360075 0.999986053 -0.002984743 -0.169737577 0.004050638 0.002967086 0.999987423 8.379011154
0.999980867 -0.004541004 -0.004207295 -0.086290516 0.004527926 0.999984920 -0.003112552 -0.170576960 0.004221365 0.003093442 0.999986291 8.415908813
0.999976218 -0.005409556 -0.004272921 -0.086761296 0.005396966 0.999981105 -0.002952582 -0.171552896 0.004288813 0.002929450 0.999986529 8.452897072
0.999975443 -0.005277390 -0.004612803 -0.087182067 0.005261463 0.999980152 -0.003458095 -0.172585532 0.004630961 0.003433740 0.999983370 8.489661217
0.999971747 -0.006091282 -0.004406607 -0.087873273 0.006073567 0.999973476 -0.004022527 -0.173430711 0.004430993 0.003995650 0.999982178 8.526618004
0.999967873 -0.006792696 -0.004250689 -0.088454992 0.006777059 0.999970257 -0.003682314 -0.174401700 0.004275576 0.003653388 0.999984205 8.563573837
0.999972045 -0.006121519 -0.004293079 -0.088947505 0.006101895 0.999970973 -0.004569282 -0.175235555 0.004320926 0.004542958 0.999980330 8.600215912
0.999960244 -0.007873388 -0.004186819 -0.089603499 0.007848687 0.999951899 -0.005883956 -0.176172763 0.004232944 0.005850861 0.999973953 8.637174606
0.999947906 -0.009318260 -0.004163131 -0.090045184 0.009301251 0.999948382 -0.004086521 -0.177128837 0.004200995 0.004047585 0.999983013 8.673724174
0.999934494 -0.010765756 -0.003888244 -0.090735376 0.010752951 0.999936759 -0.003299108 -0.177999362 0.003923515 0.003257082 0.999987006 8.710892677
0.999926925 -0.011452040 -0.003871592 -0.091201752 0.011434866 0.999924839 -0.004429359 -0.178792700 0.003922027 0.004384764 0.999982715 8.747719765
0.999939084 -0.010369271 -0.003786848 -0.091711476 0.010351413 0.999935329 -0.004705531 -0.179729387 0.003835396 0.004666045 0.999981761 8.784510612
0.999956965 -0.008686263 -0.003260633 -0.092357703 0.008672886 0.999953985 -0.004094732 -0.180581018 0.003296051 0.004066277 0.999986291 8.821346283
0.999968588 -0.007370367 -0.002920797 -0.092987314 0.007360672 0.999967396 -0.003316348 -0.181386292 0.002945145 0.003294745 0.999990225 8.858037949
0.999970555 -0.007244949 -0.002524194 -0.093509465 0.007236209 0.999967873 -0.003454824 -0.182315037 0.002549143 0.003436456 0.999990821 8.894909859
0.999971092 -0.007323539 -0.002034702 -0.094155930 0.007314506 0.999963522 -0.004411948 -0.183139816 0.002066939 0.004396937 0.999988198 8.931811333
0.999972284 -0.007125037 -0.002159115 -0.094580427 0.007114475 0.999962866 -0.004860365 -0.183932766 0.002193665 0.004844869 0.999985874 8.968837738
0.999979198 -0.006192024 -0.001821631 -0.095161207 0.006182622 0.999967754 -0.005122754 -0.184815928 0.001853293 0.005111385 0.999985218 9.005907059
0.999987066 -0.004924655 -0.001251389 -0.095825046 0.004918226 0.999974966 -0.005089965 -0.185709462 0.001276424 0.005083745 0.999986291 9.042807579
0.999997079 -0.002381201 0.000419530 -0.097290158 0.002383203 0.999985456 -0.004836108 -0.186632365 -0.000408008 0.004837093 0.999988198 9.079854012
0.999997437 -0.002037810 -0.000999258 -0.096670873 0.002032234 0.999982536 -0.005549095 -0.187280625 0.001010549 0.005547049 0.999984086 9.116352081
0.999999404 -0.000993871 -0.000489093 -0.097153783 0.000990820 0.999980271 -0.006200084 -0.188150570 0.000495246 0.006199596 0.999980688 9.152877808
0.999999881 0.000372720 -0.000240129 -0.097580068 -0.000374266 0.999979019 -0.006470083 -0.188988000 0.000237712 0.006470172 0.999979019 9.188623428
0.999998510 0.001720625 0.000233641 -0.098118462 -0.001719361 0.999984443 -0.005306472 -0.189976305 -0.000242768 0.005306062 0.999985874 9.224800110
0.999995112 0.002982386 0.000911687 -0.098677710 -0.002977352 0.999980569 -0.005474525 -0.190766588 -0.000927996 0.005471784 0.999984622 9.261247635
