0.999994338 -0.002182043 -0.002560637 -0.000596586 0.002176130 0.999994993 -0.002309601 -0.000974943 0.002565664 0.002304015 0.999994040 0.042634845
0.999986768 -0.002590082 -0.004442297 -0.000983470 0.002574113 0.999990225 -0.003596869 -0.001551205 0.004451570 0.003585386 0.999983668 0.063932776
0.999970376 -0.004566749 -0.006195411 -0.001306968 0.004533628 0.999975443 -0.005349614 -0.002072534 0.006219689 0.005321368 0.999966502 0.088219881
0.999942064 -0.006943140 -0.008227413 -0.001435971 0.006884026 0.999950469 -0.007191584 -0.002581493 0.008276938 0.007134529 0.999940276 0.106562905
0.999922693 -0.008033232 -0.009492923 -0.001929154 0.007955810 0.999935031 -0.008165538 -0.002950274 0.009557901 0.008089383 0.999921620 0.129809141
0.999906659 -0.008317172 -0.010841195 -0.002447074 0.008238380 0.999939501 -0.007292286 -0.003598251 0.010901189 0.007202292 0.999914646 0.150197253
0.999883771 -0.008847718 -0.012416801 -0.002723987 0.008753182 0.999932468 -0.007647307 -0.004266843 0.012483624 0.007537731 0.999893665 0.174413264
0.999878228 -0.008093332 -0.013342937 -0.003357751 0.007954806 0.999914229 -0.010402486 -0.004843705 0.013425984 0.010295078 0.999856889 0.194997296
0.999870718 -0.006316898 -0.014786596 -0.003884137 0.006104310 0.999877989 -0.014378325 -0.005430801 0.014875619 0.014286204 0.999787271 0.219148889
0.999862432 -0.004937784 -0.015833274 -0.004889014 0.004653458 0.999828160 -0.017944319 -0.005998658 0.015919158 0.017868172 0.999713600 0.241034865
0.999853253 -0.003184172 -0.016832039 -0.005896650 0.002878641 0.999831200 -0.018144930 -0.006491536 0.016886974 0.018093815 0.999693692 0.266225725
0.999836028 -0.000786553 -0.018091379 -0.006652411 0.000585114 0.999937832 -0.011137154 -0.007172675 0.018099014 0.011124742 0.999774337 0.292124957
0.999822974 -0.000089157 -0.018814899 -0.007326277 0.000075363 0.999999702 -0.000733833 -0.007819631 0.018814960 0.000732285 0.999822736 0.314437062
0.999809027 0.000922824 -0.019521765 -0.008258261 -0.000811411 0.999983370 0.005714232 -0.008292241 0.019526713 -0.005697301 0.999793112 0.340154767
0.999782860 0.003235582 -0.020586113 -0.009320637 -0.003139335 0.999984026 0.004705918 -0.008903708 0.020601010 -0.004640269 0.999777019 0.365979970
0.999755323 0.005224205 -0.021493586 -0.010336139 -0.005277462 0.999983132 -0.002421849 -0.009289357 0.021480571 0.002534688 0.999766052 0.392327547
0.999737859 0.005088088 -0.022323508 -0.011436608 -0.005269155 0.999953628 -0.008059740 -0.009538298 0.022281464 0.008175253 0.999718308 0.419407576
0.999712169 0.002303291 -0.023881467 -0.012129084 -0.002475637 0.999971092 -0.007189694 -0.009318464 0.023864217 0.007246746 0.999688923 0.448755175
0.999700308 0.001787084 -0.024415955 -0.012893646 -0.001729798 0.999995708 0.002367176 -0.010051533 0.024420081 -0.002324232 0.999699056 0.476293236
0.999694169 0.001323114 -0.024694327 -0.014072520 -0.001077063 0.999949694 0.009974498 -0.010452302 0.024706282 -0.009944851 0.999645293 0.507326841
0.999684989 0.000269278 -0.025096320 -0.015187073 0.000041885 0.999923170 0.012397401 -0.010709911 0.025097730 -0.012394547 0.999608159 0.535718501
0.999678850 -0.001337391 -0.025305551 -0.016181115 0.001621542 0.999935806 0.011211602 -0.010782559 0.025288932 -0.011249036 0.999616921 0.567690194
0.999689639 -0.002055169 -0.024828475 -0.017073095 0.002272308 0.999959409 0.008720515 -0.010641974 0.024809545 -0.008774227 0.999653697 0.597178936
0.999704659 0.000295812 -0.024299756 -0.018216666 -0.000176129 0.999987841 0.004927271 -0.010536068 0.024300918 -0.004921535 0.999692559 0.630454421
0.999716163 -0.002403672 -0.023701444 -0.019170800 0.002402883 0.999997139 -0.000061756 -0.011249305 0.023701524 0.000004786 0.999719083 0.661367476
0.999719620 -0.005407574 -0.023051733 -0.019889990 0.005258385 0.999964893 -0.006527649 -0.011433891 0.023086222 0.006404604 0.999712944 0.695683002
0.999759555 -0.003950770 -0.021568449 -0.021430094 0.003700639 0.999925554 -0.011624700 -0.012252768 0.021612771 0.011542088 0.999699771 0.728377402
0.999753177 -0.002471127 -0.022078730 -0.022187017 0.002204065 0.999924242 -0.012112052 -0.013041050 0.022106986 0.012060399 0.999682844 0.763749957
0.999758303 -0.002438892 -0.021849411 -0.023807792 0.002180075 0.999927282 -0.011861474 -0.013912676 0.021876751 0.011810974 0.999690890 0.798312247
0.999759376 -0.001178118 -0.021904467 -0.024998076 0.000890111 0.999913096 -0.013153431 -0.014905756 0.021918058 0.013130768 0.999673545 0.835349023
0.999765813 0.001680457 -0.021574164 -0.026545456 -0.002011070 0.999880731 -0.015311996 -0.015818086 0.021545859 0.015351798 0.999650002 0.870034873
0.999751866 0.005379844 -0.021615427 -0.027770810 -0.005722464 0.999858499 -0.015820226 -0.016989587 0.021527257 0.015939994 0.999641180 0.907567620
0.999741495 0.006866315 -0.021675376 -0.029257471 -0.007211249 0.999847949 -0.015875770 -0.018038010 0.021563072 0.016027974 0.999638975 0.943127692
0.999739230 0.007855203 -0.021442607 -0.031049622 -0.008197760 0.999839425 -0.015934687 -0.019419823 0.021313995 0.016106313 0.999643087 0.982064366
0.999727070 0.008302610 -0.021837350 -0.031879671 -0.008645882 0.999839783 -0.015672328 -0.020491008 0.021703731 0.015856855 0.999638677 1.017903090
0.999703169 0.009358360 -0.022494296 -0.032870378 -0.009674438 0.999855399 -0.013983991 -0.022173064 0.022360176 0.014197459 0.999649167 1.057144761
0.999689519 0.009980179 -0.022831436 -0.034282528 -0.010267911 0.999868929 -0.012520107 -0.022933966 0.022703489 0.012750650 0.999660909 1.093888640
0.999671876 0.010734892 -0.023256520 -0.035542324 -0.010997273 0.999876976 -0.011183641 -0.024239540 0.023133604 0.011435729 0.999666989 1.133577347
0.999668121 0.010842878 -0.023367776 -0.036888007 -0.011137857 0.999859452 -0.012530324 -0.025085023 0.023228627 0.012786432 0.999648392 1.171008348
0.999645174 0.012061277 -0.023750428 -0.037930362 -0.012393394 0.999826789 -0.013886439 -0.025900422 0.023578826 0.014175859 0.999621451 1.210462928
0.999638021 0.011700273 -0.024226340 -0.039609421 -0.012009777 0.999847591 -0.012669719 -0.027302705 0.024074407 0.012956086 0.999626219 1.249072433
0.999639392 0.010696727 -0.024631631 -0.041046664 -0.010952115 0.999887407 -0.010256847 -0.028300928 0.024519144 0.010522916 0.999643981 1.289630651
0.999625802 0.011379802 -0.024875425 -0.042760760 -0.011542329 0.999912918 -0.006399843 -0.029400218 0.024800429 0.006684569 0.999670088 1.328621864
0.999606729 0.010581018 -0.025970513 -0.043966532 -0.010684946 0.999935448 -0.003866221 -0.030470137 0.025927927 0.004142194 0.999655247 1.369498849
0.999601603 0.011145010 -0.025930127 -0.045713961 -0.011233839 0.999931514 -0.003282582 -0.031459272 0.025891766 0.003572569 0.999658346 1.409197807
0.999594152 0.010596756 -0.026444251 -0.047038428 -0.010735654 0.999929309 -0.005116056 -0.032032091 0.026388166 0.005397875 0.999637187 1.450642228
0.999565065 0.011275570 -0.027249802 -0.048615105 -0.011429577 0.999919534 -0.005502519 -0.033062816 0.027185565 0.005811580 0.999613523 1.490446806
0.999546766 0.011145832 -0.027964115 -0.049933873 -0.011283052 0.999925017 -0.004754021 -0.033638522 0.027909031 0.005067387 0.999597609 1.531666398
0.999530375 0.010939281 -0.028624406 -0.051807106 -0.011011941 0.999936521 -0.002382013 -0.034844674 0.028596532 0.002696105 0.999587417 1.571842432
0.999510646 0.010958939 -0.029296994 -0.053341083 -0.010964270 0.999939919 -0.000021309 -0.035703380 0.029295001 0.000342519 0.999570727 1.613413334
0.999484241 0.012158520 -0.029722039 -0.055058364 -0.012164928 0.999926031 -0.000034799 -0.036726255 0.029719416 0.000396348 0.999558210 1.653176904
0.999454319 0.013869793 -0.029978560 -0.056895602 -0.013984979 0.999895573 -0.003636027 -0.037834827 0.029924998 0.004053292 0.999543905 1.694468379
0.999443114 0.014597331 -0.030007157 -0.058696654 -0.014837137 0.999859631 -0.007784575 -0.038500078 0.029889310 0.008225461 0.999519348 1.734343767
0.999440432 0.015159493 -0.029815735 -0.060518540 -0.015415000 0.999846220 -0.008358411 -0.039338849 0.029684443 0.008813343 0.999520481 1.775794625
0.999438465 0.015367744 -0.029775236 -0.062276125 -0.015528414 0.999866068 -0.005172381 -0.040757544 0.029691759 0.005631839 0.999543250 1.816108108
0.999445736 0.015685443 -0.029363040 -0.063970104 -0.015765557 0.999872565 -0.002498863 -0.042059362 0.029320104 0.002960403 0.999565661 1.857467294
0.999450445 0.014651234 -0.029735109 -0.065400705 -0.014709929 0.999890268 -0.001756100 -0.042798817 0.029706117 0.002192536 0.999556243 1.898338318
0.999477983 0.015262532 -0.028475700 -0.067599222 -0.015343803 0.999878824 -0.002637724 -0.044104699 0.028431991 0.003073272 0.999590993 1.939928412
0.999479771 0.013559567 -0.029262960 -0.068838246 -0.013709809 0.999893844 -0.004939680 -0.044374775 0.029192874 0.005338300 0.999559522 1.980433106
0.999498844 0.013991539 -0.028395195 -0.070331976 -0.014200645 0.999873400 -0.007175837 -0.045521259 0.028291199 0.007575470 0.999571025 2.020968437
0.999502003 0.012876257 -0.028809395 -0.071943633 -0.013145194 0.999871612 -0.009165203 -0.046795737 0.028687682 0.009539343 0.999542892 2.061719894
0.999523580 0.011513162 -0.028637085 -0.073192015 -0.011879340 0.999849439 -0.012649716 -0.047771495 0.028487135 0.012983879 0.999509811 2.102435589
0.999543071 0.009831071 -0.028583888 -0.074835368 -0.010234917 0.999849379 -0.014016641 -0.049321938 0.028441785 0.014302790 0.999493122 2.143168449
0.999561667 0.007905936 -0.028529488 -0.076252460 -0.008260300 0.999889910 -0.012324572 -0.050327066 0.028428910 0.012554832 0.999516964 2.184335470
0.999579310 0.006943314 -0.028160786 -0.077994302 -0.007119998 0.999955535 -0.006178672 -0.051694591 0.028116634 0.006376578 0.999584317 2.225404024
0.999588430 0.005698662 -0.028115856 -0.079235636 -0.005710654 0.999983609 -0.000346260 -0.052659202 0.028113423 0.000506678 0.999604583 2.266680241
0.999604225 0.003272593 -0.027941728 -0.080633186 -0.003253818 0.999994457 0.000717351 -0.053748570 0.027943920 -0.000626149 0.999609292 2.307263851
0.999625385 0.000403473 -0.027366769 -0.082548723 -0.000480523 0.999995947 -0.002808928 -0.054129422 0.027365524 0.002821026 0.999621511 2.348482847
0.999613583 -0.001129406 -0.027773984 -0.083225086 0.000962196 0.999981344 -0.006033001 -0.055112433 0.027780280 0.006003946 0.999596000 2.389275074
0.999611914 0.001186862 -0.027831849 -0.085004196 -0.001472292 0.999946535 -0.010237275 -0.056029972 0.027818209 0.010274278 0.999560177 2.429111004
0.999622703 0.002395737 -0.027363550 -0.086987257 -0.002787332 0.999894142 -0.014281656 -0.057160188 0.027326439 0.014352539 0.999523520 2.470452070
0.999629736 0.004851808 -0.026774717 -0.088578828 -0.005254654 0.999873757 -0.014995985 -0.058463205 0.026698580 0.015131124 0.999529004 2.511003733
0.999620438 0.008817731 -0.026101230 -0.090327814 -0.009120812 0.999892116 -0.011515520 -0.059648648 0.025996873 0.011749213 0.999592960 2.552247524
0.999602079 0.010473332 -0.026190607 -0.091045402 -0.010727298 0.999896586 -0.009575179 -0.060814492 0.026087614 0.009852324 0.999611080 2.592089415
0.999604940 0.009805210 -0.026339903 -0.092866793 -0.010040544 0.999910712 -0.008817161 -0.061865188 0.026251098 0.009078145 0.999614179 2.632960796
0.999612153 0.008028505 -0.026667275 -0.094193354 -0.008238444 0.999935865 -0.007772019 -0.063533403 0.026603166 0.007988701 0.999614179 2.674504042
0.999605298 0.006997581 -0.027207181 -0.095259011 -0.007166867 0.999955535 -0.006129600 -0.064413033 0.027163079 0.006322171 0.999611020 2.714094639
0.999617279 0.005490757 -0.027113741 -0.097311012 -0.005619809 0.999973238 -0.004685747 -0.065413892 0.027087286 0.004836327 0.999621391 2.756560087
0.999595046 0.004037589 -0.028168118 -0.098529942 -0.004124419 0.999986947 -0.003025118 -0.066563576 0.028155535 0.003140070 0.999598622 2.796793461
0.999578714 0.003709480 -0.028787026 -0.099993668 -0.003836315 0.999983191 -0.004352008 -0.067684330 0.028770398 0.004460611 0.999576092 2.837686062
0.999576867 0.004016127 -0.028809255 -0.102116108 -0.004234615 0.999962687 -0.007526987 -0.069050737 0.028777951 0.007645798 0.999556601 2.878063917
0.999555647 0.004752358 -0.029425846 -0.103757352 -0.005034597 0.999941945 -0.009524848 -0.070236780 0.029378872 0.009668764 0.999521613 2.918522596
0.999516368 0.006343434 -0.030444069 -0.105243042 -0.006587411 0.999946952 -0.007920361 -0.071305610 0.030392211 0.008117078 0.999505103 2.958384514
0.999483645 0.007863091 -0.031154169 -0.106909253 -0.007969057 0.999962866 -0.003278621 -0.072716251 0.031127233 0.003525198 0.999509215 2.998842955
0.999467850 0.009022968 -0.031345569 -0.108866341 -0.009032071 0.999959171 -0.000148811 -0.073167965 0.031342950 0.000431847 0.999508619 3.038392544
0.999447286 0.009574518 -0.031834155 -0.111024678 -0.009557211 0.999954104 0.000695779 -0.074206918 0.031839356 -0.000391149 0.999492943 3.077973127
0.999441564 0.009275686 -0.032102339 -0.112727083 -0.009305561 0.999956369 -0.000781311 -0.075440668 0.032093689 0.001079605 0.999484301 3.117364645
0.999422669 0.009219171 -0.032700095 -0.114481248 -0.009272647 0.999955893 -0.001484051 -0.076378293 0.032684971 0.001786411 0.999464095 3.156477690
0.999423802 0.008433329 -0.032877196 -0.116479479 -0.008495697 0.999962389 -0.001757768 -0.077276453 0.032861132 0.002036070 0.999457836 3.195793629
0.999396443 0.007622888 -0.033890966 -0.117766216 -0.007682033 0.999969184 -0.001615291 -0.078037195 0.033877611 0.001874667 0.999424219 3.234301090
0.999388099 0.005540626 -0.034536183 -0.119785167 -0.005547849 0.999984622 -0.000113295 -0.079207577 0.034535021 0.000304827 0.999403417 3.272323608
0.999364734 0.006049288 -0.035122491 -0.121498697 -0.005967760 0.999979258 0.002425617 -0.080117010 0.035136435 -0.002214473 0.999380052 3.309468269
0.999347627 0.004892119 -0.035782047 -0.123434462 -0.004764657 0.999981999 0.003646586 -0.081099473 0.035799243 -0.003473718 0.999352992 3.345463514
0.999259651 0.004195519 -0.038242560 -0.124980450 -0.004058536 0.999985099 0.003658883 -0.081832811 0.038257342 -0.003500965 0.999261796 3.382031679
0.999135077 0.003800013 -0.041408710 -0.126906708 -0.003690279 0.999989450 0.002726136 -0.082636751 0.041418631 -0.002570968 0.999138594 3.416876554
0.998983383 0.003374176 -0.044954054 -0.128909498 -0.003300798 0.999993086 0.001706406 -0.083430156 0.044959500 -0.001556287 0.998987615 3.450960398
0.998868644 0.002962202 -0.047462426 -0.131227970 -0.002856159 0.999993265 0.002301913 -0.084316507 0.047468923 -0.002163748 0.998870373 3.484042883
0.998724163 0.004447096 -0.050301295 -0.133451164 -0.004284507 0.999985218 0.003339668 -0.085103258 0.050315406 -0.003119891 0.998728514 3.516343594
0.998569429 0.005541326 -0.053183056 -0.135738403 -0.005314591 0.999976158 0.004403780 -0.085714750 0.053206194 -0.004114834 0.998575091 3.547558069
0.998406172 0.006501063 -0.056060918 -0.137876719 -0.006192882 0.999964774 0.005669230 -0.086275265 0.056095798 -0.005313016 0.998411238 3.578010798
0.998220623 0.008096715 -0.059076898 -0.139895812 -0.007728298 0.999949276 0.006462036 -0.086938992 0.059126221 -0.005993974 0.998232543 3.607515812
0.998044372 0.009975787 -0.061708599 -0.142135397 -0.009570490 0.999930680 0.006860024 -0.087525919 0.061772756 -0.006256026 0.998070657 3.635980368
0.997870147 0.011801572 -0.064154916 -0.144531742 -0.011466233 0.999918640 0.005592712 -0.088056318 0.064215697 -0.004845185 0.997924268 3.663357019
0.997674584 0.013229462 -0.066860966 -0.146675497 -0.013122913 0.999911845 0.002032561 -0.088801540 0.066881955 -0.001150424 0.997760236 3.689512968
0.997461319 0.015653225 -0.069468535 -0.148854390 -0.015799375 0.999873996 -0.001554847 -0.089488491 0.069435447 0.002648459 0.997582912 3.714399576
0.997283399 0.017263740 -0.071608558 -0.150965095 -0.017618714 0.999835432 -0.004328418 -0.089922458 0.071522050 0.005578310 0.997423410 3.738087416
0.997178197 0.019222444 -0.072567955 -0.153151661 -0.019648716 0.999793589 -0.005164749 -0.090685971 0.072453700 0.006576042 0.997350097 3.760905266
0.997179985 0.021573707 -0.071879625 -0.155014664 -0.021975337 0.999746978 -0.004801310 -0.091347001 0.071757860 0.006367350 0.997401774 3.782645941
0.997295499 0.025642080 -0.068878256 -0.157050744 -0.025922416 0.999658883 -0.003179136 -0.092070229 0.068773240 0.004956029 0.997619987 3.803784370
0.997580290 0.028135421 -0.063576519 -0.158499539 -0.028298087 0.999598145 -0.001659401 -0.092776448 0.063504286 0.003454479 0.997975588 3.823999643
0.998023391 0.029059855 -0.055720955 -0.160016268 -0.029103031 0.999576390 0.000036598 -0.093249969 0.055698417 0.001585123 0.998446405 3.843367100
0.998487115 0.028816415 -0.046830025 -0.160681531 -0.028722327 0.999583840 0.002680934 -0.093833953 0.046887793 -0.001331810 0.998899281 3.862091780
0.998984754 0.028309509 -0.035043769 -0.161109373 -0.028202571 0.999595940 0.003542197 -0.094180591 0.035129886 -0.002550277 0.999379516 3.879662991
0.999377906 0.027273584 -0.022360282 -0.161174327 -0.027199255 0.999623477 0.003621570 -0.094657779 0.022450637 -0.003011134 0.999743402 3.896578074
0.999598682 0.027541772 -0.006627381 -0.161440432 -0.027521079 0.999616146 0.003193272 -0.095347844 0.006712785 -0.003009598 0.999972939 3.912796736
0.999611855 0.025915351 0.010224713 -0.160534054 -0.025916168 0.999664128 -0.000052619 -0.095692188 -0.010222643 -0.000212387 0.999947727 3.928460836
0.999203146 0.024976600 0.031133141 -0.159569904 -0.024849501 0.999681234 -0.004462777 -0.096252851 -0.031234683 0.003685577 0.999505281 3.943855047
0.998242676 0.023036646 0.054597270 -0.158078909 -0.022561541 0.999702156 -0.009302535 -0.096608348 -0.054795310 0.008054390 0.998465121 3.958709002
0.996456683 0.020502487 0.081570514 -0.156252623 -0.019553851 0.999731779 -0.012411632 -0.096853688 -0.081803098 0.010772636 0.996590316 3.973045349
0.993660331 0.018341511 0.110917546 -0.153850839 -0.016952498 0.999765813 -0.013453154 -0.097473502 -0.111138314 0.011487536 0.993738532 3.987712860
0.989630342 0.016023699 0.142740980 -0.150726378 -0.013907258 0.999778271 -0.015812568 -0.097828545 -0.142962694 0.013663462 0.989633739 4.001884937
0.983929813 0.013429062 0.178049952 -0.147434443 -0.010579581 0.999800444 -0.016943656 -0.098494023 -0.178241953 0.014787675 0.983875573 4.015471458
0.976311505 0.009923090 0.216142043 -0.143518418 -0.006315320 0.999829054 -0.017375959 -0.099093065 -0.216277525 0.015599342 0.976207316 4.028762341
0.966679096 0.007665814 0.255876571 -0.139398202 -0.003043239 0.999825001 -0.018456705 -0.099638596 -0.255973279 0.017063018 0.966533244 4.041587830
0.954873502 0.008169873 0.296900392 -0.134602904 -0.002582890 0.999812245 -0.019205118 -0.100378446 -0.297001541 0.017571596 0.954715312 4.053920746
0.940105081 0.010295181 0.340729326 -0.129549623 -0.003897248 0.999803126 -0.019456295 -0.101002038 -0.340862542 0.016963055 0.939960122 4.065866947
0.922905922 0.010407028 0.384884924 -0.123778284 -0.003803765 0.999832273 -0.017913839 -0.101595156 -0.385006785 0.015068776 0.922790706 4.077378273
0.903256416 0.009653383 0.428992569 -0.117050424 -0.002637825 0.999852955 -0.016945120 -0.102069877 -0.429093063 0.014174182 0.903149068 4.089289665
0.880793571 0.008829685 0.473418206 -0.110093340 -0.000600771 0.999846160 -0.017530320 -0.102667920 -0.473500162 0.015156177 0.880663335 4.100100517
0.856456578 0.008617745 0.516147137 -0.102385253 0.001593131 0.999811769 -0.019336676 -0.103315644 -0.516216636 0.017383313 0.856281638 4.110658646
0.829581439 0.010911977 0.558279157 -0.094372422 0.002157701 0.999738932 -0.022746896 -0.103909984 -0.558381617 0.020075003 0.829341292 4.120759487
0.799761772 0.015477454 0.600118041 -0.085920215 0.001014018 0.999631345 -0.027132533 -0.104457542 -0.600316703 0.022308094 0.799451172 4.130613327
0.766976416 0.021751164 0.641306520 -0.076432168 -0.002940957 0.999533951 -0.030383883 -0.105241969 -0.641668558 0.021417666 0.766682982 4.140639305
0.731102824 0.026377022 0.681757271 -0.066309035 -0.005289434 0.999441504 -0.032995865 -0.105744705 -0.682246864 0.020517260 0.730834007 4.149883747
0.692862272 0.026487589 0.720583379 -0.055448055 -0.002393578 0.999404073 -0.034435134 -0.106155306 -0.721066058 0.022134034 0.692512751 4.158797264
0.652838826 0.024018040 0.757115960 -0.043842435 0.001129242 0.999465227 -0.032679811 -0.106874898 -0.757495999 0.022189617 0.652462602 4.166912079
0.609904766 0.022108819 0.792166293 -0.031522512 0.002523435 0.999551535 -0.029839644 -0.107426032 -0.792470694 0.020198319 0.609575391 4.174909592
0.564553618 0.020852951 0.825132966 -0.018700480 0.003006778 0.999622226 -0.027319916 -0.107949987 -0.825390935 0.017904550 0.564277649 4.182348251
0.517622232 0.018058363 0.855418682 -0.005298615 0.004664592 0.999702811 -0.023926871 -0.108712703 -0.855596542 0.016375259 0.517384171 4.189103603
0.467880189 0.014353435 0.883675337 0.008958936 0.007460310 0.999768317 -0.020189136 -0.109248199 -0.883760452 0.016038589 0.467664719 4.195441246
0.417303443 0.014587385 0.908650160 0.023495197 0.004385359 0.999827206 -0.018065138 -0.110126585 -0.908756673 0.011523400 0.417167366 4.201005936
0.367075503 0.019430695 0.929988146 0.038627386 0.000687883 0.999775887 -0.021160316 -0.110781252 -0.930190861 0.008407157 0.366979837 4.206176281
0.317459822 0.024552351 0.947953820 0.054825544 0.000289940 0.999662220 -0.025988713 -0.111225486 -0.948271692 0.008525221 0.317345440 4.210789680
0.271775186 0.026355658 0.961999893 0.071593285 0.002266182 0.999604642 -0.028026128 -0.111895934 -0.962358177 0.009796874 0.271607995 4.214417934
0.231432736 0.025981352 0.972504020 0.089744329 0.009429087 0.999536455 -0.028947450 -0.112541974 -0.972805321 0.015869213 0.231080472 4.217353344
0.197053313 0.025478005 0.980061710 0.108547449 0.017197069 0.999418616 -0.029438896 -0.113292605 -0.980241954 0.022655221 0.196500599 4.219761372
0.167114556 0.026879309 0.985571027 0.128001451 0.021554975 0.999289751 -0.030908344 -0.113786213 -0.985701799 0.026409194 0.166416466 4.222334385
0.139547646 0.025511233 0.989886701 0.148276567 0.019649154 0.999399900 -0.028526414 -0.114515111 -0.990020394 0.023431230 0.138962626 4.224861145
0.114521682 0.022225650 0.993172109 0.169722080 0.013341139 0.999625146 -0.023908412 -0.115257688 -0.993331194 0.015988080 0.114182234 4.227405071
0.090825796 0.018426718 0.995696306 0.191875458 0.008414780 0.999778926 -0.019269854 -0.116044268 -0.995831251 0.010128764 0.090650618 4.229640961
0.068578064 0.016084725 0.997516036 0.214800119 0.012008877 0.999784291 -0.016946895 -0.116985828 -0.997573435 0.013141233 0.068370104 4.230807781
0.048767507 0.016170444 0.998679399 0.238611698 0.020256342 0.999647260 -0.017175278 -0.118012592 -0.998604894 0.021067185 0.048422754 4.231184483
0.031508625 0.018480632 0.999332726 0.263237953 0.025025625 0.999500990 -0.019272799 -0.118816756 -0.999190271 0.025616184 0.031030416 4.231605053
0.017282605 0.023894165 0.999565125 0.288634300 0.025800176 0.999370873 -0.024335610 -0.119331695 -0.999517739 0.026209539 0.016655266 4.232043743
0.006604016 0.028617738 0.999568641 0.315304995 0.023000071 0.999321640 -0.028762627 -0.120022789 -0.999713719 0.023180099 0.005941331 4.232502460
0.000195563 0.028183190 0.999602735 0.342887402 0.024971323 0.999290943 -0.028179282 -0.120991416 -0.999688148 0.024966912 -0.000508308 4.232740879
-0.002214789 0.024855627 0.999688625 0.371444225 0.031194387 0.999206245 -0.024774529 -0.122142941 -0.999510944 0.031129805 -0.002988338 4.232417107
-0.001851439 0.023056487 0.999732494 0.400578260 0.032966375 0.999192178 -0.022982972 -0.123183161 -0.999454796 0.032915004 -0.002610087 4.232453346
0.000061393 0.022590855 0.999744773 0.429929733 0.031385332 0.999252260 -0.022581654 -0.124330200 -0.999507308 0.031378713 -0.000647664 4.232903004
0.001598239 0.023149256 0.999730706 0.461552620 0.027663089 0.999348402 -0.023184625 -0.125591442 -0.999616027 0.027692696 0.000956774 4.233638763
0.002338052 0.024398021 0.999699712 0.492910385 0.026184306 0.999358058 -0.024450928 -0.126567438 -0.999654531 0.026233610 0.001697659 4.234506607
0.003959358 0.024768470 0.999685347 0.526552200 0.026309157 0.999344587 -0.024864225 -0.128175095 -0.999646008 0.026399326 0.003305137 4.234375954
0.004817665 0.024451094 0.999689400 0.559545517 0.025608057 0.999370158 -0.024566693 -0.129380375 -0.999660432 0.025718458 0.004188538 4.234832764
0.005127430 0.023378151 0.999713540 0.594614983 0.024831502 0.999415457 -0.023498537 -0.130357563 -0.999678493 0.024944874 0.004543900 4.235940456
0.005585611 0.022093588 0.999740303 0.628790855 0.025137981 0.999436855 -0.022227332 -0.131789804 -0.999668360 0.025255607 0.005027115 4.236335278
0.004981756 0.019824574 0.999791086 0.665045261 0.026118563 0.999459803 -0.019948149 -0.133070529 -0.999646485 0.026212482 0.004461229 4.236954689
0.003462434 0.018026639 0.999831617 0.699536324 0.023181893 0.999567389 -0.018102160 -0.134473920 -0.999725401 0.023240667 0.003043056 4.237753868
0.002948284 0.017003058 0.999851108 0.736686707 0.022642525 0.999597967 -0.017065519 -0.135745704 -0.999739289 0.022689465 0.002562106 4.237956524
0.001454294 0.014642803 0.999891758 0.772724152 0.025247710 0.999573529 -0.014674865 -0.136785641 -0.999680221 0.025266318 0.001083970 4.238281727
0.000759363 0.013209455 0.999912560 0.810640335 0.026424203 0.999563336 -0.013224912 -0.137831062 -0.999650598 0.026431933 0.000409961 4.238383770
-0.001163006 0.011967395 0.999927878 0.846949577 0.023602445 0.999650180 -0.011936625 -0.139369339 -0.999720931 0.023586858 -0.001445055 4.238973618
-0.002010942 0.017011084 0.999853432 0.885144949 0.020814035 0.999639392 -0.016965587 -0.140368626 -0.999781489 0.020776866 -0.002364278 4.239543915
-0.002752185 0.021435635 0.999766529 0.922238350 0.022003850 0.999529481 -0.021369984 -0.141717613 -0.999754190 0.021939900 -0.003222466 4.239600182
-0.003708482 0.022871302 0.999731660 0.961172581 0.021793781 0.999502838 -0.022785228 -0.143174723 -0.999755740 0.021703433 -0.004205108 4.239892006
-0.005199909 0.021211522 0.999761581 0.999531746 0.018499495 0.999605954 -0.021112004 -0.144364804 -0.999815464 0.018385306 -0.005590200 4.240331173
-0.006106496 0.017225657 0.999832988 1.038163662 0.015738927 0.999729455 -0.017127747 -0.145876020 -0.999857485 0.015631709 -0.006375909 4.240796566
-0.006318092 0.012081987 0.999907076 1.076169014 0.014407731 0.999824286 -0.011989949 -0.147048086 -0.999876261 0.014330638 -0.006491065 4.240942001
-0.006634474 0.006927392 0.999954045 1.116023302 0.010796009 0.999918222 -0.006855515 -0.148179352 -0.999919772 0.010750029 -0.006708622 4.241453171
-0.006144285 0.005397342 0.999966621 1.154217243 0.008188127 0.999952197 -0.005346952 -0.149540827 -0.999947667 0.008154999 -0.006188273 4.241490364
-0.005404592 0.012800441 0.999903440 1.191970825 0.011044581 0.999857843 -0.012740160 -0.150571123 -0.999924362 0.010974661 -0.005545139 4.241744995
-0.004097700 0.023571318 0.999713838 1.229537010 0.012904984 0.999640167 -0.023516688 -0.151777297 -0.999908388 0.012804928 -0.004400373 4.241745472
-0.003543615 0.028179875 0.999596715 1.267480373 0.015477625 0.999484658 -0.028121853 -0.153358445 -0.999874055 0.015371732 -0.003977895 4.242019653
-0.002360106 0.023424748 0.999722958 1.305967808 0.016973909 0.999582529 -0.023381392 -0.154462039 -0.999853253 0.016914025 -0.002756715 4.242398262
-0.001344681 0.015241080 0.999883115 1.343723536 0.019896766 0.999686301 -0.015211329 -0.156369641 -0.999801278 0.019873986 -0.001647472 4.242584705
-0.000791669 0.012008940 0.999927700 1.381183147 0.020741494 0.999713004 -0.011989944 -0.158014029 -0.999784708 0.020730503 -0.001040578 4.242823601
-0.001367450 0.012959638 0.999915063 1.419215679 0.020061903 0.999715149 -0.012929610 -0.159237251 -0.999797821 0.020042518 -0.001627088 4.243558884
-0.002825499 0.013930189 0.999899030 1.456329823 0.016508786 0.999767363 -0.013881707 -0.160335660 -0.999859750 0.016467895 -0.003054857 4.244301319
-0.004795551 0.013878849 0.999892235 1.495191813 0.013947091 0.999807358 -0.013810781 -0.162027687 -0.999891281 0.013879356 -0.004988194 4.244915009
-0.007091045 0.015169031 0.999859869 1.531888008 0.014564597 0.999780416 -0.015064535 -0.162679642 -0.999868870 0.014455733 -0.007310390 4.245467186
-0.009048581 0.014266380 0.999857306 1.569514990 0.012797556 0.999817967 -0.014150003 -0.164691925 -0.999877155 0.012667692 -0.009229422 4.245330811
-0.011401057 0.015126238 0.999820709 1.606472015 0.011717888 0.999818921 -0.014992594 -0.165971190 -0.999866426 0.011544855 -0.011576176 4.245656013
-0.013561368 0.014058982 0.999809206 1.643571615 0.009059536 0.999861836 -0.013936839 -0.167068303 -0.999866962 0.008868805 -0.013686895 4.245829582
-0.015179396 0.012741890 0.999803603 1.679657221 0.009342507 0.999876976 -0.012600985 -0.168610245 -0.999841154 0.009149398 -0.015296578 4.245093346
-0.017478824 0.013085375 0.999761641 1.716103554 0.009046640 0.999875486 -0.012928703 -0.169581234 -0.999806345 0.008818505 -0.017595053 4.245417118
-0.018893361 0.013826022 0.999726057 1.750919580 0.009372812 0.999862909 -0.013650785 -0.170953244 -0.999777734 0.009112335 -0.019020438 4.245025158
-0.020220876 0.014402281 0.999691784 1.787383795 0.009294821 0.999855757 -0.014216635 -0.172047317 -0.999752343 0.009004484 -0.020351768 4.244813919
-0.021196723 0.013339453 0.999686480 1.822635889 0.011312830 0.999850154 -0.013101771 -0.173359901 -0.999711454 0.011031570 -0.021344423 4.244009018
-0.022647500 0.011992023 0.999671638 1.858302355 0.011214701 0.999868214 -0.011740314 -0.174969167 -0.999680698 0.010945130 -0.022778988 4.243710518
-0.024028063 0.011698951 0.999642789 1.893286467 0.009948718 0.999884784 -0.011462650 -0.176061481 -0.999661744 0.009669741 -0.024141669 4.243525028
-0.025340915 0.010725218 0.999621332 1.927329302 0.007888681 0.999913454 -0.010528371 -0.177324042 -0.999647737 0.007618896 -0.025423408 4.243156910
-0.026186824 0.009546264 0.999611616 1.960439444 0.006900399 0.999932289 -0.009368558 -0.178382218 -0.999633372 0.006652386 -0.026250958 4.242781639
-0.026836038 0.009676157 0.999593139 1.993888855 0.007491836 0.999927044 -0.009478258 -0.179373324 -0.999611914 0.007234429 -0.026906610 4.242271900
-0.027238011 0.012234650 0.999554217 2.026354313 0.007575598 0.999898911 -0.012032435 -0.180544481 -0.999600410 0.007244483 -0.027327895 4.241967201
-0.027059674 0.014927902 0.999522507 2.058054447 0.007374278 0.999864280 -0.014733369 -0.181753784 -0.999606788 0.006972079 -0.027166128 4.241374493
-0.027434945 0.016463751 0.999488056 2.090613365 0.005503102 0.999851704 -0.016318688 -0.182990775 -0.999608457 0.005052582 -0.027521491 4.241089344
-0.027423024 0.017459119 0.999471486 2.122470856 0.006363130 0.999830246 -0.017290797 -0.184183523 -0.999603689 0.005885602 -0.027529359 4.240487099
-0.027400494 0.016944420 0.999480903 2.153987408 0.007669091 0.999830484 -0.016740100 -0.185492218 -0.999595106 0.007206423 -0.027525783 4.239922523
-0.027639747 0.016575970 0.999480546 2.185639143 0.008086132 0.999833524 -0.016358208 -0.186632499 -0.999585271 0.007629793 -0.027769208 4.239274979
-0.027921438 0.016810918 0.999468803 2.216868162 0.004439977 0.999850810 -0.016693307 -0.187735215 -0.999600291 0.003971517 -0.027991891 4.239003181
-0.027894378 0.016940676 0.999467313 2.248162508 0.001454155 0.999855995 -0.016906681 -0.189096004 -0.999609828 0.000981778 -0.027915001 4.238725662
-0.027947068 0.015730172 0.999485612 2.279399633 0.003402401 0.999871910 -0.015641116 -0.190142944 -0.999603629 0.002963528 -0.027997017 4.238288879
-0.028678536 0.014890339 0.999477923 2.310374737 0.003403749 0.999884725 -0.014798736 -0.191321507 -0.999583006 0.002977567 -0.028725863 4.237561226
-0.032303929 0.014624121 0.999371111 2.341363430 0.000291062 0.999893069 -0.014622350 -0.192401364 -0.999478102 -0.000181481 -0.032304764 4.237289429
-0.037553310 0.014225458 0.999193490 2.372319698 -0.003435610 0.999890924 -0.014364511 -0.193592265 -0.999288857 -0.003972271 -0.037500262 4.236758709
-0.043437362 0.017977372 0.998894513 2.402774572 0.000141699 0.999838173 -0.017988196 -0.194612578 -0.999056280 -0.000639817 -0.043432951 4.235565186
-0.050111532 0.020801544 0.998526990 2.433245182 0.002638726 0.999782324 -0.020695269 -0.195619553 -0.998740137 0.001597767 -0.050155520 4.234350204
-0.057435870 0.022602323 0.998093307 2.464029074 0.001956598 0.999744296 -0.022527119 -0.196589112 -0.998347282 0.000659005 -0.057465315 4.233016014
-0.063423276 0.022027548 0.997743607 2.494929075 -0.001651762 0.999752700 -0.022176901 -0.197823048 -0.997985363 -0.003054565 -0.063371181 4.231372833
-0.068642378 0.020857003 0.997423291 2.526220560 -0.001951315 0.999776721 -0.021040505 -0.199008033 -0.997639418 -0.003390558 -0.068586469 4.229534149
-0.073558927 0.021481030 0.997059643 2.558046103 -0.004316258 0.999751806 -0.021857468 -0.200208813 -0.997281671 -0.005911373 -0.073447943 4.227853775
-0.077299595 0.021061514 0.996785402 2.589572430 -0.006274925 0.999746740 -0.021610698 -0.201194555 -0.996988177 -0.007925251 -0.077147841 4.225692749
-0.079583168 0.017730262 0.996670485 2.621606588 -0.006011876 0.999815106 -0.018266244 -0.202431798 -0.996810079 -0.007445545 -0.079461932 4.223227501
-0.081057429 0.014458685 0.996604681 2.653917551 -0.003764046 0.999883235 -0.014812394 -0.203599498 -0.996702433 -0.004951918 -0.080993533 4.220684528
-0.082780242 0.011635646 0.996500075 2.687618256 -0.004037329 0.999919713 -0.012010961 -0.204857633 -0.996559799 -0.005017465 -0.082726598 4.218544006
-0.084396839 0.011103456 0.996370435 2.720847130 -0.005067272 0.999920189 -0.011572234 -0.206026018 -0.996419370 -0.006025538 -0.084333777 4.216584206
-0.084629297 0.015235153 0.996295989 2.754514217 -0.002797978 0.999875546 -0.015527561 -0.206730470 -0.996408582 -0.004101701 -0.084576130 4.213823318
-0.084443927 0.018554730 0.996255457 2.787771463 0.002748669 0.999827147 -0.018388269 -0.208134472 -0.996424437 0.001185596 -0.084480405 4.210809708
-0.085132957 0.023625435 0.996089458 2.822421551 0.010593128 0.999683797 -0.022805324 -0.209214240 -0.996313274 0.008610220 -0.085356355 4.207744122
-0.085743189 0.024955114 0.996004701 2.856977224 0.011343716 0.999645948 -0.024069797 -0.210459486 -0.996252716 0.009234573 -0.085995913 4.205092430
-0.086325288 0.022862680 0.996004701 2.891139984 0.008886228 0.999714553 -0.022177655 -0.211763054 -0.996227443 0.006936231 -0.086503863 4.202640533
-0.086311340 0.018022100 0.996105254 2.926516294 0.009587092 0.999805093 -0.017258331 -0.213023171 -0.996222198 0.008060163 -0.086467385 4.200101852
-0.086481214 0.015351527 0.996135354 2.961049557 0.010928935 0.999835730 -0.014459743 -0.214513808 -0.996193707 0.009636202 -0.086634755 4.197259426
-0.087276220 0.015211327 0.996068060 2.995370150 0.011783689 0.999829233 -0.014236271 -0.215880722 -0.996114492 0.010494868 -0.087440610 4.194670200
-0.089008570 0.016416466 0.995895684 3.029962063 0.010862974 0.999820709 -0.015510288 -0.217057645 -0.995971739 0.009437842 -0.089170933 4.192202568
-0.091248989 0.017139237 0.995680749 3.063999653 0.010114219 0.999816239 -0.016283512 -0.218221098 -0.995776892 0.008584681 -0.091405511 4.189560890
-0.093766212 0.017071946 0.995447874 3.098175764 0.011172297 0.999808073 -0.016094349 -0.219493121 -0.995531559 0.009612334 -0.093938947 4.187022209
-0.094877839 0.017317882 0.995338440 3.132520676 0.011365063 0.999802351 -0.016312212 -0.220776618 -0.995424211 0.009764417 -0.095055938 4.183439255
-0.097552657 0.016263364 0.995097578 3.167183399 0.011202001 0.999821067 -0.015242398 -0.222230732 -0.995167434 0.009660150 -0.097717285 4.180774212
-0.098394394 0.016917463 0.995003700 3.201249361 0.008998062 0.999829769 -0.016109712 -0.223287523 -0.995106816 0.007367999 -0.098529816 4.177426338
-0.100517273 0.018971996 0.994754374 3.236670732 0.007312997 0.999805272 -0.018329367 -0.223628730 -0.994908452 0.005432217 -0.100636482 4.175065041
-0.100520372 0.019246219 0.994748831 3.271109581 0.007427104 0.999799550 -0.018593423 -0.225366905 -0.994907260 0.005519086 -0.100643158 4.171408653
-0.101578116 0.019466475 0.994637311 3.305844069 0.007104159 0.999797225 -0.018841948 -0.226422489 -0.994802415 0.005152135 -0.101695776 4.168533325
-0.102806807 0.017981324 0.994538963 3.342100143 0.007889184 0.999819875 -0.017261291 -0.227635279 -0.994670212 0.006071524 -0.102930188 4.165146828
-0.104307294 0.015486710 0.994424582 3.377649784 0.004475928 0.999875963 -0.015102118 -0.228815287 -0.994535089 0.002875713 -0.104363680 4.162218094
-0.105774879 0.013601068 0.994297087 3.413678169 0.002339089 0.999907076 -0.013428973 -0.230079621 -0.994387388 0.000905302 -0.105796933 4.158828259
-0.108106017 0.013336812 0.994049966 3.449874401 0.003942231 0.999907911 -0.012986678 -0.231041849 -0.994131625 0.002514838 -0.108148575 4.155636787
-0.109354854 0.013772619 0.993907332 3.486303329 0.004806043 0.999899626 -0.013326868 -0.232143953 -0.993991137 0.003319402 -0.109410167 4.151250839
-0.111892104 0.014934865 0.993608177 3.523435593 0.004457825 0.999884546 -0.014527201 -0.233501226 -0.993710399 0.002803852 -0.111945748 4.147878170
-0.112927675 0.018529870 0.993430555 3.559939861 0.005399075 0.999822795 -0.018035365 -0.234651804 -0.993588686 0.003326918 -0.113007665 4.143579483
-0.113625884 0.022080217 0.993278384 3.597468376 0.007443528 0.999743879 -0.021372445 -0.236135066 -0.993495882 0.004965035 -0.113761187 4.139889717
-0.114501357 0.026115522 0.993079901 3.634395123 0.008799139 0.999641836 -0.025273556 -0.237536997 -0.993384242 0.005844395 -0.114690185 4.135717869
-0.113966227 0.027054314 0.993116140 3.672557831 0.010442495 0.999606550 -0.026032781 -0.238895074 -0.993429720 0.007403751 -0.114203930 4.131208420
-0.114055037 0.026553862 0.993119538 3.710698128 0.014080055 0.999585569 -0.025109723 -0.240513951 -0.993374705 0.011119287 -0.114381671 4.127373219
-0.113418818 0.024390131 0.993247867 3.749444485 0.014568973 0.999632001 -0.022883270 -0.242119998 -0.993440449 0.011875207 -0.113732457 4.123107910
-0.112654805 0.023052273 0.993366718 3.787703991 0.014666548 0.999660492 -0.021535037 -0.243645236 -0.993525922 0.012143234 -0.112954736 4.119196892
-0.110590219 0.020518208 0.993654311 3.826997757 0.013144298 0.999729633 -0.019180745 -0.245015427 -0.993779182 0.010939685 -0.110830069 4.115153313
-0.109393239 0.017133716 0.993850946 3.866016388 0.013578883 0.999783874 -0.015741371 -0.246438712 -0.993905902 0.011773387 -0.109602213 4.111733437
-0.107555628 0.014054719 0.994099736 3.905919075 0.014073923 0.999821424 -0.012612900 -0.247842520 -0.994099438 0.012634294 -0.107734203 4.107576847
-0.105566621 0.013862249 0.994315624 3.944916725 0.013045380 0.999836087 -0.012554184 -0.249323174 -0.994326711 0.011645923 -0.105730057 4.103844166
-0.104505301 0.018125493 0.994359314 3.984711170 0.013449662 0.999768257 -0.016810557 -0.250668019 -0.994433522 0.011617004 -0.104724884 4.100232601
-0.102654815 0.024109438 0.994424820 4.024027824 0.014105205 0.999641001 -0.022779819 -0.252169937 -0.994617045 0.011688109 -0.102958083 4.096698761
-0.101451516 0.027648317 0.994456351 4.063483715 0.012527832 0.999569952 -0.026512442 -0.253631473 -0.994761705 0.009768657 -0.101754189 4.093458176
-0.099503040 0.025278687 0.994716108 4.102730751 0.010588421 0.999647558 -0.024344834 -0.255036056 -0.994980931 0.008110090 -0.099735618 4.089630127
-0.098535061 0.022810912 0.994872093 4.142192364 0.010801995 0.999702871 -0.021851813 -0.256666541 -0.995074928 0.008593434 -0.098752141 4.086108208
-0.097962379 0.021221904 0.994963884 4.182007790 0.011470941 0.999730289 -0.020194162 -0.258180857 -0.995124042 0.009434903 -0.098179460 4.082596302
-0.097065091 0.020710751 0.995062530 4.221842766 0.011073955 0.999744058 -0.019727962 -0.259854853 -0.995216429 0.009104381 -0.097269535 4.079206944
-0.096374035 0.020695729 0.995130002 4.261069298 0.011212891 0.999742925 -0.019705744 -0.261462033 -0.995282054 0.009259163 -0.096581340 4.075624943
-0.095757723 0.019202791 0.995219588 4.301147461 0.012923006 0.999753594 -0.018046858 -0.262793779 -0.995320916 0.011133103 -0.095982313 4.072303772
