0.998004198 0.006173148 0.062845185 0.002950122 -0.006227450 0.999980390 0.000668226 -0.000189241 -0.062839828 -0.001058258 0.998023093 0.024363948
0.995332837 0.005935501 0.096318550 0.005244283 -0.006243287 0.999976337 0.002894433 -0.000304407 -0.096299089 -0.003482269 0.995346367 0.034037419
0.991002977 0.002918835 0.133808166 0.008432902 -0.003625741 0.999980748 0.005039613 -0.000516527 -0.133790880 -0.005479425 0.990994453 0.044273235
0.984944463 -0.000093477 0.172871053 0.012309303 -0.000833661 0.999985635 0.005290565 -0.000460132 -0.172869071 -0.005355028 0.984930277 0.055335354
0.976316869 0.000246133 0.216345340 0.016784551 -0.001629306 0.999979377 0.006215020 -0.000479544 -0.216339350 -0.006420321 0.976297140 0.067419663
0.964640796 -0.000001609 0.263568074 0.021902587 -0.002451571 0.999956667 0.008978685 -0.000173009 -0.263556659 -0.009307362 0.964599013 0.079832569
0.950391114 -0.003415477 0.311038613 0.028406348 -0.001709316 0.999867260 0.016202306 -0.000562646 -0.311052680 -0.015930191 0.950259149 0.093405373
0.934000850 -0.013337187 0.357021809 0.036683615 0.005091100 0.999698341 0.024026750 -0.000899354 -0.357234567 -0.020623371 0.933786988 0.106008351
0.913439989 -0.018005634 0.406574994 0.046140973 0.007147148 0.999576449 0.028210096 -0.001029419 -0.406910717 -0.022862379 0.913181782 0.119542077
0.888477743 -0.020106774 0.458479047 0.055139259 0.006109559 0.999469459 0.031992517 -0.000697122 -0.458879054 -0.025623534 0.888129175 0.132934690
0.860769391 -0.022274539 0.508507490 0.066370964 0.004176944 0.999317467 0.036703397 -0.000604552 -0.508977950 -0.029469157 0.860274971 0.147147834
0.829491138 -0.027223380 0.557856083 0.079002865 0.005331622 0.999151826 0.040830884 -0.000332658 -0.558494449 -0.030894579 0.828932703 0.160581157
0.794339299 -0.032813933 0.606587410 0.093356617 0.007609651 0.998999178 0.044076823 -0.000185465 -0.607426643 -0.030396035 0.793794036 0.174687147
0.757365584 -0.036761813 0.651955426 0.108972862 0.008311041 0.998875856 0.046668816 0.000160513 -0.652938187 -0.029926931 0.756819725 0.188310534
0.718224764 -0.039806914 0.694671631 0.126086295 0.008987508 0.998809636 0.047942769 0.000553884 -0.695753157 -0.028190318 0.717727542 0.202555329
0.677293420 -0.041614141 0.734535158 0.145450592 0.008320478 0.998768449 0.048911866 0.001455104 -0.735665977 -0.027016001 0.676805556 0.217170864
0.635566950 -0.041415405 0.770934165 0.166735560 0.003024910 0.998686075 0.051156711 0.002354709 -0.772039831 -0.030181507 0.634857059 0.232564911
0.594471633 -0.041971769 0.803020418 0.190524116 -0.000249938 0.998627186 0.052380644 0.003281830 -0.804116547 -0.031339511 0.593644977 0.248392493
0.555185378 -0.043064553 0.830611050 0.216438413 -0.002274740 0.998576283 0.053293474 0.004466298 -0.831723571 -0.031477183 0.554296970 0.263801098
0.517373800 -0.045338303 0.854557693 0.245044798 -0.003897059 0.998460412 0.055332411 0.005276204 -0.855750680 -0.031957801 0.516400516 0.279183894
0.480599642 -0.044995911 0.875784993 0.275539875 -0.007031284 0.998452961 0.055156842 0.006618288 -0.876911938 -0.032666251 0.479539752 0.294935584
0.444989085 -0.044146009 0.894447327 0.308924794 -0.007967240 0.998549521 0.053247765 0.008423466 -0.895500660 -0.030820953 0.443991959 0.309811443
0.412343442 -0.042865284 0.910019457 0.344767451 -0.006913487 0.998716474 0.050175846 0.009755712 -0.911002219 -0.026981089 0.411517799 0.324336380
0.383299708 -0.041281123 0.922701061 0.382975280 -0.004400504 0.998907745 0.046518583 0.011575038 -0.923613548 -0.021890908 0.382699430 0.338952661
0.358510792 -0.039364588 0.932695329 0.423577994 -0.003522829 0.999046385 0.043519061 0.013399484 -0.933519006 -0.018887779 0.358030200 0.353474468
0.338842094 -0.039096065 0.940030634 0.466399491 -0.002290946 0.999099016 0.042378522 0.014779074 -0.940840483 -0.016513189 0.338447273 0.368300050
0.324432075 -0.039537206 0.945082426 0.510845184 -0.001175702 0.999108434 0.042200971 0.016541928 -0.945908368 -0.014802489 0.324096382 0.383490145
0.313502431 -0.040800795 0.948710561 0.557625115 -0.000427185 0.999070346 0.043107767 0.018225959 -0.949587405 -0.013919665 0.313193500 0.398589998
0.303205132 -0.043006204 0.951954365 0.606831491 -0.001082507 0.998964906 0.045474775 0.019796170 -0.952924669 -0.014818682 0.302844763 0.413822889
0.292660177 -0.044491194 0.955181003 0.658031225 -0.002436217 0.998879015 0.047273040 0.021869928 -0.956213474 -0.016161965 0.292223692 0.430351794
0.283304870 -0.046130829 0.957919836 0.711478949 -0.003528970 0.998785555 0.049142510 0.023962466 -0.959023416 -0.017302785 0.282798052 0.445898294
0.273327112 -0.047920246 0.960726917 0.765398502 -0.004124165 0.998690784 0.050987188 0.026199659 -0.961912453 -0.017898384 0.272771657 0.462016106
0.262927949 -0.049408820 0.963549614 0.823104382 -0.004809877 0.998608351 0.052519057 0.028224614 -0.964803576 -0.018443288 0.262324393 0.478344202
0.252879202 -0.050631691 0.966172159 0.881671965 -0.004766145 0.998552382 0.053576019 0.030776372 -0.967486203 -0.018153179 0.252271831 0.493865609
0.242915154 -0.053161692 0.968589783 0.941511631 -0.005975179 0.998396218 0.056296173 0.033584349 -0.970029175 -0.019462695 0.242207944 0.508984804
0.231585741 -0.056827635 0.971153378 1.001889825 -0.007413649 0.998160243 0.060175858 0.036040466 -0.972786367 -0.021135667 0.230738401 0.524177372
0.219880939 -0.060573693 0.973644316 1.063627005 -0.008122462 0.997922063 0.063918412 0.038815551 -0.975492954 -0.021962827 0.218932033 0.538420737
0.207414508 -0.062781252 0.976236641 1.125905156 -0.008953523 0.997774899 0.066068672 0.041607384 -0.978212297 -0.022444360 0.206390917 0.551834226
0.193812609 -0.063122511 0.979005814 1.188016295 -0.009559777 0.997758985 0.066224195 0.044467300 -0.980992079 -0.022194166 0.192774832 0.564407706
0.179624200 -0.062186450 0.981767774 1.251304626 -0.010887786 0.997813165 0.065194815 0.047167402 -0.983675063 -0.022399846 0.178554356 0.576551557
0.163154066 -0.061300579 0.984694421 1.315085888 -0.011278373 0.997886777 0.063990563 0.049942899 -0.986536205 -0.021546077 0.162117898 0.587641001
0.143512487 -0.059811492 0.987839580 1.378828287 -0.013548937 0.997959733 0.062392633 0.052677698 -0.989555895 -0.022338303 0.142409325 0.596411586
0.118175924 -0.058159038 0.991288066 1.443581223 -0.018267052 0.997987092 0.060729768 0.055315889 -0.992824614 -0.025284708 0.116875648 0.605314612
0.088759840 -0.057894003 0.994369268 1.507173300 -0.022373330 0.997941673 0.060099106 0.057369411 -0.995801926 -0.027581746 0.087281883 0.610786200
0.055733860 -0.057682924 0.996778011 1.573824644 -0.024877468 0.997939587 0.059141144 0.060248312 -0.998135686 -0.028093480 0.054184020 0.615477443
0.021554589 -0.056974243 0.998142958 1.639319181 -0.026154099 0.998001099 0.057530936 0.062824674 -0.999425530 -0.027345587 0.020021379 0.617154956
-0.011541247 -0.055782575 0.998376250 1.706211329 -0.027216475 0.998090327 0.055451982 0.065067790 -0.999562979 -0.026532300 -0.013037443 0.616469622
-0.044046402 -0.053989284 0.997569621 1.772662878 -0.029322298 0.998178363 0.052727543 0.067147017 -0.998599112 -0.026928574 -0.045549273 0.613716722
-0.076016068 -0.051007777 0.995801091 1.841065407 -0.032133751 0.998297274 0.048682664 0.069218099 -0.996588707 -0.028298162 -0.077525735 0.609231591
-0.108092785 -0.046660416 0.993045330 1.908070087 -0.028992737 0.998620987 0.043766554 0.071036264 -0.993718088 -0.024060255 -0.109296560 0.601991415
-0.139067769 -0.040865842 0.989439428 1.973799706 -0.023281831 0.999006927 0.037988696 0.071949869 -0.990009248 -0.017752960 -0.139881134 0.591929197
-0.169210672 -0.035054017 0.984956443 2.040102720 -0.016925849 0.999323249 0.032657549 0.072855443 -0.985434711 -0.011145220 -0.169689536 0.579923868
-0.197606325 -0.029673213 0.979832470 2.105959654 -0.011436393 0.999543488 0.027963731 0.073644683 -0.980214953 -0.005679943 -0.197855473 0.565845728
-0.225216866 -0.024075335 0.974011183 2.171005964 -0.002785807 0.999706507 0.024066312 0.073857307 -0.974304676 0.002706734 -0.225217819 0.550050735
-0.250682235 -0.013930833 0.967969179 2.236552954 0.003055406 0.999880075 0.015181369 0.073205017 -0.968064606 0.006763238 -0.250609517 0.532122374
-0.275828481 0.001651076 0.961205482 2.301262140 0.008236094 0.999965847 0.000645782 0.072159603 -0.961171627 0.008094704 -0.275832653 0.513219595
-0.300958633 0.018386442 0.953460038 2.364023924 0.008397067 0.999826431 -0.016630046 0.070331678 -0.953600347 0.003001312 -0.301060796 0.494417906
-0.325496435 0.033358198 0.944954693 2.428440809 0.008918347 0.999441326 -0.032209661 0.068213664 -0.945501268 -0.002056695 -0.325612068 0.471987724
-0.349735975 0.043556526 0.935835361 2.491923094 0.012615259 0.999047041 -0.041784074 0.064615630 -0.936763525 -0.002807588 -0.349952221 0.448530197
-0.373277187 0.047453113 0.926505566 2.553493023 0.015151097 0.998869598 -0.045055225 0.060717344 -0.927596271 -0.002780511 -0.373574257 0.423605442
-0.395612121 0.046606787 0.917234421 2.616829395 0.018121531 0.998913229 -0.042941086 0.055951729 -0.918238997 -0.000366319 -0.396026731 0.396352768
-0.416049480 0.042266443 0.908359408 2.678997040 0.021527713 0.999097049 -0.036628336 0.051587172 -0.909087360 0.004315706 -0.416583657 0.367801428
-0.433906674 0.040846627 0.900031567 2.738924503 0.028909441 0.999088585 -0.031404909 0.047749341 -0.900494039 0.012392616 -0.434692025 0.338406563
-0.447390437 0.041642349 0.893368721 2.799724579 0.032237548 0.999017119 -0.030422652 0.043766744 -0.893757522 0.015189214 -0.448293209 0.307401657
-0.458627701 0.045610767 0.887457252 2.860263109 0.035924967 0.998817086 -0.032768488 0.040164530 -0.887902081 0.016853336 -0.459723830 0.276246071
-0.468360424 0.047940779 0.882236004 2.919965506 0.036115136 0.998731077 -0.035098374 0.036611795 -0.882799149 0.015423387 -0.469497442 0.244663000
-0.478702784 0.047372825 0.876698017 2.979238272 0.029912023 0.998843551 -0.037640184 0.032687135 -0.877467334 0.008205352 -0.479566216 0.212608576
-0.490152478 0.045946065 0.870424926 3.037893534 0.029440207 0.998912632 -0.036150061 0.028646871 -0.871139407 0.007906449 -0.490972161 0.180701971
-0.498698831 0.047546983 0.865470290 3.095880270 0.031444572 0.998829484 -0.036754534 0.025563620 -0.866204798 0.008884901 -0.499610186 0.147011995
-0.505700588 0.050327346 0.861239851 3.153185844 0.034383230 0.998679578 -0.038169708 0.021722078 -0.862023652 0.010309761 -0.506763220 0.112913609
-0.509494662 0.053028964 0.858838201 3.213778973 0.035533264 0.998544455 -0.040575471 0.017584860 -0.859739780 0.009844336 -0.510637403 0.078238487
-0.509126306 0.055155668 0.858922780 3.273162365 0.035624612 0.998439789 -0.042998265 0.013370201 -0.859954298 0.008707241 -0.510296941 0.044056892
-0.505915523 0.055498879 0.860795796 3.335611582 0.037018005 0.998405576 -0.042614531 0.010376155 -0.861788332 0.010305588 -0.507163286 0.008273125
-0.500043273 0.054194119 0.864303052 3.399374008 0.034752939 0.998491764 -0.042501774 0.006586365 -0.865302801 0.008784344 -0.501172423 -0.027605057
-0.493209362 0.053162500 0.868284881 3.463594675 0.033665821 0.998549640 -0.042015135 0.001513101 -0.869259179 0.008509272 -0.494283795 -0.062496185
-0.486536622 0.052520156 0.872080088 3.529124260 0.031442851 0.998597443 -0.042597458 -0.002153285 -0.873094141 0.006695459 -0.487505555 -0.096775055
-0.479789615 0.051126607 0.875892937 3.598416805 0.028974272 0.998679519 -0.042422485 -0.006817289 -0.876905262 0.005024496 -0.480637431 -0.134612083
-0.475345135 0.049087536 0.878429174 3.668812752 0.025803257 0.998790622 -0.041850533 -0.011606105 -0.879421175 0.002772893 -0.476036906 -0.171034336
-0.473971367 0.046499297 0.879311681 3.738921404 0.020829549 0.998917341 -0.041596565 -0.015588187 -0.880293906 -0.001399911 -0.474426746 -0.207376480
-0.474289417 0.043950066 0.879271269 3.811960220 0.017572703 0.999026716 -0.040457077 -0.019934170 -0.880193591 -0.003737191 -0.474600077 -0.245699406
-0.475375295 0.042981319 0.878732502 3.885751963 0.016479675 0.999065697 -0.039952010 -0.024440631 -0.879628718 -0.004510976 -0.475639462 -0.284221649
-0.475503922 0.042411033 0.878690779 3.960641384 0.016335724 0.999090672 -0.039382193 -0.028636873 -0.879561961 -0.004372334 -0.475764275 -0.324180603
-0.476041317 0.041904472 0.878423989 4.034556866 0.015930207 0.999111116 -0.039028745 -0.032838605 -0.879278660 -0.004585818 -0.476285696 -0.362769604
-0.475918651 0.041003063 0.878532887 4.110635757 0.016779685 0.999154150 -0.037542835 -0.037942596 -0.879329145 -0.003125830 -0.476204038 -0.403433800
-0.476050973 0.040509779 0.878484309 4.187123299 0.016040331 0.999172270 -0.037382837 -0.042834185 -0.879271507 -0.003704956 -0.476306677 -0.444123268
-0.476324558 0.038812134 0.878412426 4.262763023 0.014495530 0.999236166 -0.036290362 -0.047327913 -0.879149973 -0.004552941 -0.476523280 -0.483480453
-0.476477861 0.038299732 0.878351927 4.339184284 0.014200384 0.999255657 -0.035868376 -0.052091159 -0.879071891 -0.004617548 -0.476667047 -0.523809910
-0.475858808 0.037610624 0.878717244 4.415146351 0.012910934 0.999276340 -0.035779003 -0.056762852 -0.879427016 -0.005680691 -0.476000071 -0.563590050
-0.474686861 0.036058221 0.879415870 4.491420269 0.013150250 0.999339461 -0.033877205 -0.061757758 -0.880056560 -0.004516526 -0.474847436 -0.603449345
-0.472387195 0.034160644 0.880728900 4.568610668 0.013353035 0.999411345 -0.031601928 -0.065951690 -0.881289959 -0.003167945 -0.472565293 -0.644209862
-0.470084786 0.032717440 0.882014930 4.645290375 0.013690497 0.999462783 -0.029777477 -0.070525356 -0.882515311 -0.001922711 -0.470280170 -0.683714390
-0.467699409 0.032348484 0.883295417 4.722206116 0.013624562 0.999475181 -0.029389154 -0.074967757 -0.883782566 -0.001710776 -0.467894673 -0.723376274
-0.465524673 0.032740500 0.884429157 4.798338413 0.014290020 0.999463320 -0.029477289 -0.079160884 -0.884919584 -0.001083892 -0.465742707 -0.762626171
-0.464658976 0.033250391 0.884865463 4.874139786 0.014200549 0.999446034 -0.030099003 -0.083760262 -0.885376096 -0.001420190 -0.464873672 -0.801219940
-0.465412140 0.034636486 0.884416044 4.948402405 0.013806270 0.999396503 -0.031874113 -0.088465229 -0.884986341 -0.002624116 -0.465609550 -0.839622021
-0.468199015 0.036644716 0.882862866 5.025921822 0.012644573 0.999315262 -0.034772612 -0.092879340 -0.883532584 -0.005117078 -0.468341827 -0.879110336
-0.472776890 0.036915384 0.880408466 5.101046562 0.010792322 0.999289751 -0.036104608 -0.097549699 -0.881115973 -0.007567776 -0.472839594 -0.918398857
-0.478137970 0.035648625 0.877560973 5.176502228 0.012534313 0.999351144 -0.033766728 -0.102371246 -0.878195286 -0.005145528 -0.478274465 -0.958721161
-0.483532667 0.033113502 0.874699771 5.251665115 0.013212722 0.999446452 -0.030532064 -0.107171021 -0.875226617 -0.003206086 -0.483702540 -0.999491692
-0.488857150 0.030680507 0.871824265 5.326449871 0.010129123 0.999513626 -0.029494355 -0.111730434 -0.872305095 -0.005587707 -0.488930106 -1.040016651
-0.493700862 0.033841584 0.868973196 5.400314331 0.012283743 0.999414206 -0.031942606 -0.116277352 -0.869545102 -0.005095847 -0.493827462 -1.081316471
-0.498705626 0.035304133 0.866052389 5.472575188 0.012370686 0.999358296 -0.033614773 -0.120573327 -0.866683364 -0.006050208 -0.498822331 -1.122067451
-0.503665686 0.036447488 0.863129437 5.544498920 0.011422114 0.999303222 -0.035532519 -0.125036478 -0.863823116 -0.008037749 -0.503731132 -1.162501812
-0.507338166 0.036744993 0.860963345 5.615870476 0.010540433 0.999280334 -0.036437076 -0.129737735 -0.861682653 -0.009410990 -0.507360458 -1.203620911
-0.510746717 0.035833109 0.858984232 5.687873840 0.011217229 0.999323726 -0.035017774 -0.134431660 -0.859658122 -0.008249787 -0.510803342 -1.245415688
-0.513286948 0.029179772 0.857720792 5.759732246 0.011987331 0.999568105 -0.026831841 -0.138289109 -0.858133316 -0.003490652 -0.513415098 -1.287445068
-0.515463591 0.020225184 0.856672883 5.830698967 0.011140296 0.999795079 -0.016900998 -0.142163306 -0.856839180 0.000831741 -0.515583277 -1.329117775
-0.517148852 0.018884320 0.855687261 5.902023315 0.012386732 0.999817014 -0.014579020 -0.145444006 -0.855805993 0.003059645 -0.517288208 -1.371065140
-0.518396974 0.023580421 0.854814887 5.971783638 0.012486406 0.999721885 -0.020005438 -0.148500919 -0.855048895 0.000302805 -0.518547297 -1.412204266
-0.519709110 0.030147579 0.853811383 6.040874004 0.014406547 0.999544382 -0.026524162 -0.151813760 -0.854222000 -0.001484371 -0.519906640 -1.453224659
-0.519911885 0.033669416 0.853556156 6.110030174 0.019657215 0.999429882 -0.027450101 -0.155242935 -0.853993773 0.002506906 -0.520277262 -1.495648861
-0.519500494 0.035007894 0.853752971 6.178921700 0.023530586 0.999367535 -0.026660651 -0.159427300 -0.854146361 0.006239089 -0.519995689 -1.537811756
-0.518890500 0.031389862 0.854264259 6.248270035 0.021339951 0.999489784 -0.023764020 -0.162467718 -0.854574382 0.005899034 -0.519295573 -1.579655647
-0.518638015 0.026674639 0.854577720 6.317790031 0.019858360 0.999619365 -0.019150026 -0.165376306 -0.854763329 0.007038583 -0.518970251 -1.620107174
-0.518122315 0.020060632 0.855071187 6.386488914 0.016628660 0.999772191 -0.013379449 -0.168559834 -0.855144858 0.007286497 -0.518337965 -1.659962654
-0.517204523 0.014420932 0.855740428 6.455614567 0.008116828 0.999895692 -0.011944474 -0.171581581 -0.855823457 0.000768162 -0.517267585 -1.699931145
-0.516129494 0.009864892 0.856453836 6.525372505 0.000788221 0.999938726 -0.011042585 -0.173635796 -0.856510282 -0.005024328 -0.516105652 -1.739586830
-0.514249086 0.010288458 0.857579350 6.593911648 0.004017320 0.999945998 -0.009587452 -0.176511601 -0.857631683 -0.001485166 -0.514262557 -1.779396057
-0.511109948 0.014053006 0.859400511 6.661995888 0.008780448 0.999899507 -0.011128479 -0.178957522 -0.859470546 0.001858045 -0.511182070 -1.820154190
-0.505785584 0.017150221 0.862488925 6.730450630 0.010421778 0.999850869 -0.013770009 -0.181099981 -0.862596452 0.002023997 -0.505888939 -1.859224319
-0.498122573 0.019431999 0.866889119 6.799294472 0.015748532 0.999786675 -0.013361756 -0.183574945 -0.866963863 0.006996439 -0.498322368 -1.898376465
-0.489807129 0.022331377 0.871544898 6.868025303 0.022878660 0.999656856 -0.012756184 -0.186637253 -0.871530712 0.013691709 -0.490149975 -1.937282562
-0.480101943 0.021390190 0.876952112 6.936986923 0.020076970 0.999708712 -0.013392948 -0.188913271 -0.876983106 0.011176560 -0.480391502 -1.973435402
-0.469546318 0.019299142 0.882696867 7.007170677 0.018049289 0.999761939 -0.012257401 -0.191136345 -0.882723272 0.010176633 -0.469782948 -2.009081841
-0.458226562 0.015911119 0.888692975 7.077378273 0.017866915 0.999802649 -0.008687909 -0.193405434 -0.888655782 0.011897173 -0.458420396 -2.043994904
-0.447111964 0.015235632 0.894348264 7.147844791 0.016966213 0.999819517 -0.008550455 -0.195485234 -0.894317091 0.011350691 -0.447289824 -2.078157425
-0.435504079 0.014302763 0.900073171 7.218502998 0.017994041 0.999812305 -0.007181196 -0.197818875 -0.900006950 0.013068513 -0.435679674 -2.111066818
-0.423194289 0.015599989 0.905904651 7.289295197 0.019486809 0.999777198 -0.008113225 -0.199894935 -0.905829370 0.014219723 -0.423403978 -2.143822670
-0.411412001 0.019330613 0.911244571 7.360160351 0.019375708 0.999734640 -0.012459978 -0.202891797 -0.911243618 0.012529824 -0.411677361 -2.174592018
-0.400063038 0.028843807 0.916033626 7.430195808 0.022943942 0.999506593 -0.021451782 -0.205547884 -0.916200399 0.012435359 -0.400527358 -2.204051971
-0.387401819 0.033118390 0.921316087 7.501308918 0.022211529 0.999399722 -0.026585590 -0.208349079 -0.921643555 0.010164536 -0.387904882 -2.233333588
-0.375584245 0.029554041 0.926316977 7.573094845 0.019945784 0.999517679 -0.023802292 -0.211590022 -0.926573634 0.009536351 -0.375992656 -2.261614799
-0.363861084 0.026091645 0.931087792 7.644792557 0.021027813 0.999582946 -0.019793583 -0.215749010 -0.931215942 0.012376627 -0.364257932 -2.288420677
-0.354339361 0.026697351 0.934735954 7.716577053 0.017826205 0.999603570 -0.021792516 -0.219142869 -0.934947193 0.008940850 -0.354674816 -2.314284325
-0.347562551 0.031202069 0.937137485 7.788759232 0.013194932 0.999509990 -0.028385071 -0.222900033 -0.937563956 0.002499878 -0.347803950 -2.339487076
-0.342583060 0.036171738 0.938791037 7.860355377 0.006562752 0.999326289 -0.036109295 -0.226229310 -0.939464748 -0.006209376 -0.342589617 -2.363952637
-0.339169025 0.038363326 0.939942837 7.932887554 0.002756156 0.999204338 -0.039787523 -0.229845628 -0.940721393 -0.010904065 -0.339004874 -2.388881683
-0.335682392 0.038032260 0.941207230 8.004611969 0.001135212 0.999200225 -0.039970763 -0.234248027 -0.941974580 -0.012349008 -0.335457087 -2.412882805
-0.331324577 0.038009427 0.942750931 8.075808525 -0.000403657 0.999182463 -0.040426470 -0.238393500 -0.943516731 -0.013774831 -0.331038356 -2.435850143
-0.325844049 0.033958320 0.944813609 8.148112297 -0.003022285 0.999312222 -0.036959413 -0.242515028 -0.945418835 -0.014898497 -0.325517297 -2.459327698
-0.320264220 0.029975513 0.946853936 8.220054626 -0.002570805 0.999468088 -0.032510724 -0.247025639 -0.947324812 -0.012846198 -0.320016742 -2.482709885
-0.314705253 0.027251808 0.948798358 8.293086052 -0.004822232 0.999528944 -0.030308397 -0.250935346 -0.949177384 -0.014113530 -0.314425588 -2.505405426
-0.308966517 0.025696041 0.950725853 8.366143227 -0.013348451 0.999419332 -0.031350095 -0.254801512 -0.950979352 -0.022376841 -0.308444023 -2.527294159
-0.302981377 0.025845179 0.952645957 8.438920021 -0.020575477 0.999221802 -0.033652637 -0.258593798 -0.952774346 -0.029797265 -0.302213788 -2.547854424
-0.296115875 0.029933257 0.954682827 8.511500359 -0.019030394 0.999125540 -0.037229415 -0.262701035 -0.954962373 -0.029192215 -0.295287251 -2.569521904
-0.289274573 0.033550676 0.956658065 8.583071709 -0.017738326 0.999026120 -0.040400270 -0.266526669 -0.957081854 -0.028656278 -0.288397670 -2.590167999
-0.282672167 0.031435438 0.958701372 8.656679153 -0.018135240 0.999109089 -0.038107548 -0.270812660 -0.959045112 -0.028158221 -0.281850219 -2.610942841
-0.275744081 0.026551588 0.960864365 8.729734421 -0.018556729 0.999285102 -0.032938588 -0.275144219 -0.961052001 -0.026913118 -0.275054216 -2.630784035
-0.268828034 0.023927921 0.962890923 8.803160667 -0.019767573 0.999343753 -0.030352656 -0.279058218 -0.962985337 -0.027193662 -0.268178701 -2.650053024
-0.262385726 0.027221479 0.964579225 8.876194000 -0.021320226 0.999194443 -0.033997908 -0.282837003 -0.964727700 -0.029485606 -0.261594057 -2.668794632
-0.255886674 0.030067917 0.966239154 8.949652672 -0.020859322 0.999111712 -0.036614981 -0.286810875 -0.966481805 -0.029524373 -0.255032182 -2.687561989
-0.249387741 0.030658880 0.967918277 9.021788597 -0.022309240 0.999051571 -0.037393086 -0.291016072 -0.968146741 -0.030918896 -0.248467207 -2.704348564
-0.242466092 0.030055834 0.969694197 9.095418930 -0.022464354 0.999078095 -0.036583669 -0.295128077 -0.969899774 -0.030653857 -0.241567373 -2.721815109
-0.234528184 0.029778171 0.971653104 9.169441223 -0.018740337 0.999206483 -0.035145953 -0.299370110 -0.971928656 -0.026451822 -0.233783960 -2.739261627
-0.226832509 0.030878264 0.973444104 9.242614746 -0.016039263 0.999243319 -0.035434108 -0.303516269 -0.973801672 -0.023650935 -0.226165652 -2.755733490
-0.220524192 0.031317167 0.974878609 9.316533089 -0.015109065 0.999254823 -0.035518005 -0.307558924 -0.975264490 -0.022562083 -0.219886780 -2.771393776
-0.214046478 0.030006219 0.976362526 9.389493942 -0.021958319 0.999127686 -0.035519745 -0.311675042 -0.976576626 -0.029042158 -0.213200927 -2.785690308
-0.207910061 0.028661041 0.977727890 9.463106155 -0.026016893 0.999054968 -0.034818612 -0.315332204 -0.977801859 -0.032676585 -0.206967831 -2.800395012
-0.202906728 0.028287649 0.978789508 9.537251472 -0.022497093 0.999184132 -0.033540796 -0.320223778 -0.978939772 -0.028825566 -0.202104688 -2.815531731
-0.198794723 0.029325116 0.979602396 9.609853745 -0.020903263 0.999197960 -0.034153711 -0.323377788 -0.979818285 -0.027266460 -0.198022246 -2.828759193
-0.194384217 0.030084729 0.980463982 9.683495522 -0.020434972 0.999188483 -0.034710661 -0.327555150 -0.980712533 -0.026782962 -0.193611741 -2.842374802
-0.188163877 0.029237542 0.981702447 9.755960464 -0.013544495 0.999384463 -0.032360245 -0.331485540 -0.982044339 -0.019385690 -0.187652111 -2.856625557
-0.182894230 0.027543047 0.982746720 9.830844879 -0.007128412 0.999544084 -0.029340453 -0.335465848 -0.983106792 -0.012371621 -0.182614446 -2.870247841
-0.178167939 0.026360620 0.983646929 9.904253960 -0.005051887 0.999603450 -0.027703285 -0.339681029 -0.983987153 -0.009905111 -0.177964091 -2.883109093
-0.174036145 0.028723067 0.984320402 9.977039337 -0.007177288 0.999510944 -0.030435344 -0.342635989 -0.984713256 -0.012361595 -0.173744917 -2.895054817
-0.170474768 0.030061988 0.984903514 10.051816940 -0.009029943 0.999444842 -0.032068804 -0.346224785 -0.985320807 -0.014360538 -0.170108676 -2.906733513
-0.168908000 0.029798247 0.985181391 10.125386238 -0.011487073 0.999415517 -0.032198224 -0.349878997 -0.985565007 -0.016755383 -0.168467045 -2.917783737
-0.168423891 0.028409589 0.985305190 10.198494911 -0.012034382 0.999450803 -0.030874562 -0.353724897 -0.985641241 -0.017057553 -0.167989492 -2.928544044
-0.167704225 0.023901111 0.985547662 10.272690773 -0.010871881 0.999600410 -0.026091911 -0.357310712 -0.985777497 -0.015090477 -0.167377353 -2.940049171
-0.166676521 0.018852532 0.985831380 10.346525192 -0.012266714 0.999700189 -0.021191711 -0.360656321 -0.985935330 -0.015625073 -0.166395307 -2.951644897
-0.165281773 0.016449915 0.986109257 10.418145180 -0.011913545 0.999754667 -0.018674374 -0.364292860 -0.986174464 -0.014834590 -0.165045261 -2.963372231
-0.164120197 0.021398455 0.986208200 10.490021706 -0.011498818 0.999655247 -0.023603806 -0.367169201 -0.986373305 -0.015214092 -0.163817644 -2.974443436
-0.164096594 0.024347011 0.986143947 10.561644554 -0.011868916 0.999574244 -0.026653612 -0.370821714 -0.986373007 -0.016078221 -0.163737774 -2.985459328
-0.164187312 0.023574166 0.986147404 10.633831978 -0.015265523 0.999533951 -0.026435789 -0.373842299 -0.986311018 -0.019394480 -0.163750887 -2.996169090
-0.163426757 0.023113428 0.986284733 10.705100060 -0.016955599 0.999512076 -0.026232941 -0.377146542 -0.986409843 -0.021010211 -0.162955046 -3.006917000
-0.163303137 0.023436671 0.986297488 10.776340485 -0.013988510 0.999562323 -0.026067978 -0.380197972 -0.986476719 -0.018053817 -0.162903786 -3.017939568
-0.162428856 0.026231162 0.986371577 10.847057343 -0.015513035 0.999455154 -0.029133681 -0.383147240 -0.986598372 -0.020033766 -0.161933422 -3.028633118
-0.162793040 0.027032798 0.986289859 10.918313026 -0.024349120 0.999210060 -0.031405892 -0.386854827 -0.986359775 -0.029127952 -0.162006259 -3.038359642
-0.162560821 0.028721653 0.986280441 10.988874435 -0.030415766 0.998955369 -0.034103949 -0.390479088 -0.986229658 -0.035542440 -0.161517382 -3.047942162
-0.162296176 0.032132257 0.986218870 11.059202194 -0.028063640 0.998915017 -0.037164185 -0.394326746 -0.986343026 -0.033708494 -0.161218405 -3.058587074
-0.161986351 0.032888506 0.986244798 11.129641533 -0.026378563 0.998942971 -0.037644520 -0.398528695 -0.986440361 -0.032113619 -0.160947680 -3.069159508
-0.160154462 0.034213249 0.986498952 11.199689865 -0.027158897 0.998868048 -0.039051373 -0.402490616 -0.986718357 -0.033046473 -0.159044027 -3.079524994
-0.158402681 0.033300158 0.986812949 11.269488335 -0.019086525 0.999141097 -0.036779933 -0.406327665 -0.987190127 -0.024660867 -0.157631040 -3.090432167
-0.154685616 0.029988935 0.987508655 11.338369370 -0.012995556 0.999390960 -0.032385439 -0.410528392 -0.987878442 -0.017842779 -0.154201746 -3.101400375
-0.153038740 0.025129031 0.987900794 11.407968521 -0.010026075 0.999585688 -0.026979433 -0.414247930 -0.988169491 -0.014033663 -0.152723432 -3.111667633
-0.149006128 0.024729718 0.988527000 11.477560997 -0.007357892 0.999631822 -0.026116619 -0.417866051 -0.988808870 -0.011165010 -0.148769259 -3.121479034
-0.144018531 0.029572573 0.989133000 11.545627594 -0.007127803 0.999496460 -0.030920228 -0.421648115 -0.989549279 -0.011503434 -0.143735290 -3.130708694
-0.137915850 0.032558367 0.989908874 11.613879204 -0.005458457 0.999419391 -0.033631656 -0.425161183 -0.990429103 -0.010041705 -0.137658000 -3.139199257
-0.129477143 0.033299740 0.991023242 11.683597565 -0.006372151 0.999387383 -0.034413315 -0.428269148 -0.991562068 -0.010770684 -0.129185677 -3.147618294
-0.120124817 0.028983392 0.992335677 11.752805710 -0.004570780 0.999547005 -0.029747322 -0.431836188 -0.992748320 -0.008109138 -0.119937897 -3.154864311
-0.108546853 0.027231928 0.993718266 11.821184158 -0.001355926 0.999619722 -0.027541766 -0.435468972 -0.994090438 -0.004336981 -0.108468652 -3.161577225
-0.094917774 0.029862637 0.995037079 11.889827728 0.003404605 0.999553859 -0.029673422 -0.438799351 -0.995479286 0.000571170 -0.094977140 -3.167794228
-0.080656648 0.031061731 0.996257782 11.957721710 0.002342616 0.999517441 -0.030973703 -0.441926658 -0.996739149 -0.000164389 -0.080690503 -3.172788620
-0.067272186 0.031037135 0.997251749 12.025428772 0.003500662 0.999517202 -0.030871494 -0.445182711 -0.997728467 0.001414247 -0.067348361 -3.176561356
-0.053539753 0.032748047 0.998028576 12.092785835 0.004072133 0.999460936 -0.032576598 -0.448805511 -0.998557389 0.002319964 -0.053644180 -3.179759026
-0.040528774 0.038551111 0.998434365 12.157062531 0.001329679 0.999256611 -0.038528886 -0.452982068 -0.999177456 -0.000233935 -0.040549994 -3.180403709
-0.027957916 0.048120145 0.998450220 12.222264290 -0.005823403 0.998815835 -0.048300829 -0.456611514 -0.999592185 -0.007164765 -0.027644515 -3.180584908
-0.014622927 0.055848144 0.998332143 12.287483215 -0.009918568 0.998381734 -0.055996194 -0.460750103 -0.999843895 -0.010720855 -0.014045358 -3.179822922
-0.001475334 0.056468736 0.998403311 12.352428436 -0.010276643 0.998350799 -0.056480955 -0.465136826 -0.999946117 -0.010343556 -0.000892520 -3.179134369
0.010203540 0.052708626 0.998557925 12.417149544 -0.014321114 0.998515069 -0.052560031 -0.469807893 -0.999845505 -0.013764158 0.010943234 -3.177279472
0.020593762 0.050439794 0.998514771 12.481519699 -0.017820148 0.998586416 -0.050075881 -0.474736035 -0.999629080 -0.016762426 0.021463513 -3.174336433
0.029558241 0.057121545 0.997929633 12.544988632 -0.021912200 0.998162925 -0.056485869 -0.479425669 -0.999322891 -0.020197205 0.030755639 -3.171175003
0.035846233 0.065101676 0.997234583 12.607505798 -0.025825178 0.997602999 -0.064197421 -0.483875066 -0.999023616 -0.023452524 0.037441552 -3.167375565
0.038740158 0.068176970 0.996920824 12.670940399 -0.028425597 0.997341156 -0.067101106 -0.488314629 -0.998844922 -0.025738562 0.040575147 -3.163748741
0.038855195 0.063424550 0.997230113 12.734333038 -0.030785017 0.997585833 -0.062247697 -0.493386358 -0.998770714 -0.028281081 0.040713966 -3.160231590
0.037065208 0.059240025 0.997555435 12.797702789 -0.032062892 0.997797906 -0.058063097 -0.498940021 -0.998798370 -0.029832395 0.038882971 -3.156895638
0.034318984 0.056357879 0.997820616 12.860609055 -0.030303014 0.998008370 -0.055326246 -0.503537893 -0.998951435 -0.028338233 0.035958469 -3.154238701
0.031341195 0.056792207 0.997893989 12.923010826 -0.028455326 0.998030424 -0.055906270 -0.507779777 -0.999103606 -0.026643230 0.032895505 -3.151608467
0.027877629 0.056663837 0.998004138 12.985250473 -0.026762035 0.998076499 -0.055920392 -0.512564719 -0.999253154 -0.025149686 0.029340446 -3.149312973
0.023164213 0.055575028 0.998185873 13.047257423 -0.027755935 0.998104572 -0.054926392 -0.517176032 -0.999346375 -0.026433248 0.024662852 -3.146910667
0.018493176 0.055475265 0.998288810 13.109464645 -0.028343141 0.998087347 -0.054939013 -0.521362126 -0.999427199 -0.027278641 0.020030141 -3.146080017
0.012972295 0.053669035 0.998474538 13.171440125 -0.029421486 0.998146653 -0.053269166 -0.525765002 -0.999482930 -0.028685581 0.014527261 -3.144722939
0.006768644 0.050847143 0.998683572 13.234107971 -0.026909886 0.998353958 -0.050647978 -0.530528486 -0.999615014 -0.026531635 0.008125842 -3.143253326
0.001722753 0.050935466 0.998700500 13.293388367 -0.028364342 0.998302579 -0.050866246 -0.534669101 -0.999596238 -0.028239848 0.003164589 -3.142601013
-0.003727674 0.052272093 0.998626053 13.353652000 -0.029874608 0.998181283 -0.052360330 -0.538757503 -0.999546826 -0.030028732 -0.002159357 -3.141757965
-0.007801652 0.054262899 0.998496413 13.414067268 -0.030210681 0.998058021 -0.054475129 -0.543405712 -0.999513268 -0.030590238 -0.006147146 -3.141119003
-0.009928346 0.056718145 0.998340845 13.474235535 -0.030058729 0.997921944 -0.056993276 -0.547825992 -0.999498844 -0.030574709 -0.008202910 -3.141409874
-0.011343479 0.058276679 0.998236179 13.534832954 -0.027339952 0.997908950 -0.058568258 -0.552053094 -0.999561965 -0.027956080 -0.009726405 -3.141793251
-0.010804534 0.056533337 0.998342335 13.594183922 -0.023679951 0.998106062 -0.056776237 -0.556440055 -0.999661267 -0.024254130 -0.009445310 -3.141752243
-0.006682396 0.052896194 0.998577774 13.655172348 -0.021538764 0.998360693 -0.053028833 -0.561095834 -0.999745786 -0.021862483 -0.005532146 -3.142028809
0.000642598 0.052616026 0.998614609 13.714309692 -0.021070452 0.998393834 -0.052590836 -0.565810144 -0.999777794 -0.021007469 0.001750231 -3.141144753
0.012052953 0.053223725 0.998509943 13.773037910 -0.018018367 0.998431802 -0.053002063 -0.570080400 -0.999765098 -0.017352682 0.012993038 -3.140020370
0.026412129 0.053442907 0.998221636 13.831151962 -0.015442905 0.998472571 -0.053047739 -0.574186325 -0.999531984 -0.014014333 0.027197123 -3.137924194
0.041697204 0.050822902 0.997836828 13.889232635 -0.016479610 0.998604536 -0.050173361 -0.578244150 -0.998994410 -0.014351871 0.042476594 -3.134653091
0.057929218 0.046369806 0.997243226 13.946765900 -0.021452365 0.998747885 -0.045193613 -0.582063079 -0.998090148 -0.018775195 0.058851480 -3.129970551
0.073922336 0.039770182 0.996470749 14.004019737 -0.022332478 0.999019921 -0.038215209 -0.585778594 -0.997013986 -0.019428696 0.074738026 -3.124386787
0.090250194 0.032870706 0.995376468 14.060559273 -0.022644244 0.999264538 -0.030945962 -0.588637590 -0.995661616 -0.019746670 0.090928137 -3.117902756
0.107709229 0.025681084 0.993850708 14.116653442 -0.022934489 0.999464452 -0.023340601 -0.591405392 -0.993917882 -0.020279460 0.108240545 -3.110789299
0.124156356 0.020039411 0.992060304 14.171922684 -0.024683522 0.999549031 -0.017101539 -0.594032049 -0.991955638 -0.022364276 0.124595046 -3.102105141
0.141635299 0.017759498 0.989759564 14.226409912 -0.025815012 0.999565303 -0.014241298 -0.596480787 -0.989582241 -0.023533585 0.142032206 -3.092720032
0.159567535 0.016328715 0.987052023 14.280174255 -0.024275659 0.999625742 -0.012612300 -0.598349571 -0.986888528 -0.021948824 0.159904242 -3.083114624
0.176306546 0.015605976 0.984211624 14.332996368 -0.025465988 0.999611974 -0.011288324 -0.600129843 -0.984005868 -0.023073716 0.176635563 -3.071806908
0.191569746 0.014535563 0.981371403 14.385943413 -0.029734887 0.999517322 -0.008999896 -0.601660013 -0.981028497 -0.027456859 0.191909492 -3.059010983
0.205438733 0.011704035 0.978600025 14.437161446 -0.032603864 0.999455273 -0.005108892 -0.603087723 -0.978126764 -0.030856578 0.205708444 -3.046668530
0.217461646 0.008008509 0.976036072 14.488960266 -0.029701030 0.999557555 -0.001584092 -0.604488134 -0.975616932 -0.028644795 0.217603326 -3.034261227
0.227943420 0.006984427 0.973649323 14.539962769 -0.027399443 0.999624252 -0.000756205 -0.605488777 -0.973288774 -0.026505079 0.228049159 -3.021455288
0.238688707 0.010446212 0.971039951 14.589069366 -0.031188672 0.999508739 -0.003086070 -0.607152641 -0.970595181 -0.029548837 0.238897264 -3.009348392
0.247228086 0.017484698 0.968799591 14.639200211 -0.035194982 0.999339461 -0.009054465 -0.608586550 -0.968317986 -0.031858366 0.247680128 -2.994414330
0.255417705 0.027207918 0.966447890 14.687189102 -0.036053628 0.999176741 -0.018600883 -0.610621214 -0.966158330 -0.030092956 0.256188393 -2.979863644
0.263698220 0.032678269 0.964051545 14.736707687 -0.030734194 0.999203205 -0.025463035 -0.612039566 -0.964115500 -0.022914791 0.264492393 -2.966331959
0.270384729 0.030785972 0.962260008 14.785970688 -0.029089272 0.999293506 -0.023797026 -0.613471746 -0.962312818 -0.021557091 0.271089196 -2.951996803
0.275422633 0.023893287 0.961026251 14.835959435 -0.032567300 0.999349177 -0.015512548 -0.614571452 -0.960771441 -0.027025525 0.276021481 -2.935402393
0.279439867 0.013977539 0.960061431 14.886216164 -0.037506495 0.999289811 -0.003631852 -0.616381645 -0.959430397 -0.034993656 0.279765666 -2.919131279
0.281208158 0.005913931 0.959628582 14.935875893 -0.037913367 0.999268770 0.004951853 -0.618248224 -0.958897531 -0.037775252 0.281226754 -2.903564453
0.282343566 0.004930480 0.959300756 14.984676361 -0.034187026 0.999403298 0.004925413 -0.619433224 -0.958704114 -0.034186296 0.282343626 -2.889118195
0.283243358 0.007312910 0.959020197 15.034603119 -0.031429131 0.999504626 0.001660868 -0.619889617 -0.958532929 -0.030611603 0.283332884 -2.873543262
0.284538925 0.006983526 0.958639145 15.084115982 -0.028627325 0.999589443 0.001215194 -0.620081782 -0.958237052 -0.027789040 0.284622014 -2.858263493
0.286236584 0.005260754 0.958144546 15.134376526 -0.030989578 0.999512613 0.003769956 -0.620189488 -0.957657695 -0.030771594 0.286260128 -2.842323303
0.288935006 0.001576426 0.957347453 15.184700012 -0.031291783 0.999479890 0.007798303 -0.621122122 -0.956837177 -0.032210309 0.288834035 -2.826344013
0.291994750 -0.003187017 0.956414640 15.235301971 -0.030729091 0.999446929 0.012712048 -0.621460676 -0.955926120 -0.033101603 0.291735291 -2.810255051
0.296322525 -0.006193407 0.955067992 15.285900116 -0.028990712 0.999459863 0.015476040 -0.621905446 -0.954648018 -0.032273997 0.295982897 -2.794110298
0.302181840 -0.008364448 0.953213573 15.335617065 -0.027325952 0.999474525 0.017433090 -0.621854067 -0.952858508 -0.031315431 0.301794469 -2.777444839
0.309996367 -0.010705453 0.950677514 15.385536194 -0.026289089 0.999457717 0.019827096 -0.621407628 -0.950374246 -0.031138772 0.309546828 -2.760360718
0.319224596 -0.013134757 0.947588086 15.436510086 -0.023553977 0.999485075 0.021789009 -0.622062325 -0.947386324 -0.029275056 0.318750858 -2.742467403
0.329796672 -0.011496294 0.943982124 15.486495972 -0.024956308 0.999470234 0.020890988 -0.622685850 -0.943722188 -0.030448087 0.329335093 -2.723222256
0.341228783 -0.007868153 0.939947426 15.536612511 -0.025667900 0.999514103 0.017684989 -0.622579575 -0.939629793 -0.030161103 0.340861022 -2.704157352
0.352674007 -0.004122206 0.935737193 15.587197304 -0.027514333 0.999512255 0.014773154 -0.622012436 -0.935341716 -0.030956293 0.352388561 -2.683641434
0.364250243 -0.004241827 0.931291521 15.638032913 -0.025830233 0.999558926 0.014655591 -0.622293651 -0.930942953 -0.029393779 0.363979995 -2.663111210
0.375181854 -0.007186230 0.926923394 15.688188553 -0.024827600 0.999533296 0.017798385 -0.622314453 -0.926618695 -0.029690912 0.374828279 -2.641987801
0.386249900 -0.008575930 0.922354341 15.740404129 -0.025746725 0.999466896 0.020074748 -0.622296035 -0.922034800 -0.031501472 0.385823190 -2.618677139
0.397216380 -0.009129494 0.917679548 15.791376114 -0.027210735 0.999393702 0.021720553 -0.621961296 -0.917321444 -0.033598494 0.396727145 -2.595397472
0.406162560 -0.009851618 0.913747787 15.842162132 -0.031568255 0.999193728 0.024805009 -0.621563435 -0.913255453 -0.038920287 0.405524075 -2.570889950
0.412916601 -0.008650828 0.910727739 15.892854691 -0.034992099 0.999065876 0.025355069 -0.620954156 -0.910096407 -0.042337801 0.412228167 -2.546082973
0.416724265 -0.011738606 0.908957243 15.944662094 -0.034809452 0.998977184 0.028860046 -0.620684743 -0.908366323 -0.043666981 0.415889442 -2.520940304
0.419034064 -0.015261197 0.907842278 15.997103691 -0.031957466 0.998991311 0.031544104 -0.619855523 -0.907407939 -0.042230394 0.418123722 -2.496438503
