1.0 0.0 0.0 0.0 0.0 1.0 0.0 0.0 0.0 0.0 1.0 0.0
0.9999908410033473 -0.00260712303329118 -0.0033942331840038 0.0003808285213281824 0.002600126461665086 0.9999944894121361 -0.002064094897216864 -0.013777807919067827 0.0033995958291330405 0.002055250556659824 0.9999921093155425 0.9999050089776441
0.9999701382138704 -0.0015087040078608162 -0.0075793464592769115 0.0003808285213281824 0.0014838825943484604 0.999993521688237 -0.0032794319636274944 -0.013777807919067827 0.007584245050054619 0.0032680871736441223 0.9999658988351782 0.9999050089776441
0.9999330709264534 -0.0013872846262208492 -0.011486039742199078 0.0003808285213281824 0.00133534153819429 0.9999888537405024 -0.004528714799136365 -0.013777807919067827 0.011492194332236914 0.004513073910473389 0.9999237779117507 0.9999050089776441
0.9998657499890966 5.627156403359802e-05 -0.016385323684752304 0.0003808285213281824 -0.00013939340186793164 0.9999871283878233 -0.00507184662159604 -0.013777807919067827 0.016384827378478538 0.005073449732140901 0.9998528879488184 0.9999050089776441
0.999781110391936 -0.000990296698706474 -0.02089857927988502 0.0003808285213281824 0.0008792974448877982 0.9999854629052677 -0.005319850950906861 -0.013777807919067827 0.02090354370609258 0.005300310423454657 0.999767447244579 0.9999050089776441
0.9996774867253544 0.000721164090182289 -0.025385083352935035 0.0003808285213281824 -0.0008884756883733281 0.9999779550214065 -0.006580279793127679 -0.013777807919067827 0.025379778277825796 0.006600711594949911 0.9996560895933203 0.9999050089776441
0.9995399636957268 0.003291128902175372 -0.030150115185450806 0.0003808285213281824 -0.0035051797260649544 0.9999690093369886 -0.007049402860364809 -0.013777807919067827 0.030125980319894552 0.007151841451612113 0.9995205232878492 0.9999050089776441
0.9993984807535757 0.004100524694402139 -0.034436352371830375 0.0003808285213281824 -0.004298957964557068 0.9999745696532809 -0.0056902554558580926 -0.013777807919067827 0.034412143610435646 0.005834873088983449 0.9993906936869934 0.9999050089776441
0.9992418876757024 0.002966207867450997 -0.038818185495821465 0.0003808285213281824 -0.0030784576798704565 0.9999912507534565 -0.0028322278950300766 -0.013777807919067827 0.038809444889281564 0.00294958088941583 0.9992422764074599 0.9999050089776441
0.999108035096546 0.0029025851455391897 -0.04212729762273094 0.0003808285213281824 -0.002922787071975143 0.9999956413027964 -0.00041796069129104615 -0.013777807919067827 0.04212590083610265 0.0005407170058923092 0.9991121639254856 0.9999050089776441
0.99898424547861 0.004525677877561288 -0.04483297363863768 0.0003808285213281824 -0.004573395112030015 0.9999890794209457 -0.0009618191083078838 -0.013777807919067827 0.04482813115314415 0.0011658810386965203 0.9989940337052671 0.9999050089776441
0.9988799282767709 0.003923960891455879 -0.047153911998022977 0.0003808285213281824 -0.0039860422515269065 0.9999913083090252 -0.00122260932910405 -0.013777807919067827 0.04714870467959872 0.0014091974045148251 0.9988868873950199 0.9999050089776441
0.998805100965346 0.0005757790910171362 -0.04886756351656142 0.0003808285213281824 -0.0006606050939923355 0.9999983031123427 -0.0017197015273621194 -0.013777807919067827 0.04886649042561382 0.0017499288190571647 0.9988037864678987 0.9999050089776441
0.9986940179188651 0.00027828542494124855 -0.05108993178991089 0.0003808285213281824 -0.00033251058306012985 0.9999993904501715 -0.0010528703601662092 -0.013777807919067827 0.05108960764957619 0.0010684832733500163 0.9986935016979467 0.9999050089776441
0.9986281250632258 -0.0008572807169138931 -0.05235582968954322 0.0003808285213281824 0.0007941658392675163 0.9999989327554886 -0.0012262905450951276 -0.013777807919067827 0.05235682508830904 0.0011830290164051493 0.9986277401059005 0.9999050089776441
0.9985254672388462 0.0013146529749629087 -0.054269355653086285 0.0003808285213281824 -0.0014991261314534505 0.9999932360370656 -0.003358645702853501 -0.013777807919067827 0.054264573123611125 0.003435049878928215 0.9985206840802252 0.9999050089776441
0.9984361532707168 0.0015762633449391695 -0.05588168962946445 0.0003808285213281824 -0.0019345553881468574 0.9999779157707223 -0.006358102412584387 -0.013777807919067827 0.055870433481642036 0.0064562655386934285 0.9984171529465359 0.9999050089776441
0.9983253563024813 0.005661012476728409 -0.057571137745094106 0.0003808285213281824 -0.006129020099263831 0.99994956825351 -0.007955882241345292 -0.013777807919067827 0.05752319598343872 0.008295413633668725 0.9983097054704497 0.9999050089776441
0.9982336100859609 0.006060774595744712 -0.059100987352595204 0.0003808285213281824 -0.006505765895100382 0.9999518998078865 -0.0073398283844191056 -0.013777807919067827 0.05905365953834019 0.0077113605734753 0.9982250248382046 0.9999050089776441
0.9981271546781354 0.005339268781040306 -0.06093993192493592 0.0003808285213281824 -0.00570109199076895 0.9999671303632769 -0.00576504493838192 -0.013777807919067827 0.060907147727051 0.006101672058753919 0.998124786263642 0.9999050089776441
0.9980318396143243 0.0062549769631089665 -0.062396493324877136 0.0003808285213281824 -0.006532012904213772 0.9999696901629069 -0.004236928476481265 -0.013777807919067827 0.062368100207314724 0.0046361642212726555 0.9980424470220904 0.9999050089776441
0.9979909771860939 0.005481741473186209 -0.06311861821656904 0.0003808285213281824 -0.005754287745717754 0.9999748862736458 -0.004137027259243593 -0.013777807919067827 0.06309435495896079 0.004491918568428209 0.9979974574315735 0.9999050089776441
0.9978746197885145 0.005092327439089209 -0.06496392370525889 0.0003808285213281824 -0.005411155848153958 0.9999741598120061 -0.004732768814834235 -0.013777807919067827 0.06493814421675903 0.00507423979732631 0.9978763898981483 0.9999050089776441
0.9978192427600098 0.004086849488509117 -0.065879104722979 0.0003808285213281824 -0.004465232510760194 0.9999743652048992 -0.005597377214277481 -0.013777807919067827 0.06585454028742313 0.00587933621358132 0.9978119126013774 0.9999050089776441
0.997766061717599 0.004468975537682651 -0.06665518991194751 0.0003808285213281824 -0.0047426309075031476 0.999980960724586 -0.003947865297200666 -0.013777807919067827 0.06663627793198999 0.004255166973601362 0.9977682596762619 0.9999050089776441
0.997748972731594 0.005086121049033902 -0.06686642495097897 0.0003808285213281824 -0.005126980274385959 0.9999867603833383 -0.0004394670608322907 -0.013777807919067827 0.06686330448247688 0.0007813006502371523 0.9977618393599629 0.9999050089776441
0.9978005833426292 0.005655622609526259 -0.06604551320118976 0.0003808285213281824 -0.005443552988023659 0.9999794359782844 0.0033904795257296374 -0.013777807919067827 0.06606333031248515 -0.0030235001978523766 0.997810851231122 0.9999050089776441
0.9979134729249379 0.003947836106407568 -0.06444466731209682 0.0003808285213281824 -0.0035654342128177757 0.9999753560138471 0.0060477304709314105 -0.013777807919067827 0.06446695458732316 -0.005805338495892925 0.9979029561090513 0.9999050089776441
0.9980177118215754 0.004309745943120651 -0.06278592979588113 0.0003808285213281824 -0.0038974089920920116 0.9999700377106387 0.006688339414765307 -0.013777807919067827 0.06281287362934403 -0.006430378751246791 0.9980046057687002 0.9999050089776441
0.9980987657060509 0.003689488147293525 -0.06152431692647856 0.0003808285213281824 -0.0034651640563983835 0.99998695596845 0.003752403364529502 -0.013777807919067827 0.06153735884908506 -0.003532077314960043 0.9980985311559772 0.9999050089776441
0.9981581465449858 0.0047334219169881476 -0.06048065147496121 0.0003808285213281824 -0.004809096724976357 0.9999878249096642 -0.0011057219916843428 -0.013777807919067827 0.06047468126885669 0.0013945427167463287 0.9981687573632229 0.9999050089776441
0.9982406268729694 0.004087176184494362 -0.05915188797578277 0.0003808285213281824 -0.0043313132097371285 0.9999826210570085 -0.003999663714429722 -0.013777807919067827 0.059134512648214496 0.004248832167343781 0.9982409813462234 0.9999050089776441
0.9982781682235161 0.0019841565069238314 -0.05862390272967882 0.0003808285213281824 -0.0021660453711047824 0.9999930355573836 -0.003039257174591668 -0.013777807919067827 0.05861746408497344 0.003161006118155245 0.9982755135455179 0.9999050089776441
0.998253382708345 3.2593925497986866e-05 -0.05907776949905933 0.0003808285213281824 8.007839053340667e-05 0.9999981826265305 0.001904817860435867 -0.013777807919067827 0.05907772421818013 -0.0019062217253211957 0.9982515658990646 0.9999050089776441
0.9981989028541606 -0.003385979590360584 -0.05989562156756846 0.0003808285213281824 0.0037180141769006534 0.999978329337843 0.005432975728828484 -0.013777807919067827 0.05987592764485638 -0.005645883181872415 0.9981898603430933 0.9999050089776441
0.9980780614200117 -0.010426340690665718 -0.061085798119331 0.0003808285213281824 0.010725907561952188 0.999931995305339 0.004578173396518622 -0.013777807919067827 0.061033910402709085 -0.00522457505241804 0.9981220193926569 0.9999050089776441
0.997952478580551 -0.013095148359095752 -0.06260485272237162 0.0003808285213281824 0.013168923746916368 0.999912992612014 0.0007659327823355646 -0.013777807919067827 0.06258937563424356 -0.001588803050245721 0.9980380983522537 0.9999050089776441
0.9978623882234919 -0.01302386472066332 -0.06403930915186909 0.0003808285213281824 0.01284722118082644 0.99991244809981 -0.0031693915769964937 -0.013777807919067827 0.06407498011581196 0.0023398894792957562 0.9979423439459729 0.9999050089776441
0.997764994587596 -0.011228645814679061 -0.06587057832434834 0.0003808285213281824 0.011002998650169503 0.999932292493856 -0.003787406590081545 -0.013777807919067827 0.0659086458389183 0.003054167831465055 0.99782098718284 0.9999050089776441
0.9976776639596726 -0.011007307444627397 -0.06721694740754855 0.0003808285213281824 0.010871069193231594 0.9999380464769517 -0.002392292299859682 -0.013777807919067827 0.06723911577769033 0.0016560165070074926 0.9977355155143887 0.9999050089776441
0.9976443404737041 -0.006584783136638957 -0.06828184642956213 0.0003808285213281824 0.006629636539967447 0.9999779311378839 0.00043029819880108895 -0.013777807919067827 0.06827750610658533 -0.0008819683868557399 0.997665978317207 0.9999050089776441
0.9975377434809074 -0.007096210040662892 -0.06977172875941293 0.0003808285213281824 0.00722829390825144 0.9999725294071566 0.0016407919500440132 -0.013777807919067827 0.06975816868434993 -0.002141082461328335 0.9975616340195225 0.9999050089776441
0.9974893730366365 -0.0061298220833325995 -0.07055052062319349 0.0003808285213281824 0.0064168247155114225 0.9999720308320063 0.003842123667682099 -0.013777807919067827 0.07052499584932594 -0.0042851878528321905 0.9975008080826394 0.9999050089776441
0.9975282686074556 -0.006505665376148465 -0.06996448847113097 0.0003808285213281824 0.007015372590918308 0.9999505963148536 0.007041979620195813 -0.013777807919067827 0.06991521920457751 -0.007515400692860544 0.9975246267015174 0.9999050089776441
0.9975119916188138 -0.0011632274560153875 -0.07048739943106055 0.0003808285213281824 0.0018317419135483208 0.9999539505169588 0.009420274257295547 -0.013777807919067827 0.07047319560109751 -0.009525951259904894 0.9974681874397616 0.9999050089776441
0.9974876457257918 -0.0005094229692677111 -0.0708388107795116 0.0003808285213281824 0.001150730851261388 0.999958724087017 0.009012543523730895 -0.013777807919067827 0.07083129564624042 -0.009071417226517817 0.9974470597212554 0.9999050089776441
0.9974930872421621 -0.00026778917793320495 -0.07076347357963939 0.0003808285213281824 0.0007918584924399147 0.9999724687989107 0.007377981047246844 -0.013777807919067827 0.07075954963273993 -0.007415519749940608 0.9974658371105299 0.9999050089776441
0.9975048508310815 0.0026851537758882486 -0.07054688170047657 0.0003808285213281824 -0.002310294553433991 0.9999827798610025 0.005394675201728172 -0.013777807919067827 0.07056015240585634 -0.005218230605827253 0.9974938771550466 0.9999050089776441
0.9974263555869876 0.0022778088875286566 -0.07166224087433946 0.0003808285213281824 -0.0018916278652093268 0.9999833250723532 0.005456310223328603 -0.013777807919067827 0.0716734743435786 -0.005306709329285114 0.997414032341442 0.9999050089776441
0.9973555408053065 0.0007163477910101209 -0.07267332434116772 0.0003808285213281824 -0.00021757395971256917 0.999976371311745 0.006870915496515816 -0.013777807919067827 0.07267652913098145 -0.006836933817912402 0.9973321304607825 0.9999050089776441
0.9972920604440131 0.0006868306568820206 -0.07353961136002224 0.0003808285213281824 -0.00011192825332328106 0.9999694059308777 0.007821424058725402 -0.013777807919067827 0.07354273347789396 -0.007792012954882724 0.9972616260975405 0.9999050089776441
0.9972733945859381 0.0029374157890821543 -0.07373701946458393 0.0003808285213281824 -0.002626738662337061 0.9999872622692889 0.004309935401545188 -0.013777807919067827 0.07374874029458581 -0.004104496028471716 0.9972684074096173 0.9999050089776441
0.9971988435124683 0.002792757040053557 -0.07474400983027688 0.0003808285213281824 -0.0028011779832303584 0.9999960766625872 -7.83156032115261e-06 -0.013777807919067827 0.07474369471266228 0.00021718089761034185 0.997202754174475 0.9999050089776441
0.9971721732116402 0.0033742861747764336 -0.07507510349765172 0.0003808285213281824 -0.003471265392668069 0.9999933008120271 -0.0011613128925214383 -0.013777807919067827 0.07507068195338441 0.0014186345094368616 0.9971772060106383 0.9999050089776441
0.9971758779232124 0.0021978668124002535 -0.07506955354564544 0.0003808285213281824 -0.002013857702302479 0.9999947798404354 0.0025267902621365426 -0.013777807919067827 0.07507471521905743 -0.0023684748993573505 0.9971750986970287 0.9999050089776441
0.9971784087063544 0.0006129464982140941 -0.07506560801359399 0.0003808285213281824 -0.00018456946072276348 0.9999836607581467 0.005713506002898923 -0.013777807919067827 0.07506788357196766 -0.005683530005314898 0.9971622286983723 0.9999050089776441
0.9971244718885515 -0.0014813269488666387 -0.0757667026565466 0.0003808285213281824 0.0019578046135281762 0.9999787710377366 0.00621485920577087 -0.013777807919067827 0.07575588796965108 -0.006345324603428637 0.9971062041195048 0.9999050089776441
0.997119393107489 -0.004241514037363868 -0.07572929055274558 0.0003808285213281824 0.004630039233031724 0.9999770020300885 0.00495561778298801 -0.013777807919067827 0.0757065296104106 -0.005291972182594388 0.9971160997620926 0.9999050089776441
0.9970797003500392 -0.007035015080287879 -0.07604327526280401 0.0003808285213281824 0.007330614926386775 0.9999666186658959 0.0036088278830611904 -0.013777807919067827 0.07601534867824755 -0.004155732992950196 0.9970979874859924 0.9999050089776441
0.9969855790702892 -0.008594136897832711 -0.07710963582367687 0.0003808285213281824 0.008990313182333752 0.9999481033896701 0.004792159876134385 -0.013777807919067827 0.07706444961694302 -0.005470954064535691 0.9970111028804355 0.9999050089776441
0.9968857452909253 -0.011542901285616263 -0.07801007797500041 0.0003808285213281824 0.012283624592505277 0.999883850978744 0.009022035179535358 -0.013777807919067827 0.07789687671932376 -0.009952184776268953 0.9969117466534108 0.9999050089776441
0.9968086173084106 -0.012453990747293859 -0.0788509896840841 0.0003808285213281824 0.013583973133367741 0.9998123559679291 0.013810449947931392 -0.013777807919067827 0.07866419855058049 -0.014837485242412506 0.9967907467959746 0.9999050089776441
0.996808240041623 -0.010125386303089417 -0.0791884406800255 0.0003808285213281824 0.01145254605599078 0.9998011742541254 0.01632333142775224 -0.013777807919067827 0.07900741594278429 -0.017178140536103857 0.9967260103527781 0.9999050089776441
0.9967017285764912 -0.009281894230864913 -0.08061954286722163 0.0003808285213281824 0.010314614101117215 0.9998698813086128 0.01240278951842224 -0.013777807919067827 0.08049393137732685 -0.01319344122586562 0.996667778208989 0.9999050089776441
0.9966011784569287 -0.008013522661728228 -0.08198703893182485 0.0003808285213281824 0.00840877253684791 0.99995462470136 0.0044767267929313815 -0.013777807919067827 0.08194744439384419 -0.005150921558812418 0.9966233412701176 0.9999050089776441
0.9965455666230248 -0.006334275258188772 -0.08280586090939322 0.0003808285213281824 0.006340338706464051 0.9999798818499683 -0.00018973772262450908 -0.013777807919067827 0.08280539685962289 -0.0003359349187431886 0.9965656794204041 0.9999050089776441
0.9964927684843221 -0.0015767393491565888 -0.08366406786353606 0.0003808285213281824 0.0016353987963065556 0.9999984626408598 0.0006326031033711761 -0.013777807919067827 0.08366294179161218 -0.0007672085337082315 0.9964938151146949 0.9999050089776441
0.9964027967102832 0.0014707726296674798 -0.08473077089107785 -0.08536130741876359 -0.0012315864329693943 0.9999951084912326 0.002875097991117171 -0.03073621641104276 0.08473458504520315 -0.0027604024112807698 0.9963997341808887 1.8979166322976495
0.9963155078209437 0.004208672497797157 -0.08566035227163037 -0.08536130741876359 -0.0038254975270073186 0.9999819324461361 0.004636846984219222 -0.03073621641104276 0.08567831956898171 -0.004292069091992689 0.9963136071030775 1.8979166322976495
0.9962268807550156 0.005242627462409344 -0.08662861489381252 -0.08536130741876359 -0.004883211947340622 0.9999785707143909 0.0043603157080635635 -0.03073621641104276 0.08664961801535895 -0.003920837829720252 0.9962311331857211 1.8979166322976495
0.9960888629741705 0.006840633420696876 -0.08809189970267307 -0.08536130741876359 -0.0064176371713334825 0.9999664824146779 0.005084090906495477 -0.03073621641104276 0.0881237254770785 -0.004498864480283178 0.9960993771840382 1.8979166322976495
0.9959620363843319 0.007966721650632308 -0.08942121351957777 -0.08536130741876359 -0.00748849082648363 0.9999558160787552 0.005682287867130571 -0.03073621641104276 0.08946253174549927 -0.004989713058334995 0.9959776895981562 1.8979166322976495
0.9958024555020764 0.007309352641893396 -0.09123619336639247 -0.08536130741876359 -0.006785589785510201 0.9999586781248887 0.006049612713291031 -0.03073621641104276 0.09127664206847395 -0.0054051278129559855 0.9958109053460048 1.8979166322976495
0.9956926073707438 0.007408992796839082 -0.09241936189448795 -0.08536130741876359 -0.006767909486996729 0.9999508285235021 0.007248167791264312 -0.03073621641104276 0.09246851912096342 -0.006591461210596729 0.995693791087745 1.8979166322976495
0.9955404900569669 0.010483423664224379 -0.09375089591789953 -0.08536130741876359 -0.009584837499590597 0.9999037604243112 0.01002999398906659 -0.03073621641104276 0.09384702204779402 -0.009086678028329721 0.9955451615748887 1.8979166322976495
0.9954298677312444 0.012414261236398142 -0.09468508090776738 -0.08536130741876359 -0.011114608078011349 0.9998368145349155 0.014241130149572494 -0.03073621641104276 0.09484642278878239 -0.013123658736007755 0.9954054076935452 1.8979166322976495
0.9952248370174464 0.01591477813767846 -0.09630287441413485 -0.08536130741876359 -0.014430435808699587 0.9997664067241495 0.01609019913628598 -0.03073621641104276 0.09653645065967287 -0.014623673365562032 0.99522201637189 1.8979166322976495
0.9950501339814325 0.018531765147253878 -0.09763096099117267 -0.08536130741876359 -0.01743358910331453 0.9997749329428736 0.012089393286723985 -0.03073621641104276 0.09783302527526157 -0.010327494352027027 0.9951492561550251 1.8979166322976495
0.9949387432563932 0.01851020360653086 -0.09876370552906737 -0.08536130741876359 -0.0181425896617984 0.9998247400667023 0.004619046536536587 -0.03073621641104276 0.0988318957004846 -0.0028038389732117936 0.9951001933872096 1.8979166322976495
0.9948383876151524 0.01777535313227725 -0.09990304974476773 -0.08536130741876359 -0.01797114795356332 0.9998379437974964 -0.0010601811249236384 -0.03073621641104276 0.09986801474202907 0.0028500813688746725 0.9949966113850224 1.8979166322976495
0.9946909751833336 0.018645288495461942 -0.10120383938245255 -0.1313408351641997 -0.018961197466010153 0.9998178862850272 -0.002160383111274755 -0.04092624168657662 0.10114512780892387 0.004067859566572747 0.9948633653115706 2.54961211296344
0.9944931847842227 0.021471132111668904 -0.10257824283724334 -0.182094281799997 -0.021420218370473882 0.9997692837498103 0.0015979722602466446 -0.05645418128866895 0.10258888664321669 0.0006080758393439228 0.9947236553842878 3.1823459987633917
0.9943514790005638 0.021811157332517612 -0.1038720829925288 -0.182094281799997 -0.021538653103883768 0.999761003868559 0.0037445381816236857 -0.05645418128866895 0.10392893067794715 -0.001486122316317544 0.9945836157953739 3.1823459987633917
0.9942143695678249 0.018640413578356267 -0.10578431985166595 -0.22768784863129388 -0.018689961666204298 0.9998251906158487 0.0005230132784148044 -0.06941514880807044 0.10577557694367767 0.0014571175660385341 0.9943889601813929 3.799261562117477
0.994343426181424 0.01070454791307147 -0.10567196157809947 -0.22768784863129388 -0.01127989505887365 0.9999246252617411 -0.004848480444361317 -0.06941514880807044 0.10561209579043318 0.00601302329408635 0.9943892239830531 3.799261562117477
0.9944253567924178 0.006721985511474506 -0.10522844044770513 -0.22768784863129388 -0.00775436642288011 0.9999257070054187 -0.009404800427676241 -0.06941514880807044 0.10515740377953728 0.010168351906193371 0.9944036026935242 3.799261562117477
0.9947981638835792 0.00902933377436084 -0.10146469467480233 -0.22768784863129388 -0.010064087043882947 0.9999023956720771 -0.009690886502545232 -0.06941514880807044 0.101367289032671 0.010661625618224575 0.994791939278433 3.799261562117477
0.9951797599138731 0.013940515683682667 -0.09707166157143478 -0.22768784863129388 -0.014664712073928282 0.9998696769692313 -0.006750947875999717 -0.06941514880807044 0.09696489920355317 0.008141934653911534 0.9952544987200702 3.799261562117477
0.9955996691803295 0.012330215754807132 -0.09289383460412738 -0.2615994812675317 -0.012729284161146362 0.9999121165919106 -0.003704648083243823 -0.08198579266734 0.09283999166719108 0.004870818423601681 0.9956691273084259 4.335528684512633
0.9961365635581939 0.008610018332766256 -0.08739458980270313 -0.2615994812675317 -0.00858526120207606 0.9999629287154218 0.0006591547300048305 -0.08198579266734 0.08739702530730471 9.369725350442002e-05 0.9961735547525146 4.335528684512633
0.9968774448764085 0.004455052929061933 -0.07883852104195185 -0.2615994812675317 -0.004117988706325563 0.9999816754782714 0.004437440329110212 -0.08198579266734 0.0788568453952969 -0.004098928037800544 0.9968775234316629 4.335528684512633
0.9976533755283596 0.008346543550596644 -0.06795643830888001 -0.2615994812675317 -0.008089944439769193 0.9999590732391779 0.004050264879751507 -0.08198579266734 0.0679874627841945 -0.003490996618824414 0.99768006788087 4.335528684512633
0.9985164848772987 0.01342261620022013 -0.05276990432647114 -0.2615994812675317 -0.013261618077341488 0.9999062805897418 0.003399929874166022 -0.08198579266734 0.05281059471596797 -0.0026950717096258523 0.998600910110855 4.335528684512633
0.9992357457832352 0.018594909885239385 -0.034382461741152934 -0.2615994812675317 -0.018463029063741535 0.9998209340936592 0.00414925365144472 -0.08198579266734 0.03445346001221965 -0.0035112781764350827 0.999400135090423 4.335528684512633
0.9997780472240725 0.016891358325880935 -0.012591199415758977 -0.2615994812675317 -0.016835257265725087 0.9998479317964498 0.004548339823331479 -0.08198579266734 0.012666112332427943 -0.004335354225233285 0.9999103831354716 4.335528684512633
0.9998175922876833 0.013623203694593416 0.013386204583668291 -0.2615994812675317 -0.013697910201881621 0.9998910245851724 0.005505107637884686 -0.08198579266734 -0.013309748613758485 -0.005687466492125298 0.9998952461716883 4.335528684512633
0.9990100847992696 0.012415366929007916 0.04271661425458666 -0.2615994812675317 -0.012733840691009 0.9998930601797315 0.007191488417396309 -0.08198579266734 -0.042622761180067505 -0.007728316014473028 0.9990613461449549 4.335528684512633
0.9970586103075102 0.01199664730951312 0.07569813779075049 -0.2615994812675317 -0.012699175278018256 0.99988058441689 0.008806125901165139 -0.08198579266734 -0.07558345426688594 -0.009741527573232657 0.9970918934991035 4.335528684512633
0.993506732366167 0.011687952274265645 0.1131713944189758 -0.2615994812675317 -0.01282148444560339 0.9998746134860309 0.009293376284317627 -0.08198579266734 -0.11304858371387036 -0.010684057178111418 0.9935320169186825 4.335528684512633
0.9878821440792336 0.01199652213305135 0.15474156799686234 -0.2615994812675317 -0.013577432265313893 0.9998658318549117 0.009163603120816922 -0.08198579266734 -0.15461087524005881 -0.011153553056589405 0.987912483731084 4.335528684512633
0.9796471015517277 0.011600720852592516 0.2003920649551753 -0.2615994812675317 -0.013686933517747553 0.9998655696222395 0.009028318495982868 -0.08198579266734 -0.20026039117154337 -0.011587318917000853 0.9796741855168679 4.335528684512633
0.9684895744173116 0.013765681413836944 0.2486733806827492 -0.2615994812675317 -0.015975292278429004 0.9998487874003079 0.006869670351809692 -0.08198579266734 -0.24854121244090155 -0.010625834053683106 0.9685630373749934 4.335528684512633
0.9532892969363016 0.014963046110714874 0.3016879573297222 -0.2615994812675317 -0.016897245386141443 0.9998500008837865 0.0038024769614367713 -0.08198579266734 -0.3015858077646427 -0.008722556034228427 0.9533991386461288 4.335528684512633
0.9340704308518402 0.015037594704500125 0.3567720574172829 -0.2615994812675317 -0.016766075464862407 0.9998579036605186 0.0017524842622016752 -0.08198579266734 -0.35669500826583517 -0.0076186109682678934 0.9341898243104303 4.335528684512633
0.9099260524383931 0.016051251371182906 0.4144598127964913 -0.2615994812675317 -0.01731468335976204 0.9998498384133533 -0.0007087770683041277 -0.08198579266734 -0.41440895361229185 -0.006531305704096344 0.9100673388336535 4.335528684512633
0.8812739034413545 0.01683229325925687 0.47230602475182654 -0.2615994812675317 -0.017304038483467187 0.999844677009577 -0.0033454607705697484 -0.08198579266734 -0.4722889765444471 -0.005224534356188793 0.8814282879936193 4.335528684512633
0.8485779990866401 0.015290739900256417 0.5288492911401296 -0.2615994812675317 -0.014604460727808376 0.9998783554494285 -0.005475767579626678 -0.08198579266734 -0.528868688043606 -0.003076942807201905 0.8486980872076944 4.335528684512633
0.8117804124009014 0.015079866480773134 0.5837680701007423 0.006044176485771879 -0.013493673563754818 0.9998839978062347 -0.007064821637269913 -0.09118872953014985 -0.583806888290964 -0.0021420919526404522 0.8118897268878892 4.642558982257915
0.7717813153010679 0.01410950401861472 0.6357314867524677 0.29624481249892953 -0.012410732899065373 0.9998975976716876 -0.007125158193758069 -0.0937153698131823 -0.6357669188162142 -0.002390829715103488 0.7718773923831516 4.937786224639868
0.7290413247065135 0.014007220417256248 0.6843263436740946 0.5987738925047752 -0.013918288093337184 0.9998872374379653 -0.0056385871648141584 -0.09946438490074333 -0.684328158215577 -0.005413888145006558 0.7291540726680698 5.207918691844699
0.6838474199799542 0.013196737432417728 0.729505690387608 0.9226345690759683 -0.01292390241140186 0.9998986421758028 -0.005973116559794551 -0.10425786171903048 -0.7295105749289875 -0.00534336000247644 0.6839486600401123 5.4567387355172725
0.6372577447755233 0.012312060052888202 0.7705523862145056 1.2629105257785564 -0.009627743012661037 0.9999215325585727 -0.008014692145531367 -0.1093642336547202 -0.7705906003112791 -0.0023112557105342568 0.6373262781409111 5.681995065484975
0.5908332744908263 0.009426329105838963 0.806738610749502 1.2629105257785564 -0.0035574158872720128 0.9999524609554119 -0.009078580363167717 -0.1093642336547202 -0.8067858368530362 0.0024940226129420776 0.5908387202143703 5.681995065484975
0.5445465297369316 0.012025510546900237 0.8386444205070176 1.2629105257785564 -0.005943249660775237 0.9999274302010838 -0.010479127583741078 -0.1093642336547202 -0.8387095771093444 0.0007220993927071372 0.5445784827162509 5.681995065484975
0.49791089905073493 0.014970111930490321 0.8670989749476569 1.2629105257785564 -0.008304968475557397 0.9998874608814725 -0.012493721247558334 -0.1093642336547202 -0.8671884247988494 -0.0009804696732676245 0.49797919090471277 5.681995065484975
0.45367667867025385 0.017220114956059223 0.89099996569676 1.2629105257785564 -0.009546107018199131 0.9998498330189363 -0.014463168836443796 -0.1093642336547202 -0.8911152243517818 -0.0019439786249896144 0.45377293647327893 5.681995065484975
0.41099681034043584 0.015317661238360071 0.9115080861649965 1.2629105257785564 -0.0020927521272408136 0.9998720484136384 -0.01585897820281375 -0.1093642336547202 -0.9116343797150943 0.004610428970295658 0.4109762787147079 5.681995065484975
0.37240252860893486 0.007729076819838929 0.9280391252836188 1.2629105257785564 0.01361622391247872 0.9998121894040267 -0.0137907347694197 -0.1093642336547202 -0.9279714193508546 0.017772093028909565 0.37222734662748264 5.681995065484975
0.3366836983039119 0.00443432486045666 0.9416073619399077 1.2629105257785564 0.017226839805378116 0.9997925396219769 -0.010868012998994312 -0.1093642336547202 -0.9414602080208827 0.019880001993419823 0.3365374603725746 5.681995065484975
0.30345713761767257 0.008827000786664116 0.9528042032264556 1.2629105257785564 0.0150466680142621 0.9997880125012314 -0.014054459807999969 -0.1093642336547202 -0.9527262793743861 0.018601454672638428 0.3032599915476899 5.681995065484975
0.2722830811680826 0.01656519621876353 0.9620745906549291 1.2629105257785564 0.004160603805730241 0.9998221838725223 -0.018392661915560736 -0.1093642336547202 -0.9622081963304984 0.009010821860525485 0.27216574362658386 5.681995065484975
0.24362562328994983 0.021004755140895687 0.9696418699386152 1.2629105257785564 -0.0007910422499405308 0.9997694239730043 -0.02145863790724792 -0.1093642336547202 -0.9698690272035426 0.0044608463486722335 0.24358606471042585 5.681995065484975
0.21812083079601902 0.02262056380441875 0.9756595785754499 1.2629105257785564 0.0008133763514567901 0.9997267777480908 -0.02336039966096284 -0.1093642336547202 -0.9759214320793289 0.005888968210061428 0.21804283629978774 5.681995065484975
0.1949401376689268 0.024142608019988694 0.980517963733257 1.2629105257785564 0.008494776634269343 0.9996179548687737 -0.026301769406143764 -0.1093642336547202 -0.9807783549281438 0.013456551636773218 0.19466057567595332 5.681995065484975
0.17494401585364477 0.030377092314246 0.9841096603425509 1.2629105257785564 0.01565293105259241 0.9993118029641322 -0.03362894892837567 -0.1093642336547202 -0.9844539486773692 0.021287384035999852 0.17434812936892033 5.681995065484975
0.15527332694714335 0.03719327419119153 0.9871711372876051 1.2629105257785564 0.01773156130871908 0.9990250722883218 -0.040428908875444494 -0.1093642336547202 -0.9877124002827551 0.023781616728946735 0.15446245185622678 5.681995065484975
0.13759369721425646 0.03801356092970233 0.9897590331350125 1.2629105257785564 0.015201483432493489 0.9990645336063576 -0.04048422645121246 -0.1093642336547202 -0.9903720964306115 0.02061617994064487 0.13688712041785428 5.681995065484975
0.12220356393404612 0.03368069146647355 0.9919334150960724 1.2629105257785564 0.013411376883728381 0.9992767567032812 -0.03558227764832433 -0.1093642336547202 -0.9924144416179681 0.017651474014934488 0.12166347657863591 5.681995065484975
0.1077404802271617 0.030384731875117598 0.9937146255285251 1.2629105257785564 0.013898667836442115 0.9993891396421835 -0.032065161743195805 -0.1093642336547202 -0.9940818959989143 0.017266025429210307 0.10725235854322875 5.681995065484975
0.09486088515257268 0.028110549882024754 0.9950935681901476 1.2629105257785564 0.016854741870306583 0.9994125944689407 -0.029839297802302375 -0.1093642336547202 -0.9953478437935952 0.01960262743050634 0.09433136728186045 5.681995065484975
0.08347034428959052 0.027313925903251383 0.9961358597480208 1.2629105257785564 0.0211103677874505 0.9993514916075288 -0.029171023185254955 -0.1093642336547202 -0.9962866324487439 0.023463709714104386 0.08283960604926084 5.681995065484975
0.07346613819394612 0.02781699208438864 0.9969096957549589 1.2629105257785564 0.024416592486101 0.999261132726173 -0.029681958058081617 -0.1093642336547202 -0.996998774598163 0.026521756619256386 0.07273266030878789 5.681995065484975
0.06566796571133296 0.02804220438270819 0.9974474186906764 1.2629105257785564 0.026766587381678614 0.9991958338931761 -0.029853564786265822 -0.1093642336547202 -0.9974824650485229 0.028658686359762063 0.06486456364502044 5.681995065484975
0.06013060258852134 0.028334949898804994 0.9977882747590159 1.2629105257785564 0.028967769282787607 0.9991264857410583 -0.03011866254483967 -0.1093642336547202 -0.9977701032678443 0.030714753864274476 0.059257277358454805 5.681995065484975
0.054762835770737296 0.029649298563820894 0.9980590918943728 1.2629105257785564 0.03079637171968749 0.9990333482881583 -0.031368017104087154 -0.1093642336547202 -0.9980243560691565 0.03245440036132071 0.05379680836199594 5.681995065484975
0.04890395065762741 0.030358088213896156 0.9983420205971865 1.8407244849070028 0.03162323169334957 0.9989898133059333 -0.03192685590898844 -0.12945350751546017 -0.9983027470799373 0.03313215041258101 0.04789452768003171 5.705696629292906
0.04449819500792709 0.030531700689774552 0.9985428012328895 1.8407244849070028 0.03404566759295268 0.9989059264321908 -0.03205998528983708 -0.12945350751546017 -0.998429167822731 0.03542266776549196 0.04341003857622318 5.705696629292906
0.04159579400581351 0.030442851246490318 0.998670627749214 1.8407244849070028 0.03576958874532093 0.9988495837732371 -0.031938151433811394 -0.12945350751546017 -0.998494029247056 0.03705053041459085 0.04045901326010325 5.705696629292906
0.0385115751277 0.0297568998960342 0.9988149906212663 1.8407244849070028 0.03692728801134409 0.9988313711378254 -0.031181203168676466 -0.12945350751546017 -0.9985756025365906 0.03808436607712469 0.03736772777669342 5.705696629292906
0.036340892428589754 0.029031691797185757 0.9989176644793536 1.8407244849070028 0.039281727326081664 0.9987639157963495 -0.030456303147443842 -0.12945350751546017 -0.9985671161398103 0.04034602055374079 0.035155557024521354 5.705696629292906
0.035905938712137965 0.028314787683352317 0.9989539710935869 1.8407244849070028 0.04451691859797759 0.9985609696291742 -0.02990374377516699 -0.12945350751546017 -0.9983631641460666 0.045544074605556865 0.034593781877420425 5.705696629292906
0.0368781410994686 0.027769097554199113 0.9989338716502074 1.8407244849070028 0.04795581185725279 0.9984129971682266 -0.029525026581826843 -0.12945350751546017 -0.9981684441105937 0.04899351290294631 0.0354879257673594 5.705696629292906
0.03932085299904344 0.027717343090447735 0.9988421393851152 1.8407244849070028 0.05001270946442857 0.9983077384884395 -0.029671335765545075 -0.12945350751546017 -0.9979742478698826 0.05112150394981997 0.03786809240580406 5.705696629292906
0.04281540811381998 0.02780310224138925 0.9986960640424102 1.8407244849070028 0.05239855353329353 0.9981744796322798 -0.03003497625158681 -0.12945350751546017 -0.9977079895518876 0.05361618894111805 0.04128040537307 5.705696629292906
0.04756729486544019 0.027288196991376298 0.9984952212024574 1.8407244849070028 0.052966818309561924 0.9981514673274524 -0.02980208768194768 -0.12945350751546017 -0.9974627154021092 0.054304719656771 0.04603399619470013 5.705696629292906
0.05127836203123019 0.025769455432776887 0.9983518742177491 1.8407244849070028 0.05419950214885213 0.9981219672872131 -0.02854737090358975 -0.12945350751546017 -0.9972125869413271 0.05557403697221036 0.04978536793477507 5.705696629292906
0.055085122419232135 0.024421368778078014 0.9981829622043564 2.60619809950262 0.05387508152280052 0.9981718452259166 -0.027394214520355117 -0.1548218579092862 -0.9970271334717892 0.05528620212386349 0.05366871505588436 5.758521725311416
0.05887403159552148 0.022367867572532146 0.9980147929284153 2.60619809950262 0.050505497065940846 0.9984018590277159 -0.025355919547705615 -0.1548218579092862 -0.9969869824475216 0.0518980384045977 0.05765024232337056 5.758521725311416
0.06266902372649163 0.02144202966661722 0.9978040052179311 2.60619809950262 0.049641388265827036 0.9984647457538479 -0.02457405252970551 -0.1548218579092862 -0.9967990399454708 0.05107240791726271 0.061508398721826736 5.758521725311416
0.06684997913171123 0.022358115847450385 0.9975125036538852 2.60619809950262 0.04671921175877701 0.9985821944666672 -0.025513058357657555 -0.1548218579092862 -0.9966686488210267 0.048308545309030976 0.06571064531259216 5.758521725311416
0.06971513167209464 0.026630994479437353 0.9972114071494468 2.60619809950262 0.044464270983210964 0.9985671415808525 -0.029775700847592703 -0.1548218579092862 -0.9965755009139433 0.04641609514026247 0.06843111200365155 5.758521725311416
0.07087514077805009 0.03183330952929045 0.996977108475468 2.60619809950262 0.03836837863109693 0.9986639497624784 -0.03461477958928472 -0.1548218579092862 -0.9967469999658467 0.04070572256091634 0.06955905555627982 5.758521725311416
0.07112243941375988 0.034733649541683696 0.9968626646641717 2.60619809950262 0.035089341884153746 0.9986878356352092 -0.03730073779947471 -0.1548218579092862 -0.9968502077533903 0.037632174316183216 0.069810334179573 5.758521725311416
0.07162841759416892 0.03399486777174103 0.9968519041252509 2.60619809950262 0.03299721292996241 0.9987912158991253 -0.036432004907620254 -0.1548218579092862 -0.9968854265821193 0.03550290140137603 0.07042009841142158 5.758521725311416
0.07141659499773699 0.03225944633070613 0.9969247705225139 2.60619809950262 0.029950656719372776 0.9989568178601981 -0.03447077331150048 -0.1548218579092862 -0.9969968044688063 0.03232033683380628 0.07037590287834324 5.758521725311416
0.0712651487668998 0.031128712897979326 0.9969715551632095 2.60619809950262 0.031053193235355863 0.9989591769922181 -0.03341050572656308 -0.1548218579092862 -0.9969739102710374 0.033340155013618124 0.07022432842362275 5.758521725311416
0.07177322950631333 0.030571584672582676 0.9969523467733262 2.60619809950262 0.028292773418167702 0.999065552008671 -0.032673257595546464 -0.1548218579092862 -0.9970196199165517 0.03055161207209373 0.07084120623799567 5.758521725311416
0.07210454414326332 0.03065521040936636 0.9969258712605721 2.60619809950262 0.026918275914658146 0.999103666713812 -0.03266909213285045 -0.1548218579092862 -0.9970337713115228 0.02919111566486661 0.07121472902824248 5.758521725311416
0.07194386758233637 0.031494343019712344 0.9969113231752625 2.60619809950262 0.023898485280698222 0.9991599643785124 -0.03329005834185151 -0.1548218579092862 -0.997122330668904 0.02621968613221978 0.07113076507773917 5.758521725311416
0.07077840419934202 0.032986377208666345 0.9969464962662957 2.60619809950262 0.022003981824934817 0.9991582258521001 -0.034621734444095255 -0.1548218579092862 -0.997249338070899 0.0243872636988422 0.06999299312388889 5.758521725311416
0.06771800085072095 0.03247632028758553 0.9971757924164429 2.60619809950262 0.019041343119753577 0.9992459636088443 -0.03383683589837144 -0.1548218579092862 -0.9975227815007441 0.021278929296264938 0.06704854625588166 5.758521725311416
0.06395666500914833 0.0311264766110104 0.9974671360273947 2.60619809950262 0.016842644777382756 0.9993374353101167 -0.032264774982724106 -0.1548218579092862 -0.9978105382876123 0.018863532054388035 0.06339003739250121 5.758521725311416
0.05918395031551052 0.028664166606333818 0.9978354701942684 2.60619809950262 0.01467367394882954 0.9994546748719437 -0.029581010284389867 -0.1548218579092862 -0.9981392404458901 0.01639263338716135 0.05873106718543093 5.758521725311416
0.052964917270382036 0.02664804581211807 0.9982407521199173 2.60619809950262 0.012808500140636225 0.9995435159636423 -0.027362419834001533 -0.1548218579092862 -0.9985142261694083 0.014235215116740816 0.05259941813263021 5.758521725311416
