1.0 0.0 0.0 0.0 0.0 1.0 0.0 0.0 0.0 0.0 1.0 0.0
0.9990583019314245 -0.0007379603875752929 0.04338161772415489 0.04807132518475992 0.0008575939025985416 0.9999958807737406 -0.0027391546595366516 -0.011174572457149484 -0.0433794176378218 0.002773779013729334 0.9990548194545614 0.9987813958146101
0.9960778183415676 -0.00536449374294803 0.08831875233938118 0.04807132518475992 0.006077713583050585 0.999951042492497 -0.007808586028868742 -0.011174572457149484 -0.08827253936250776 0.008314735416699144 0.9960616567107904 0.9987813958146101
0.9910132883877819 -0.004621268132077039 0.13368360452833164 0.04807132518475992 0.006256278587066543 0.9999106524052475 -0.011812966805662767 -0.011174572457149484 -0.1336170693327651 0.012543168952148112 0.9909536556749565 0.9987813958146101
0.9836735670004008 -0.0022595961960079763 0.17994779190015106 0.04807132518475992 0.004849338392149055 0.9998908925299623 -0.013953026653459042 -0.011174572457149484 -0.17989663004588918 0.014597851234503627 0.9835771984127466 0.9987813958146101
0.97421290443177 -0.0048323194794371365 0.22557895630369484 0.04807132518475992 0.008199121276434828 0.9998685088300362 -0.013990691916139131 -0.011174572457149484 -0.22548168716973427 0.01547946182677765 0.9741244248106312 0.9987813958146101
0.9626971159547145 -0.005548541872671046 0.2705244473528453 0.04807132518475992 0.010050596375369382 0.9998330528320482 -0.015259488099018143 -0.011174572457149484 -0.27039461615382526 0.017409197213883402 0.9625921625524456 0.9987813958146101
0.9492167895651942 -0.00770708881051168 0.3145283567337177 0.04807132518475992 0.014042264214280254 0.9997415103514761 -0.017880919883587785 -0.011174572457149484 -0.3143092445717786 0.021389559654510053 0.949079651828288 0.9987813958146101
0.9341593183684487 -0.009407759954022989 0.35673219921678323 0.04807132518475992 0.017539627797551027 0.9996546809694284 -0.01956732666029827 -0.011174572457149484 -0.3564249280874143 0.024535950532941327 0.9340017439862341 0.9987813958146101
0.9169362499418254 -0.009215241238902005 0.3989273027401493 0.04807132518475992 0.018827211462923956 0.9996190150642661 -0.02018318187188564 -0.011174572457149484 -0.39858932455743484 0.02601737978452351 0.9167604083390578 0.9987813958146101
0.8974841636448023 -0.009859769940724862 0.44093645907716145 0.04807132518475992 0.020213281661750026 0.9996191117366776 -0.01878974973849467 -0.011174572457149484 -0.44058324894536327 0.02577627567140954 0.8973416207672862 0.9987813958146101
0.875433924171327 -0.009236752868434735 0.48324954920458846 0.04807132518475992 0.020497135519449487 0.9996274138728726 -0.01802500677744033 -0.011174572457149484 -0.4829030045935598 0.02568493391614884 0.8752970766112702 0.9987813958146101
0.8516549115154042 -0.009616096701009883 0.5240147348843588 0.04807132518475992 0.021473712886458378 0.9996323202738079 -0.016556084043955255 -0.011174572457149484 -0.5236628603849596 0.02535261225667656 0.851548268570376 0.9987813958146101
0.826177193919382 -0.010082097069707158 0.5633201537014029 0.04807132518475992 0.023310647867151823 0.9995954208286674 -0.016297495340391155 -0.011174572457149484 -0.562927933170409 0.026595976707641588 0.8260779600494488 0.9987813958146101
0.7989070211174985 -0.011519471047060352 0.6013442220525281 0.04807132518475992 0.02645613741787919 0.9995219082027048 -0.016000869218477414 -0.011174572457149484 -0.6008724027629245 0.02869245213669357 0.7988298309329053 0.9987813958146101
0.7702769076781427 -0.010078750456099314 0.6376299116941122 0.04807132518475992 0.02696248325959606 0.9994957198134187 -0.01677291182618968 -0.011174572457149484 -0.6371393175705555 0.030111872474105385 0.770160220435872 0.9987813958146101
0.7397877093870778 -0.013210118105165787 0.6727106642676833 0.04807132518475992 0.03185793015010147 0.999373610712682 -0.015409688434389885 -0.011174572457149484 -0.67208572170994 0.03283106746271362 0.7397451613108995 0.9987813958146101
0.7074864006950963 -0.01205641535319163 0.7066241120145341 0.04807132518475992 0.03177902272424252 0.99938583661761 -0.014766288728353508 -0.011174572457149484 -0.7060121008496874 0.03290277217725448 0.7074350295517345 0.9987813958146101
0.6732105994913514 -0.011293523361709993 0.7393645549135917 0.04807132518475992 0.033592431684995525 0.9993181513765794 -0.015322560581768292 -0.011174572457149484 -0.7386873745137272 0.03515236349623622 0.6731309486828294 0.9987813958146101
0.643486659117464 -0.01035378477023479 0.7653872997893133 0.04807132518475992 0.03728979974967902 0.9991453295923085 -0.017834830767447515 -0.011174572457149484 -0.7645484879145811 0.04001761480656035 0.6433227806729077 0.9987813958146101
0.6075503630101201 -0.007612765617091699 0.794244674017982 0.04807132518475992 0.03692129441904185 0.9991438344391427 -0.018665907978640466 -0.011174572457149484 -0.7934225698987221 0.040665020618509684 0.6073112724735185 0.9987813958146101
0.5807111666300567 -0.003019535745805353 0.8141040617482743 0.04807132518475992 0.037675207324230034 0.9990214133861904 -0.023168822778297984 -0.011174572457149484 -0.8132374313226324 0.044125933414893834 0.5802566520911512 0.9987813958146101
0.5425344943069189 -0.0011553920524769712 0.8400327300506456 0.04807132518475992 0.04248342109595711 0.9987571363391111 -0.026064181239369242 -0.011174572457149484 -0.8389585695486506 0.0498281815933525 0.5419092829062648 0.9987813958146101
0.5041200583451803 -0.00010323496594135135 0.8636335774601366 0.04807132518475992 0.044510809256862835 0.9986740813364389 -0.025862465584623164 -0.011174572457149484 -0.8624857996705506 0.05147881709362023 0.5034562312230251 0.9987813958146101
0.46641655150077177 -0.001902527304638934 0.8845631582176499 0.04807132518475992 0.0499422061783623 0.9984592133919605 -0.0241862612807822 -0.011174572457149484 -0.8831542201270192 0.05545790820576798 0.46579291953536234 0.9987813958146101
0.4300293517965598 -0.0022215950358567263 0.9028121737708942 0.04807132518475992 0.05394645580402154 0.9982733647959947 -0.023239385643010625 -0.011174572457149484 -0.9012017179852759 0.058697134975877904 0.42940669515741126 0.9987813958146101
0.3951933976944376 0.00038735676434121174 0.9185978599874175 0.04807132518475992 0.055564494073906026 0.9981587330610908 -0.024325513605793766 -0.011174572457149484 -0.9169158987699115 0.060654707720109086 0.3944442178741535 0.9987813958146101
0.36211601383941666 -0.00022758239266727735 0.9321330059209929 0.04807132518475992 0.05657469550379703 0.9981617682527436 -0.02173449394864883 -0.011174572457149484 -0.9304145830487092 0.06060554929051974 0.36146323609115694 0.9987813958146101
0.32868399371842233 -0.0015757674261947727 0.9444386423851613 0.04807132518475992 0.05887736915357733 0.9980877042207454 -0.018825251257544643 -0.011174572457149484 -0.9426029321378442 0.061793621356696124 0.3281482297449809 0.9987813958146101
0.29594358453140907 -0.001092656780455615 0.9552047952538036 0.04807132518475992 0.05952907512015011 0.9980766200321584 -0.01730172709634829 -0.011174572457149484 -0.9533486686360036 0.061982793147268574 0.2954394174168768 0.9987813958146101
0.26359719900288886 0.0023289226707699615 0.9646300289732977 0.04807132518475992 0.05738760490493595 0.9981880327798367 -0.018091821864837508 -0.011174572457149484 -0.9629242854353123 0.06012676055058661 0.2629859182248868 0.9987813958146101
0.23254798653152062 0.004250049234670545 0.972575637696955 0.04807132518475992 0.057192109673497527 0.9982002457327814 -0.018036962330278374 -0.011174572457149484 -0.9709018985207675 0.0598181118099868 0.23188638801848263 0.9987813958146101
0.2020405756756287 0.004379459216273842 0.9793673601451264 0.04807132518475992 0.05958155715409713 0.998082822127708 -0.016754647733619135 -0.011174572457149484 -0.9775631150098464 0.061737351016686516 0.2013922929550419 0.9987813958146101
0.17149857947060845 0.004132372671846158 0.9851757004390967 0.04807132518475992 0.061610366592182046 0.9979888871271487 -0.014911200457589176 -0.011174572457149484 -0.9832560195432019 0.06325428575844018 0.17089907947455352 0.9987813958146101
0.14088707430844025 0.003471644815519716 0.9900195856522656 0.04807132518475992 0.06048404781656189 0.9980957336267647 -0.012107290190979286 -0.011174572457149484 -0.9881763568576881 0.06158615265073434 0.14040880865938912 0.9987813958146101
0.11155325678769948 0.003095642621864149 0.9937536354131321 0.04807132518475992 0.0613099341409533 0.9980687671511476 -0.009991396950089696 -0.011174572457149484 -0.9918653955430096 0.062041542809152375 0.1111480278285261 0.9987813958146101
0.08410111816953383 0.0035653472569921628 0.9964508468668046 0.04807132518475992 0.0644938025513868 0.9978773979572031 -0.009013771608945866 -0.011174572457149484 -0.9943679154895828 0.06502297244122617 0.08369266216228793 0.9987813958146101
0.05937801274150583 0.00416811695288877 0.998226867202009 0.04807132518475992 0.06906351860865804 0.997577956267614 -0.008273546175344612 -0.011174572457149484 -0.9958436031828805 0.06943232654888473 0.0589463317751666 0.9987813958146101
0.03693848045577253 0.004720317996189607 0.9993063930845404 0.04807132518475992 0.07375909392015413 0.9972483575071525 -0.007437036597831546 -0.011174572457149484 -0.9965917643276498 0.07398264693355011 0.03648867258491696 0.9987813958146101
0.017015244963315204 0.004717226889840605 0.9998441024526318 0.04807132518475992 0.07985756632526482 0.9967878528016788 -0.006061815538076234 -0.011174572457149484 -0.9966610509794422 0.07994826000283783 0.016583883232652374 0.9987813958146101
-0.00039608116850298723 0.003865803172445518 0.9999924493142637 0.04807132518475992 0.08451725586313417 0.9964146990825641 -0.003818496243589019 -0.011174572457149484 -0.9964219370232046 0.0845151052654406 -0.000721388174166744 0.9987813958146101
-0.015451349980152294 0.003907776737264467 0.9998729844659086 0.04807132518475992 0.08784396216409183 0.9961310198359234 -0.0025356718932616237 -0.011174572457149484 -0.9960144045620555 0.08779362506246198 -0.01573484360542339 0.9987813958146101
-0.029493358259145695 0.0034552035988823296 0.9995590044548086 0.04807132518475992 0.09016631936467775 0.9959264144848858 -0.0007821659032982341 -0.011174572457149484 -0.9954899179152074 0.09010348772030619 -0.02968475753331455 0.9987813958146101
-0.042728931616313484 0.00242977161433247 0.9990837475471367 0.04807132518475992 0.09030114678809956 0.9959134648335333 0.0014399486152499815 -0.011174572457149484 -0.9949974579322722 0.09027993560676924 -0.0427737294978439 0.9987813958146101
-0.05479919793697863 0.002713686920424375 0.9984937074457514 0.04807132518475992 0.09013786845378596 0.9959267774629161 0.0022402238578316373 -0.011174572457149484 -0.9944205411072687 0.09012485692428529 -0.054820594563584256 0.9987813958146101
-0.06592261357462262 0.005243647903715454 0.9978109606414198 0.04807132518475992 0.0901793855902664 0.9959252753094923 0.0007241645311909156 -0.011174572457149484 -0.9937413584198125 0.09002971818442936 -0.06612686601963479 0.9987813958146101
-0.07607811219620243 0.00832811937820883 0.9970670806281211 0.04807132518475992 0.09096325450357141 0.9958532970984001 -0.0013773120046235254 -0.011174572457149484 -0.9929440100905901 0.09059168331509025 -0.07652019171014511 0.9987813958146101
-0.0855450583694008 0.010900524950377397 0.9962746717368568 0.04807132518475992 0.09221400032391375 0.995734762669252 -0.002976668652108983 -0.011174572457149484 -0.9920577710662005 0.09161583360865698 -0.08618536940428632 0.9987813958146101
-0.09292862252073547 0.012054875433068374 0.9955997946437574 0.04807132518475992 0.09197560630733197 0.9957552080420912 -0.0034718152953854297 -0.011174572457149484 -0.9914155329430729 0.09124826373876652 -0.0936429143281146 0.9987813958146101
-0.09859910033089739 0.012760443963658274 0.9950454203119514 0.04807132518475992 0.09198040963434355 0.9957541081202949 -0.0036551887843448826 -0.011174572457149484 -0.9908672068735729 0.09116428703939326 -0.09935417007434846 0.9987813958146101
-0.10390668199158395 0.014597684810392057 0.9944799188699972 0.04807132518475992 0.09308156004114136 0.99564648227282 -0.004889326953774924 -0.011174572457149484 -0.990221805767681 0.09205970853706645 -0.10481309768470021 0.9987813958146101
-0.10886441655317303 0.016306790392266898 0.9939228478084403 0.04807132518475992 0.09170469435440481 0.9957663641691568 -0.006292616522386646 -0.011174572457149484 -0.989817552805517 0.09046234894382808 -0.10989893348737277 0.9987813958146101
-0.11301308417841897 0.017351129262650936 0.9934419867902667 0.04807132518475992 0.09207554255113187 0.9957280024095977 -0.006916623547738501 -0.011174572457149484 -0.9893180162457351 0.09069004096755472 -0.11412790719585716 0.9987813958146101
-0.11610553442475527 0.016282172903513303 0.9931034164282599 0.04807132518475992 0.09186413309062438 0.9957558844845125 -0.0055856571653580735 -0.011174572457149484 -0.9889795174458621 0.09058205870921938 -0.11710851682328101 0.9987813958146101
-0.1186013148141695 0.014360811457104244 0.9928381012121985 0.04807132518475992 0.09241162458027351 0.9957152104683322 -0.0033632253023893307 -0.011174572457149484 -0.9886322975539413 0.09135089893533001 -0.11942023905905262 0.9987813958146101
-0.12054517237915806 0.013352141030148413 0.9926180442375555 0.04807132518475992 0.09251661185476791 0.9957088018454084 -0.0021583462396931336 -0.011174572457149484 -0.9883873420612959 0.09157348009924324 -0.12126318400701498 0.9987813958146101
-0.12268396594638714 0.01427701754715475 0.9923430915110073 0.04807132518475992 0.09514451195188833 0.9954601814728529 -0.0025590911407708866 -0.011174572457149484 -0.9878745701480033 0.09410203968027109 -0.12348538287145137 0.9987813958146101
-0.12376864548223292 0.014158314160180636 0.9922100909261276 0.04807132518475992 0.0944483804807834 0.9955268088213791 -0.002424116843876654 -0.011174572457149484 -0.9878060669078976 0.09341260652640232 -0.12455223451183813 0.9987813958146101
-0.12383272151092274 0.015545430967172235 0.9921813325492689 0.04807132518475992 0.09686698337400533 0.9952911670578786 -0.0035043271223870183 -0.011174572457149484 -0.9875637926813731 0.09567566227941494 -0.12475545291559738 0.9987813958146101
-0.12404597388804946 0.015577118774265236 0.9921541965505449 0.04807132518475992 0.0968567135288671 0.995292122916314 -0.003516689511171629 -0.011174572457149484 -0.9875380364353324 0.09566056361648055 -0.12497072922098151 0.9987813958146101
-0.12306405405183735 0.01710354982541996 0.9922513326691458 0.04807132518475992 0.09676636796916975 0.9952937761230721 -0.005154535936913897 -0.011174572457149484 -0.9876697366176516 0.09538221948580522 -0.12413993545825167 0.9987813958146101
-0.1218751650154339 0.017045715681425648 0.9923990566951224 0.04807132518475992 0.09718282930304385 0.995253170629251 -0.005159848938854637 -0.011174572457149484 -0.9877762610232721 0.09581529068642314 -0.12295319527998899 0.9987813958146101
-0.12062713635528186 0.015870709469714618 0.9925710123490672 0.04807132518475992 0.09644297212186277 0.9953296753331471 -0.004194106520694343 -0.011174572457149484 -0.988001946912568 0.09522057541378695 -0.12159438685581085 0.9987813958146101
-0.1195230554517319 0.016622912779658626 0.9926922574424575 0.04807132518475992 0.09776006249224303 0.9951979784265677 -0.004894273917447321 -0.011174572457149484 -0.9880066848948919 0.0964606785503066 -0.12057416015307171 0.9987813958146101
-0.11837077266735883 0.017300553723128075 0.9928187402638037 0.04807132518475992 0.09795919006447845 0.9951743245804389 -0.005662223747898937 -0.011174572457149484 -0.9881256788789791 0.09658547787702132 -0.11949430196968717 0.9987813958146101
-0.11712511537751304 0.017885580949123667 0.9929560983960556 0.04807132518475992 0.0995261715882291 0.9950157345597461 -0.006182972384865721 -0.011174572457149484 -0.9881175276842296 0.09810093767458838 -0.11832141611124782 0.9987813958146101
-0.11631239758721565 0.017656727209590047 0.9930557215744542 0.04807132518475992 0.09895703053218811 0.9950729970858209 -0.006102178208344797 -0.011174572457149484 -0.9882706776363269 0.09756008638208681 -0.1174865833589252 0.9987813958146101
-0.11566397599142 0.01601176793209674 0.9931593366351368 0.04807132518475992 0.10052078261989518 0.9949255212336295 -0.004333527370048043 -0.011174572457149484 -0.988188958104339 0.09933192077913047 -0.11668655704487912 0.9987813958146101
-0.11499158548563637 0.014138594222084473 0.9932658432770772 0.04807132518475992 0.10247371087755348 0.9947330632294689 -0.0022959741053433687 -0.011174572457149484 -0.9880668367304329 0.10151961914591486 -0.1158347662922684 0.9987813958146101
-0.11425815069220129 0.015312888301872375 0.9933330712566922 0.04807132518475992 0.10451094148052746 0.9945182293095668 -0.00330978576477698 -0.011174572457149484 -0.9879385295205633 0.1034360044801076 -0.11523217808380759 0.9987813958146101
-0.1132819986367921 0.01701533287435581 0.9934171667693432 0.04807132518475992 0.10627582593810113 0.9943245553996543 -0.004911959939343573 -0.011174572457149484 -0.9878626613077489 0.10501979326034568 -0.11444739148414552 0.9987813958146101
-0.11231447246675082 0.016771972356823726 0.9935311571449472 0.04807132518475992 0.10625573458436906 0.9943273762149604 -0.0047736545119823805 -0.011174572457149484 -0.9879752922732691 0.10503223244664082 -0.1134594729620339 0.9987813958146101
-0.1122319224035876 0.016388976045587162 0.9935468771315085 0.04807132518475992 0.10667869560505674 0.9942840278486288 -0.004350617094322022 -0.011174572457149484 -0.9879390930100895 0.10550200675472726 -0.11333876244747876 0.9987813958146101
-0.11232400631897435 0.015186363152772268 0.9935555807193918 0.04807132518475992 0.10610751220558869 0.9943495050062742 -0.0032027718167811684 -0.011174572457149484 -0.9879901383404566 0.10506396274632412 -0.11330070729718415 0.9987813958146101
-0.11258978036478616 0.015159846639907973 0.993525903239198 0.04807132518475992 0.10771972709379823 0.994176887351065 -0.00296260894773005 -0.011174572457149484 -0.9877854026823062 0.10668877966681126 -0.11356717193343699 0.9987813958146101
-0.1129032318417575 0.014872751809094089 0.9934946710945721 0.04807132518475992 0.10863638558462513 0.9940783196314471 -0.002535777163045079 -0.011174572457149484 -0.9876492271888804 0.10764337272835867 -0.11385037699045024 0.9987813958146101
-0.11336440583865744 0.016179564536622733 0.993421729770521 0.04807132518475992 0.10835234984836618 0.9941051903904508 -0.0038260581668672134 -0.011174572457149484 -0.9876276017665683 0.10720584000026996 -0.11444923808680432 0.9987813958146101
-0.11349682793081836 0.016889565266568828 0.9933947919305542 0.04807132518475992 0.1082294806766125 0.9941155869470801 -0.004536441482749474 -0.011174572457149484 -0.9876258651747183 0.10699973071910625 -0.11465691459273081 0.9987813958146101
-0.1143238809722001 0.01777288457733007 0.9932845386963678 0.04807132518475992 0.10748437473470515 0.9941920107897273 -0.005418013451604845 -0.011174572457149484 -0.9876118465406039 0.10614315925047849 -0.11557019649106255 0.9987813958146101
-0.11590059462132898 0.018214615123784035 0.9930937921275692 0.04807132518475992 0.10667513873949211 0.9942770890113495 -0.0057866261344832895 -0.011174572457149484 -0.9875158059197485 0.10526774464669522 -0.11718035243019463 0.9987813958146101
-0.11687095644891507 0.01726391784294297 0.9929970476690396 0.04807132518475992 0.10593691729249892 0.9943611734283339 -0.004819370579488857 -0.011174572457149484 -0.9874809107487982 0.10463180166150056 -0.11804082763090633 0.9987813958146101
-0.11773454227361783 0.01677914288694034 0.9929033376515574 0.04807132518475992 0.10664630970291403 0.9942883310258165 -0.0041568512890882035 -0.011174572457149484 -0.987301950865271 0.10540007186842117 -0.11885151521019312 0.9987813958146101
-0.11810727957531904 0.015723889396028305 0.9928763416526651 0.04807132518475992 0.10402660727305124 0.9945687839334758 -0.00337624115533132 -0.011174572457149484 -0.9875369033563118 0.10288679860575527 -0.11910151628792072 0.9987813958146101
-0.11981852766887902 0.01644875440966259 0.9926595382635646 0.04807132518475992 0.10427914914777094 0.9945404486322688 -0.0038929535491481117 -0.011174572457149484 -0.9873040967606065 0.1030472440809973 -0.12087963437664419 0.9987813958146101
-0.12249446527259074 0.016982755113410946 0.9923238846295801 0.04807132518475992 0.1030630582560012 0.9946655274848303 -0.004300518135964487 -0.011174572457149484 -0.9871033947872433 0.10174514466093572 -0.12359131659393363 0.9987813958146101
-0.12641794164402162 0.018095239745994605 0.9918120115873896 0.04807132518475992 0.10342047146207033 0.9946253367587131 -0.004964429491149463 -0.011174572457149484 -0.9865711885682908 0.1019460728824001 -0.12760990600577743 0.9987813958146101
-0.13157585288858967 0.017071462358171023 0.9911590992921342 0.04807132518475992 0.10139464751346622 0.9948394953711648 -0.003674766014184865 -0.011174572457149484 -0.9861069518020135 0.10001471703000445 -0.13262780999906046 0.9987813958146101
-0.13659664871325256 0.01627936506059669 0.9904929771752715 0.04807132518475992 0.09986734036583261 0.9949974136576851 -0.0025809189770280285 -0.011174572457149484 -0.985579966257716 0.09856535439866505 -0.13753908907543905 0.9987813958146101
-0.14167039080204974 0.01693344917519519 0.9897690430949164 0.04807132518475992 0.09845858096597135 0.995136829114357 -0.0029324348898940797 -0.011174572457149484 -0.9850052833381958 0.09703581627031756 -0.1426486668587918 0.9987813958146101
-0.14675592020197983 0.01832378055356335 0.9890030024989287 0.04807132518475992 0.09894625267038785 0.9950856978486615 -0.003754067064313197 -0.011174572457149484 -0.9842115316171395 0.09730720941050566 -0.14784778668813833 0.9987813958146101
-0.15152974236704225 0.020100800229858773 0.9882482962334405 0.04807132518475992 0.09860273089453792 0.9951136977622923 -0.005121521843114121 -0.011174572457149484 -0.9835223630595873 0.09666791792507519 -0.15277131604366367 0.9987813958146101
-0.1565477221376197 0.020193393772852453 0.987463942400662 0.04807132518475992 0.09758942556382644 0.9952147930479003 -0.004880544717543698 -0.011174572457149484 -0.9828372778398478 0.0956020007455475 -0.15776927058778745 0.9987813958146101
-0.16118101001223636 0.019932920279130406 0.9867235482649547 0.04807132518475992 0.09623388839751552 0.9953490792456717 -0.004387387454982637 -0.011174572457149484 -0.9822218286799208 0.09424908028161866 -0.16234959233314453 0.9987813958146101
-0.16676176642430932 0.019377938133205343 0.9858067806485967 0.04807132518475992 0.09434783280164957 0.9955327526910291 -0.0036089839355510863 -0.011174572457149484 -0.9814728726280076 0.09240689277927401 -0.16784506683904268 0.9987813958146101
-0.17225263450441183 0.018701354181973284 0.9848752658372789 0.04807132518475992 0.09336737098138843 0.9956283942240062 -0.0025757816179504834 -0.011174572457149484 -0.9806179500408456 0.09151152914622 -0.1732457101662441 0.9987813958146101
-0.17745418640769692 0.018538649611665126 0.9839544350207277 0.04807132518475992 0.09331569496857889 0.995634701287554 -0.001929420785249132 -0.011174572457149484 -0.9796949488483191 0.09147600812568744 -0.1784094928485441 0.9987813958146101
-0.18249343012383754 0.019855654663279786 0.9830065620022735 0.04807132518475992 0.09411965843741309 0.9955574023107523 -0.002636019704841872 -0.011174572457149484 -0.9786917992183533 0.09203918557957662 -0.18355149266782492 0.9987813958146101
-0.18786544947204242 0.02074966072045229 0.9819755722392767 0.04807132518475992 0.09370664116747077 0.9955949943787418 -0.0031100754165737004 -0.011174572457149484 -0.9777144973333343 0.09143335686701906 -0.1889822821225554 0.9987813958146101
-0.1940384402548544 0.020392754188806254 0.9807819427783422 0.04807132518475992 0.09407178739791952 0.995563225218253 -0.0020888773979757165 -0.011174572457149484 -0.9764730321515384 0.091858587892574 -0.19509591823294894 0.9987813958146101
-0.19955446168274596 0.02044242413715001 0.9796734783170907 0.04807132518475992 0.09323946284256263 0.9956421157440702 -0.0017832345596562485 -0.011174572457149484 -0.9754406283271858 0.09098837646678247 -0.20059086708172533 0.9987813958146101
-0.20424843673910503 0.021451387738705422 0.9786840215583968 0.04807132518475992 0.09278875665669994 0.9956827801949484 -0.002459239995341266 -0.011174572457149484 -0.9745115816283206 0.09030857759556607 -0.2053570989396988 0.9987813958146101
-0.2092810916889473 0.022443381430810937 0.9775979333506362 0.04807132518475992 0.09212764311600474 0.9957422624532517 -0.0031375369897283095 -0.011174572457149484 -0.9735059948636003 0.08940716634824561 -0.2104576835618124 0.9987813958146101
-0.21479634031339725 0.02181813125475415 0.9764151275643586 0.04807132518475992 0.09320224481477381 0.9956456685559596 -0.0017447771306289416 -0.011174572457149484 -0.9722015602484155 0.09062931001777957 -0.21589454466531183 0.9987813958146101
-0.21996152194942248 0.02199203501153895 0.9752606211970962 0.04807132518475992 0.09536756878180279 0.995441684564447 -0.000937793226904015 -0.011174572457149484 -0.9708356996352872 0.09280195594673339 -0.22105619486030698 0.9987813958146101
-0.22323189720217942 0.022909482144723863 0.9744961137425728 0.04807132518475992 0.0973267667467634 0.9952518702471145 -0.0011023811653485566 -0.011174572457149484 -0.969894334732466 0.09459846931886931 -0.22440166901426886 0.9987813958146101
-0.22683894668589605 0.02352600927897045 0.973648098213025 0.04807132518475992 0.09786261401260829 0.9951991529813446 -0.0012468696104292786 -0.011174572457149484 -0.9690030965095253 0.09500090943044597 -0.22805224437030858 0.9987813958146101
-0.2301652323535568 0.02336914338522719 0.9728709312920574 0.04807132518475992 0.09708915056844337 0.9952752472110301 -0.0009376198125635131 -0.011174572457149484 -0.9682962680179692 0.09423940484985786 -0.23134664881085384 0.9987813958146101
-0.23419780040721452 0.024051938158232894 0.9718914005974413 0.04807132518475992 0.09582794966858828 0.9953967182559925 -0.0015418649445435558 -0.011174572457149484 -0.9674545954962088 0.09277325884124663 -0.2354245698673719 0.9987813958146101
-0.23789791819650458 0.025024914531070287 0.970967730756529 0.04807132518475992 0.09499600214723497 0.9954748054192437 -0.002381459962455004 -0.011174572457149484 -0.9666335086752418 0.0916715082685058 -0.23919865066083604 0.9987813958146101
-0.242810797075951 0.02402315909486019 0.9697761621376582 0.04807132518475992 0.09342765088819094 0.9956252598189194 -0.0012712434915687115 -0.011174572457149484 -0.9655641826791488 0.09029523707042042 -0.24399299024672833 0.9987813958146101
-0.2466343660068621 0.02431795049456127 0.9688034510612246 0.04807132518475992 0.09285288237427479 0.9956789180269707 -0.0013544118358908102 -0.011174572457149484 -0.9646501084534121 0.08962214838072101 -0.2478266304908349 0.9987813958146101
-0.25377741732981474 0.025021926597325498 0.9669389461815923 0.04807132518475992 0.09201504089270243 0.9957563028566089 -0.0016178908625334827 -0.011174572457149484 -0.9628760328842548 0.08856234250902935 -0.2550028564279018 0.9987813958146101
-0.25667997313153196 0.025257381217750972 0.9661663708115793 0.04807132518475992 0.09174929178724245 0.9957807604771334 -0.0016566593231166552 -0.011174572457149484 -0.962131726350261 0.08821984900006463 -0.2579143256832957 0.9987813958146101
-0.26093243432282415 0.02464922717805196 0.9650423204802424 0.04807132518475992 0.09198627582843934 0.9957601162067378 -0.000562166478614337 -0.011174572457149484 -0.9609645101550719 0.0886239616100509 -0.2620935017335601 0.9987813958146101
-0.2653281514335639 0.02475229352315505 0.9638403892876624 0.04807132518475992 0.0924128119915474 0.9957207715584043 -0.00013140373824251656 -0.011174572457149484 -0.9597191486245653 0.08903633557413919 -0.266480180709308 0.9987813958146101
-0.2695730074277673 0.025689400246327446 0.9626372361286125 0.04807132518475992 0.0937019320679784 0.9956002408499965 -0.0003291597616282233 -0.011174572457149484 -0.9584103200576853 0.09011223631896124 -0.2707940975584911 0.9987813958146101
-0.2733963501372178 0.02715894035526712 0.9615179809501371 0.04807132518475992 0.09428622377236119 0.9955442680493993 -0.0013108625884999518 -0.011174572457149484 -0.9572693162001978 0.09029951446578367 -0.2747388832124903 0.9987813958146101
-0.2767547761598417 0.028678587637062554 0.9605125363491412 0.04807132518475992 0.09419192817928011 0.995550701097813 -0.002584997004505612 -0.011174572457149484 -0.9563130630387645 0.08975711757173785 -0.27822470290509166 0.9987813958146101
-0.2802230044078456 0.029556387772882487 0.9594798005911644 0.04807132518475992 0.09528527252793512 0.995445968620934 -0.0028355591334375007 -0.011174572457149484 -0.9551941083569957 0.09062970538482709 -0.28176314851651607 0.9987813958146101
-0.2830413278288214 0.03056959323601697 0.9586204184714007 0.04807132518475992 0.09495261367882306 0.9954748830238624 -0.003709234985741547 -0.011174572457149484 -0.954395938746837 0.0899736474641503 -0.2846631954881724 0.9987813958146101
-0.28644463338571247 0.030495264470474882 0.9576113568924512 0.04807132518475992 0.09579901096005822 0.9953960474560035 -0.003042730358090599 -0.011174572457149484 -0.9532953485167113 0.09086664709249823 -0.28804727206235853 0.9987813958146101
-0.2903942376641847 0.030498419513846048 0.9564209497593597 0.04807132518475992 0.09529811543136256 0.9954448177927384 -0.002807832759287883 -0.011174572457149484 -0.9521499125277836 0.0903297356175156 -0.29197788090298976 0.9987813958146101
-0.2940446327695785 0.0311924723938255 0.9552825674141476 0.04807132518475992 0.0979227465200834 0.9951912348861549 -0.002354085751365638 -0.011174572457149484 -0.9507622676849167 0.0928516864236784 -0.2956850937651578 0.9987813958146101
-0.2970597606434518 0.03147704515193386 0.9543399259357012 0.04807132518475992 0.10026991242520582 0.9949589775290323 -0.001605520667837604 -0.011174572457149484 -0.9495796139706741 0.09521464521215092 -0.2987184762756165 0.9987813958146101
-0.30008056103670744 0.03102968775389286 0.9534090493412531 0.04807132518475992 0.10083306468839084 0.9949031505679614 -0.0006434714304103398 -0.011174572457149484 -0.9485696336871845 0.09594206307887179 -0.30167991411217043 0.9987813958146101
-0.3029009728507731 0.030609070770731623 0.9525303593233176 0.04807132518475992 0.10031093722584893 0.9949561349175439 -7.391079296725757e-05 -0.011174572457149484 -0.9477281870446421 0.09552682542869889 -0.3044436057869934 0.9987813958146101
-0.305695110808301 0.031291786735311765 0.9516151130109345 0.04807132518475992 0.0990552030524612 0.9950815320157732 -0.0009007715399904434 -0.011174572457149484 -0.9469628112952139 0.093987066791354 -0.3072911734817963 0.9987813958146101
-0.3076954905728093 0.03328969763221147 0.9509023509870587 0.04807132518475992 0.09865034511836733 0.9951178854218076 -0.0029160798423175124 -0.011174572457149484 -0.9463570121730931 0.09290958048110427 -0.30947732609294354 0.9987813958146101
-0.31114190815958326 0.03497951161801527 0.9497195095151936 0.04807132518475992 0.09778375194781112 0.995196966165925 -0.004619132942114219 -0.011174572457149484 -0.9453195495925286 0.0914299311007739 -0.31306791093480585 0.9987813958146101
-0.3145341464922213 0.03565428714890991 0.9485763240236994 0.04807132518475992 0.09617968438621448 0.9953486785843906 -0.005520539073771787 -0.011174572457149484 -0.9443610215387845 0.08949737341508486 -0.31650036516569935 0.9987813958146101
-0.31730962663952417 0.03640548820531326 0.9476229425622933 0.04807132518475992 0.09464633245695896 0.9954893969596161 -0.006552273911838732 -0.011174572457149484 -0.9435871303670538 0.08760993647698266 -0.31932401481279893 0.9987813958146101
-0.32070569877050714 0.0364416899356638 0.9464776056572888 0.04807132518475992 0.0951918230749432 0.9954404292360709 -0.006071957012830343 -0.011174572457149484 -0.9423833464125878 0.08814961756541624 -0.3227123693434754 0.9987813958146101
-0.3242640225071504 0.03558039077561988 0.9452972439924582 0.04807132518475992 0.0944054319440751 0.9955208369301135 -0.0050870086896962945 -0.011174572457149484 -0.9412441012441636 0.08759166073439797 -0.3261705732325549 0.9987813958146101
-0.32768695114087704 0.03458316642769893 0.9441532008375714 0.04807132518475992 0.09401750537869691 0.9955631555413565 -0.003835623924956049 -0.011174572457149484 -0.9400967879608789 0.08751004472836452 -0.32948447814316634 0.9987813958146101
-0.33172382966309777 0.034371130540228834 0.9427501929032077 0.04807132518475992 0.09367397534872661 0.9955973337980594 -0.0033369561806650674 -0.011174572457149484 -0.9387142734485363 0.08720421044635003 -0.33348304080479496 0.9987813958146101
-0.33505837075452327 0.034552111056039614 0.9415636143187014 0.04807132518475992 0.09291171241814258 0.9956682884247418 -0.00347463967388019 -0.011174572457149484 -0.9376050884476109 0.08631808064887263 -0.3368172903374172 0.9987813958146101
-0.3386948807179166 0.03503254772605101 0.9402438504852338 0.04807132518475992 0.09191448755163542 0.9957589039132333 -0.0039915229708709435 -0.011174572457149484 -0.9363960191893144 0.08507012329442037 -0.34047844185656423 0.9987813958146101
-0.3417652145263221 0.035677117345310476 0.9391079178868139 0.04807132518475992 0.09200950540079453 0.9957486518831501 -0.004344328346296872 -0.011174572457149484 -0.9352704363207877 0.08492211473348625 -0.3435948855462092 0.9987813958146101
-0.3440080672545737 0.03647058385571047 0.9382581447432243 0.04807132518475992 0.09324110044572712 0.9956333249313143 -0.004514363064317632 -0.011174572457149484 -0.9343257177512779 0.08593124460537906 -0.3459064531764713 0.9987813958146101
-0.3464595984122931 0.03619741162983888 0.9373662539580213 0.04807132518475992 0.09409591339972063 0.9955563879067058 -0.003665730434140634 -0.011174572457149484 -0.933333651889539 0.08693230636215023 -0.34832609486096594 0.9987813958146101
-0.34918793723113467 0.035623937314418874 0.9363753091482522 0.04807132518475992 0.09548079125943744 0.9954286970410995 -0.0022644221164010766 -0.011174572457149484 -0.9321755215584325 0.08861514654542449 -0.3509930951030151 0.9987813958146101
-0.35177089128030264 0.03629064021384516 0.9353823974614512 0.04807132518475992 0.09683780236969326 0.9952977504787078 -0.0021972537912175647 -0.011174572457149484 -0.9310637357775614 0.08980744582095193 -0.35363108262007337 0.9987813958146101
-0.3537245063225222 0.036983954845438705 0.9346181898031305 0.04807132518475992 0.09656007682935633 0.9953231032497323 -0.0028410737446073263 -0.011174572457149484 -0.9303521511715851 0.08924184680576268 -0.3556413468497415 0.9987813958146101
-0.35596058449067 0.037367237139813256 0.9337535819891669 0.04807132518475992 0.096450678493141 0.9953330517309524 -0.0030631275117492 -0.011174572457149484 -0.9295102629381091 0.0889708138687996 -0.3579034302325813 0.9987813958146101
-0.35893130047577004 0.038568090124424234 0.9325667932984366 0.04807132518475992 0.09652155071948922 0.995322801921369 -0.004013754114571813 -0.011174572457149484 -0.9283597965150565 0.08857213105452837 -0.3609751595539227 0.9987813958146101
-0.3618112214392927 0.03939945193503133 0.9314184469011919 0.04807132518475992 0.09577530863465286 0.9953909113093531 -0.00490142210631598 -0.011174572457149484 -0.9273185700160131 0.08743349970089012 -0.3639170960995215 0.9987813958146101
-0.3637662060390053 0.03928920027432493 0.9306613272752845 0.04807132518475992 0.09372246413172701 0.9955837352593275 -0.0053968327891574875 -0.011174572457149484 -0.9267633177144338 0.08526068747600002 -0.3658419988329017 0.9987813958146101
-0.36605950675149923 0.039909355799358864 0.9297352746005346 0.04807132518475992 0.0947537930355358 0.9954859565476002 -0.005424852245032185 -0.011174572457149484 -0.9257549115301666 0.08611012505031529 -0.3681886610714531 0.9987813958146101
-0.3683367435702549 0.03941588458486061 0.9288565181869886 0.04807132518475992 0.09619712929785633 0.995353895468266 -0.004090854555133281 -0.011174572457149484 -0.92470219835951 0.08784651853392819 -0.3704171075025485 0.9987813958146101
-0.37086066886538527 0.03852421149451616 0.9278891363829233 0.04807132518475992 0.09631413053553738 0.9953469645913867 -0.0028299006851000455 -0.011174572457149484 -0.9236806550685691 0.0883193365431882 -0.37284546697615456 0.9987813958146101
-0.37319414438011705 0.038311921567117206 0.9269618801580944 0.04807132518475992 0.09490528799864258 0.9954819794817193 -0.0029351042646086054 -0.011174572457149484 -0.9228862968482545 0.08687822047546441 -0.3751440495286147 0.9987813958146101
-0.37574196029392226 0.03846054726346469 0.9259258963754482 0.04807132518475992 0.0932176642092107 0.9956395017054288 -0.003528416519631969 -0.011174572457149484 -0.9220241029137236 0.08498687515111321 -0.37768874049697015 0.9987813958146101
-0.37811973745160365 0.03746954609987763 0.9249981066275765 0.04807132518475992 0.09126888437964438 0.9958216767929764 -0.0030296490410544135 -0.011174572457149484 -0.9212466851466129 0.08327797514520272 -0.3799596346483238 0.9987813958146101
-0.3810617589351052 0.037060095286003604 0.9238065193614289 0.04807132518475992 0.09023071536854672 0.9959171378613335 -0.0027335907085185066 -0.011174572457149484 -0.9201360518322066 0.08231405622050661 -0.3828498952163384 0.9987813958146101
-0.38485270078096134 0.03761315090626925 0.9222112825055351 0.04807132518475992 0.09009251133046885 0.9959288137157625 -0.0030228153888445498 -0.011174572457149484 -0.918570486192413 0.08192099175185161 -0.38667455696828823 0.9987813958146101
-0.3895135304034375 0.037513833474956744 0.920256443569218 0.04807132518475992 0.08967470425010297 0.9959675985146128 -0.00264388477124143 -0.011174572457149484 -0.9166447823722688 0.08149389552008951 -0.39130689738701485 0.9987813958146101
-0.39099478490313677 0.036898453425555915 0.9196529684143652 0.04807132518475992 0.08781284417885485 0.9961335110556537 -0.0026329734422047965 -0.011174572457149484 -0.9161942930272851 0.07972786392929611 -0.3927231660311112 0.9987813958146101
-0.39500353478550815 0.03669818338973432 0.9179463224191536 0.04807132518475992 0.08695087701382737 0.9962096827454454 -0.0024110144621836867 -0.011174572457149484 -0.9145554944854231 0.07886387855097608 -0.39669728530255266 0.9987813958146101
-0.3988198898482839 0.0377610943961871 0.9162514912464843 0.04807132518475992 0.08697500009950625 0.9962053604814051 -0.0031982973276267314 -0.011174572457149484 -0.9128954183361256 0.07841542895442435 -0.4005907833223303 0.9987813958146101
-0.4025057479935072 0.03807086249017295 0.914625460099074 0.04807132518475992 0.0875133223537014 0.9961589751827913 -0.002952045626272959 -0.011174572457149484 -0.9112247479314863 0.07885369738963367 -0.4042914210877813 0.9987813958146101
-0.4063416747523737 0.03820301738107662 0.9129222161950155 0.04807132518475992 0.08714688854276327 0.9961912560106033 -0.002898493629999056 -0.011174572457149484 -0.9095558603938232 0.07838055186708166 -0.4081232974387255 0.9987813958146101
-0.4094602271351354 0.038479365546707195 0.9115161330561118 0.04807132518475992 0.08552154623124646 0.9963296619161186 -0.0036427896344212373 -0.011174572457149484 -0.9083107329128378 0.07646269164256465 -0.41124818450919876 0.9987813958146101
-0.41296301390991996 0.038615602002280196 0.9099287798638076 0.04807132518475992 0.08562527927542336 0.9963215362896007 -0.0034216771511166575 -0.011174572457149484 -0.9067137699910797 0.07649987978762665 -0.4147504161553497 0.9987813958146101
-0.4168929587526452 0.03899180459685336 0.9081188799473044 0.04807132518475992 0.08606778001311466 0.9962839308724382 -0.003265934623886777 -0.011174572457149484 -0.9048715920980583 0.07679823083661072 -0.4186996937594837 0.9987813958146101
-0.4199688341258163 0.040254063465440554 0.9066453489306188 0.04807132518475992 0.08708547575864513 0.9961932448236752 -0.003890871310913073 -0.011174572457149484 -0.9033505954361732 0.07732159686780189 -0.4218756598607201 0.9987813958146101
