1.0 0.0 0.0 0.0 0.0 1.0 0.0 0.0 0.0 0.0 1.0 0.0
0.9999986221317427 0.0008850568482191538 0.001404424790352912 -0.0005352367930759153 -0.0008785499251767524 0.9999889093035015 -0.0046270314481778535 -0.0026508789327373047 -0.0014085044001739427 0.004625791215443615 0.9999883090171533 0.9999963431745433
0.9999963023472439 -0.0015425604094569728 0.002239598004813249 -0.0005352367930759153 0.0015550309365235534 0.9999832383510663 -0.0055771763196936835 -0.0026508789327373047 -0.0022309573340704185 0.005580638341415147 0.9999819394894467 0.9999963431745433
0.9999927486458251 -0.0030946185163809674 0.002219457592851423 -0.0005352367930759153 0.003097848759183986 0.9999941453736536 -0.0014534618952302615 -0.0026508789327373047 -0.002214946688662691 0.0014603268996133492 0.9999964807220635 0.9999963431745433
0.9999833583107217 -0.00561307637340446 0.0013328447912028575 -0.0005352367930759153 0.005606796864066281 0.9999733805652711 0.004669260090036414 -0.0026508789327373047 -0.0013590182251205945 -0.004661709395665239 0.9999882106979932 0.9999963431745433
0.9999550628062788 -0.009480100769909905 7.5817732130835e-06 -0.0005352367930759153 0.009479966458289805 0.9999445610823134 0.004583120972555434 -0.0026508789327373047 -5.1029801548296e-05 -0.004582843145004695 0.9999894974171817 0.9999963431745433
0.9999293158748728 -0.011862276110334915 -0.0008060145725842387 -0.0005352367930759153 0.011863701505551136 0.9999280264831363 0.001787299674788617 -0.0026508789327373047 0.0007847551186465592 -0.0017967356573730337 0.9999980779483434 0.9999963431745433
0.9999257533471198 -0.01208506501076354 -0.0015617288115210596 -0.0005352367930759153 0.012082665813961365 0.999925821187732 -0.0015366550908791773 -0.0026508789327373047 0.00158018354100515 0.0015176711520603979 0.999997599844245 0.9999963431745433
0.9999293110353339 -0.011659916935431168 -0.0023279324434893373 -0.0005352367930759153 0.011654797518040634 0.9999296588052894 -0.0022007126917062934 -0.0026508789327373047 0.0023534288211240883 0.002173425544340055 0.9999948687839286 0.9999963431745433
0.9999347243634052 -0.011049717889415202 -0.0029070168291551297 -0.0005352367930759153 0.01104858124819926 0.9999388798279372 -0.00040676879485711443 -0.0026508789327373047 0.0029113338322157133 0.0003746238311382876 0.9999956918868712 0.9999963431745433
0.9999373522926235 -0.010598836040504555 -0.0035994672666604033 -0.0005352367930759153 0.010608709798710387 0.999939985199818 0.0027351919485109726 -0.0026508789327373047 0.0035702613943500317 -0.0027732062986681183 0.9999897812279886 0.9999963431745433
0.9999311102307682 -0.010721072143459994 -0.004778431202396387 -0.0005352367930759153 0.010741554577511556 0.9999331412928356 0.004281582593272042 -0.0026508789327373047 0.004732208566793235 -0.00433261541559066 0.9999794171110428 0.9999963431745433
0.9999104385492559 -0.012191610880618965 -0.005520824609458896 -0.0005352367930759153 0.012220878876649932 0.9999112811817614 0.005299045662452907 -0.0026508789327373047 0.005455730905668554 -0.005366040401087233 0.9999707198766865 0.9999963431745433
0.9999042764763141 -0.012405538048097927 -0.006127031101111276 -0.0005352367930759153 0.012438694706676015 0.9999080368109614 0.005403405856065142 -0.0026508789327373047 0.006059435482855116 -0.005479100892341716 0.9999666307907682 0.9999963431745433
0.9999027970071286 -0.012218820332695007 -0.006715427536398359 -0.0005352367930759153 0.012244287132169747 0.9999179502127499 0.003764342566728881 -0.0026508789327373047 0.006668880711504099 -0.003846202284336127 0.9999703659399327 0.9999963431745433
0.9998788315245877 -0.01267385023408539 -0.00903857230248025 -0.0005352367930759153 0.012690545558375952 0.9999178657310148 0.001792162203822211 -0.0026508789327373047 0.009015116330585044 -0.0019066494638475774 0.999957545281482 0.9999963431745433
0.9998483452425899 -0.013710035989224358 -0.010738781533626734 -0.0005352367930759153 0.013717712855558636 0.9999057019452506 0.0006415382994345365 -0.0026508789327373047 0.010728973374243984 -0.0007887525285962298 0.9999421318255282 0.9999963431745433
0.9998385826270959 -0.012942051409310904 -0.01246242334205616 -0.0005352367930759153 0.012940707344890782 0.9999162477759816 -0.00018848611943690828 -0.0026508789327373047 0.012463818983432257 2.7183121224998807e-05 0.9999223232218715 0.9999963431745433
0.9998296187973276 -0.011902548041404754 -0.014108959058366892 -0.0005352367930759153 0.011892706095082594 0.9999289740602331 -0.0007812660157307357 -0.0026508789327373047 0.014117256012575945 0.0006133391992986612 0.9999001584646845 0.9999963431745433
0.9998118892926182 -0.010110174969402232 -0.0165520509669163 -0.0005352367930759153 0.01009584066570042 0.9999485850498548 -0.0009493461155255283 -0.0026508789327373047 0.01656079799937548 0.0007820606641036492 0.9998625547297693 0.9999963431745433
0.9997777464759681 -0.010652066030835385 -0.01819316192165894 -0.0005352367930759153 0.010649224777149616 0.9999432633799901 -0.0002530466787097533 -0.0026508789327373047 0.018194825173074684 5.924736748286518e-05 0.9998344587113759 0.9999963431745433
0.9997622559165096 -0.00998966629013151 -0.019381388292414484 -0.0005352367930759153 0.010015589310983463 0.9999490727558408 0.0012409131668191002 -0.0026508789327373047 0.019368004943289194 -0.0014347341724690672 0.999811393174918 0.9999963431745433
0.9997380454742071 -0.009850870977151156 -0.02065915710772158 -0.0005352367930759153 0.009897120984787292 0.9999487373745819 0.002137666763398067 -0.0026508789327373047 0.020637040185610928 -0.002341572969253609 0.9997842915391331 0.9999963431745433
0.999699927652952 -0.010880139096354819 -0.02194714614531241 -0.0005352367930759153 0.010920308807456447 0.999938907336593 0.0017112714715794967 -0.0026508789327373047 0.021927186464057793 -0.0019504275796817737 0.9997576678005654 0.9999963431745433
0.9996575952017182 -0.011137697173285277 -0.023677923413835563 -0.0005352367930759153 0.011172271078507675 0.9999367058720068 0.0013283857826663873 -0.0026508789327373047 0.023661629581743754 -0.00159246711595595 0.9997187561179495 0.9999963431745433
0.9996293224857027 -0.010965862795215992 -0.024919219087458328 -0.0005352367930759153 0.011014261471011188 0.9999377106349207 0.0018057946841225202 -0.0026508789327373047 0.024897864788380686 -0.0020795921113203647 0.9996878370899732 0.9999963431745433
0.9995934351831868 -0.011275784353764862 -0.02618818485273933 -0.0005352367930759153 0.011376871888412441 0.9999283829776883 0.003714256541921527 -0.0026508789327373047 0.026144428177119178 -0.004010686079950653 0.9996501304318719 0.9999963431745433
0.9995699096250044 -0.012090713161862814 -0.02671723090994971 -0.0005352367930759153 0.012263870514920993 0.9999047801306045 0.006326780536711477 -0.0026508789327373047 0.026638191610004427 -0.006651716109694808 0.9996230096494096 0.9999963431745433
0.9995502901282871 -0.011832173841273632 -0.027553895670935007 -0.0005352367930759153 0.012051508071696162 0.9998968946168094 0.007807771055648403 -0.0026508789327373047 0.02745867181152018 -0.008136325820013567 0.9995898266511605 0.9999963431745433
0.9995314141975795 -0.01119292310811459 -0.0284898315979668 -0.0005352367930759153 0.011392093011400406 0.9999117255755517 0.00683822150420351 -0.0026508789327373047 0.028410776986987074 -0.007159576022136016 0.9995706919583918 0.9999963431745433
0.9995304313660415 -0.009378277209911686 -0.029171299076093376 -0.0005352367930759153 0.009502544463109695 0.99994634486115 0.004124202656367625 -0.0026508789327373047 0.02913105597020975 -0.004399467626677352 0.9995659189181381 0.9999963431745433
0.9995162533421688 -0.008894529374451367 -0.02980178941000093 -0.0005352367930759153 0.008970748077977401 0.9999568220958599 0.002424793366123107 -0.0026508789327373047 0.02977893523537262 -0.002690964725506367 0.9995528869074879 0.9999963431745433
0.99950087316993 -0.007982730619063226 -0.03056600308199522 -0.0005352367930759153 0.008044896517005658 0.9999658125403318 0.001911384467517506 -0.0026508789327373047 0.030549700040684035 -0.002156330775980313 0.9995309230158956 0.9999963431745433
0.9994642589401181 -0.008132027575897469 -0.03170276374044431 -0.0005352367930759153 0.00818109480386981 0.9999655284366595 0.0014183180886453582 -0.0026508789327373047 0.031690137094807745 -0.001676921553114556 0.9994963347331578 0.9999963431745433
0.9994144754879511 -0.00767236554454606 -0.0333442797506748 -0.0005352367930759153 0.007704053725305299 0.9999699855213448 0.0008219565909406123 -0.0026508789327373047 0.033336972588074526 -0.0010783614378395894 0.9994435868998666 0.9999963431745433
0.9993530540805579 -0.0076704276390974525 -0.03513741367389305 -0.0005352367930759153 0.007693021224426053 0.9999702793140052 0.0005078514649609806 -0.0026508789327373047 0.03513247392794115 -0.0007778357816927736 0.9993823613848701 0.9999963431745433
0.999295398545305 -0.007584398854144011 -0.03675844583489968 -0.0005352367930759153 0.007649717459883213 0.9999694011330897 0.0016366491110146862 -0.0026508789327373047 0.03674490806846553 -0.001916687650571631 0.9993228397467407 0.9999963431745433
0.9992247798391231 -0.008063999323084908 -0.03853324889454793 -0.0005352367930759153 0.008211740238559343 0.999959521277124 0.003677380790418246 -0.0026508789327373047 0.03850203472163975 -0.003990955041160043 0.9992505519638971 0.9999963431745433
0.9991622060787317 -0.006979093055567903 -0.0403258999155585 -0.0005352367930759153 0.0071909336406191845 0.9999610856031638 0.005110553073457303 -0.0026508789327373047 0.04028866363202135 -0.0053962523534490355 0.9991735104791778 0.9999963431745433
0.9990929069236943 -0.005820510006201697 -0.04218394241919319 -0.0005352367930759153 0.006057248424161835 0.9999666039777105 0.005486407823928371 -0.0026508789327373047 0.042150599951674646 -0.0057369497601210545 0.9990947974697713 0.9999963431745433
0.9990449289527825 -0.003018962357223027 -0.04359031773240186 -0.0005352367930759153 0.0032285710463610283 0.999983558936922 0.004739006735944947 -0.0026508789327373047 0.043575294178292014 -0.004875215085551336 0.9990382505265475 0.9999963431745433
0.9989562587022937 -0.0013463668085322818 -0.045657206396461224 -0.0005352367930759153 0.0015394596738289652 0.9999900189532083 0.004194288720686624 -0.0026508789327373047 0.04565110363862888 -0.004260198396401331 0.9989483607505438 0.9999963431745433
0.9988936121410836 -0.0010712444628583461 -0.04701493442551613 -0.0005352367930759153 0.0013264410064086178 0.99998455567276 0.005397126106279745 -0.0026508789327373047 0.047008426670027026 -0.005453517328418292 0.9988796058438462 0.9999963431745433
0.998840915802618 0.0003969911598751014 -0.04813177034561367 -0.0005352367930759153 -5.0660299693931516e-05 0.9999741037227786 0.00719647951137701 -0.0026508789327373047 0.04813338085069391 -0.007185699815788042 0.9988150696530561 0.9999963431745433
0.9988450347361729 0.0033034862735812826 -0.04793415860668022 -0.0005352367930759153 -0.0029350983446613066 0.9999656325216861 0.007753642576863298 -0.0026508789327373047 0.04795812528234676 -0.007603995919439666 0.9988204030081983 0.9999963431745433
0.9988952188162505 0.0062698454732157275 -0.04657285543933187 -0.0005352367930759153 -0.006016892424845776 0.9999663880171364 0.005569545897856742 -0.0026508789327373047 0.04660621022544846 -0.00528316890725029 0.9988993689530086 0.9999963431745433
0.9989530953743146 0.00779438737185591 -0.04507727551182872 -0.0005352367930759153 -0.007694875812775036 0.9999675601013307 0.0023806787301291943 -0.0026508789327373047 0.0450943691418094 -0.002031322349512446 0.9989806662799907 0.9999963431745433
0.9990448245172849 0.008434881253271973 -0.04287530038923652 -0.0005352367930759153 -0.008431493878857487 0.9999644205634921 0.00025984243196968326 -0.0026508789327373047 0.042875966650266786 0.00010190859593687053 0.9990803977150401 0.9999963431745433
0.9991619729404451 0.009356181100738409 -0.03984738015182209 -0.0005352367930759153 -0.009319569641324002 0.9999559619350583 0.0011044511000456118 -0.0026508789327373047 0.039855958794815904 -0.0007321651057882377 0.9992051673619403 0.9999963431745433
0.9992247120327454 0.01410085966373011 -0.03675786473419488 -0.0005352367930759153 -0.01396890248548874 0.9998950401758601 0.003844267819190218 -0.0026508789327373047 0.036808214116204566 -0.003327820376559981 0.9993168071163001 0.9999963431745433
0.9992965440432264 0.01834657383541603 -0.03270810743168085 -0.0005352367930759153 -0.018112666332604558 0.9998083196067025 0.007433395155984854 -0.0026508789327373047 0.032838215261861176 -0.006835735053601963 0.9994373038588725 0.9999963431745433
0.9993302049492457 0.02327856463763009 -0.028235614115981085 -0.0005352367930759153 -0.023059976860072412 0.9997017319083121 0.008042679076893915 -0.0026508789327373047 0.028414414357992034 -0.0073861795221086286 0.9995689397979307 0.9999963431745433
0.9993791470646545 0.026803605828914875 -0.02286672532061339 -0.0005352367930759153 -0.026621983282726525 0.9996118535514067 0.008210496063879877 -0.0026508789327373047 0.023077920582545097 -0.007596640974081584 0.999704806744219 0.9999963431745433
0.9993845652386786 0.030687786421417642 -0.016992660981959028 -0.0005352367930759153 -0.030517354579306374 0.9994821928026136 0.01019986960503035 -0.0026508789327373047 0.01729687347976506 -0.009675021190281763 0.9998035867773192 0.9999963431745433
0.9993212720961873 0.035316284084729546 -0.010476412291525782 -0.0005352367930759153 -0.0351972115135195 0.9993160415640111 0.011340430966581244 -0.0026508789327373047 0.010869748742618902 -0.010963993400315 0.9998808126026771 0.9999963431745433
0.9992487354783774 0.038620142340638784 -0.0032325300384680915 -0.0005352367930759153 -0.03858277139999903 0.9991957475960546 0.010919145436171276 -0.0026508789327373047 0.0036516292193966428 -0.01078622230208051 0.9999351594040955 0.9999963431745433
0.999090128135783 0.04244678625802557 0.004145623956319272 -0.0005352367930759153 -0.04249011566575635 0.9990364155422994 0.01099229234982142 -0.0026508789327373047 -0.0036750418136491684 -0.011158438813699514 0.9999309892742141 0.9999963431745433
0.9988239286511643 0.047041967451497815 0.011739371880249287 -0.004771511155947513 -0.0471646599539679 0.9988329562485251 0.010402901674920053 0.00040208066244282626 -0.011236298557657766 -0.010944350603120236 0.9998769758248256 1.4651943418813176
0.9984621100324729 0.051645187115139456 0.020154142932433304 -0.028366504784094214 -0.05181192052174024 0.9986260858465766 0.00783999735930339 -0.005101145578881566 -0.019721554739605192 -0.00887216515781778 0.9997661451379843 1.8895018792373717
0.9981691145154693 0.053699260127493514 0.027835378372866704 -0.012770983199945959 -0.053852464290819746 0.9985374466137268 0.004783283385257278 -0.00866673966652038 -0.027537808867201138 -0.006273529460984726 0.9996010763854227 2.2743498941745797
0.9978846574735892 0.05437494328721934 0.035631108898350666 -0.0021982561300514184 -0.05456833605392102 0.9985000010940212 0.004477110177890034 -0.008729306768593873 -0.035334219661971256 -0.006411969880674019 0.9993549817572978 2.6747825999778634
0.9975993222651918 0.053901399068333085 0.04347679144674065 0.013685601995725888 -0.054210936233235064 0.9985116506613789 0.0059714224606329785 -0.013741905644662853 -0.043090214767889684 -0.008314004568431172 0.9990365912814674 3.0382433681559418
0.9971199630471645 0.05572831571584479 0.05144058825765225 0.029535048202922604 -0.056146313321738306 0.9983999651412161 0.00671573572995019 -0.01653529682878459 -0.05098402488226117 -0.0095845935486508 0.9986534758229764 3.387080466224217
0.9964256882686927 0.058913338568223915 0.060539791022142984 0.03072496358980421 -0.05943128557383733 0.9982093112723304 0.006789196142365497 -0.016484615503885705 -0.06003140888984327 -0.010362887047764759 0.9981426954693081 3.712260231713532
0.9955575979760254 0.06376233048413056 0.069277949763513 0.04474558914032904 -0.06434198371114372 0.9979088593833487 0.006165832980011025 -0.017526929734550382 -0.06873993194874314 -0.010595922586326197 0.9975783418760791 4.025574649986554
0.9946337452106098 0.06758671578684969 0.07833102027588107 0.05806565420873404 -0.06829776560097386 0.9976442525540956 0.006431217590227296 -0.027125767281810625 -0.0777118272994974 -0.011746539700119036 0.9969066609782719 4.304437466800903
0.9938993887710237 0.06707064276783724 0.08755303466637523 0.08499175781301371 -0.06795453130706057 0.997662791929052 0.007150893312396248 -0.03418617644050004 -0.08686878999629075 -0.013056893927621441 0.9961341931916321 4.563880943410037
0.9930136719405599 0.06613122410855729 0.09772670329560285 0.12481195402927642 -0.06697932867082937 0.9977396438244747 0.005419656060502134 -0.0422023068376132 -0.09714739764876694 -0.011927461545246588 0.9951985323497818 4.813466192021015
0.9919260133048708 0.06502530585265978 0.10887834370466054 0.17591426583359016 -0.06551666750847442 0.9978510342746886 0.0009379101860491135 -0.04666742207750982 -0.10858337997910081 -0.008063683755057014 0.9940546396434219 5.047355449703449
0.9903616996282532 0.06610599072994436 0.12171155203614425 0.22209300745416194 -0.06623521616793128 0.9977995622184619 -0.002988273051743843 -0.05341856027848201 -0.12164127608925185 -0.005102119780769727 0.9925610149129988 5.286811898332526
0.9882846049980943 0.06788101693655878 0.13669567317006137 0.2707732660852084 -0.06780854086257457 0.9976848424560465 -0.005192005348653657 -0.05838186452647445 -0.1367316397541031 -0.004137955184746707 0.9905994831499985 5.5332272525193344
0.985839274162455 0.06954996380965281 0.15259006538079967 0.32111437481905664 -0.06936215823297247 0.997569975112592 -0.006560164565370177 -0.06231836570025233 -0.1526755269324606 -0.004116708386211487 0.9882677957861216 5.780097408589238
0.9830889272073084 0.07014647090538322 0.16916156130132026 0.37914907899637773 -0.06983069549865188 0.9975281848170428 -0.007822688910383865 -0.06789208982814522 -0.16929215920577764 -0.004122270628522883 0.9855572899209419 6.01569051237282
0.9799303526022827 0.06936613386880394 0.1868818972529385 0.4436627577773379 -0.06890076534545625 0.9975829893251227 -0.008992438154402866 -0.07408057248793928 -0.18705397238116275 -0.004064342658539802 0.9823412301920255 6.247511437159875
0.9762310860543801 0.06840411658967888 0.2056544272673653 0.5163208453853285 -0.06793412769475689 0.9976459581118318 -0.009353959454467778 -0.08066149691061923 -0.20581015746418999 -0.004839328125829214 0.9785799711765291 6.474049604058471
0.9718952593332205 0.06877591296624974 0.22514324036325808 0.5944052572126662 -0.06816547148133027 0.9976188468293677 -0.010493090515589856 -0.09120817407410493 -0.22532881170266872 -0.005148810202339438 0.9742691703888429 6.681564668107684
0.9668590625755068 0.07095095063126186 0.24525398206783397 0.6833644509970221 -0.07003092506439193 0.9974667300524507 -0.01248166547760266 -0.10536722727842462 -0.245518273556643 -0.005107351856879862 0.9693785082756766 6.880522937348318
0.961008088308115 0.0722951636165601 0.26690234829246773 0.7781416054815228 -0.07100994756458244 0.9973705455704417 -0.014476953249645354 -0.1167788642718973 -0.26724715443434405 -0.005040252590144055 0.9636148371110596 7.077810626650416
0.9540364186786129 0.07345581504766685 0.2905490579412812 0.8763941173238441 -0.07201979469828489 0.9972804450686044 -0.01564810069564576 -0.12595670157773953 -0.29090833780849235 -0.005996425555914605 0.9567321369505956 7.2969496457176675
0.9459378538578287 0.07630131959041703 0.31524543655317644 0.9881437658289751 -0.07493817207739266 0.9970522929327952 -0.016461941658041993 -0.1401453832481007 -0.31557225322347476 -0.008051943008693316 0.9488673875780769 7.509397961530802
0.9363770745256443 0.07826396386709764 0.3421589196011148 1.1012840160349882 -0.07683408005712493 0.9968858172310058 -0.017753634710759372 -0.14857330887738815 -0.3424828440149491 -0.009665369288233281 0.9394743648402303 7.74820215767242
0.9256463497212006 0.07890572507535804 0.37007123881510373 1.2270320793194285 -0.07726629112574404 0.9968241153298559 -0.019277016172620946 -0.15814018141451747 -0.37041700217928114 -0.01075033242184908 0.9288033563943091 7.982264663832956
0.9135424106920171 0.07697355554075996 0.39939371003363133 1.3697926828427645 -0.07460250841705152 0.9969814612186555 -0.02150422572881993 -0.16917613685939406 -0.3998433813443697 -0.010150750402129613 0.9165272678220623 8.204891940781483
0.899402818521022 0.07422383616481751 0.4307730170071207 1.5269185365137568 -0.07071188118994567 0.997203572295748 -0.024183987660754507 -0.18520639673737668 -0.4313634197460631 -0.008709623733281399 0.9021362106463782 8.401722906193436
0.8828579215463188 0.0735078731123949 0.46385178985684994 1.6920082466464574 -0.0680470751634559 0.9972742305489689 -0.028525508666076522 -0.1986072480431088 -0.4646842862897462 -0.006379786317108446 0.8854534501609541 8.604027722547812
0.8642781048240475 0.07527583827700174 0.4973498825710574 1.86573811487811 -0.06740353969992645 0.9971534001074385 -0.03379141148416891 -0.20987833699377623 -0.49847780327480073 -0.004317965477764611 0.8668917088174635 8.80578169485254
0.8436058143539633 0.07714249158381459 0.531392760564561 2.0519621041112286 -0.06700949776371876 0.9970147802593547 -0.03835694401072714 -0.224646780826077 -0.5327653866362178 -0.0032502210124080856 0.8462567452409063 8.979973882139008
0.8197259324363934 0.0800536410886725 0.5671338556634833 2.228448247695076 -0.06816224500187995 0.9967822024439495 -0.042179962627890394 -0.23832248480785473 -0.5686855933181244 -0.0040811076233151335 0.8225448562315495 9.17829258019087
0.7930581153780435 0.08396639069301574 0.6033311452817689 2.434570313370692 -0.0708988523853212 0.9964460277755002 -0.04548259514219734 -0.249478560285949 -0.6050059325027056 -0.006705144622824989 0.7961927296026503 9.40290357733681
0.7638051926276781 0.08826481950535577 0.639383257016228 2.647345193318214 -0.07439962937655656 0.9960424221573754 -0.04862292063931392 -0.26367785972114816 -0.6411445413193697 -0.010431438086551172 0.7673492439794424 9.61805003934765
0.7314404905041483 0.08935111017104629 0.6760260260982928 2.883566311343731 -0.07402080911965415 0.9959237607446224 -0.05154398705530302 -0.27997905034790976 -0.6778758947390894 -0.01233863426346945 0.7350728055343849 9.832933885910053
0.695734347472414 0.08689929129285266 0.7130233032096013 3.161286906488985 -0.07021417552035104 0.9961287659727862 -0.05289093644027035 -0.2958704676854581 -0.714859208028497 -0.013266302210182697 0.6991425590840099 10.057068513811286
0.6574908629001565 0.08576314652831168 0.7485655935857379 3.4736458509411303 -0.06721891974118661 0.9962158777933027 -0.05509574993903502 -0.3066832970976108 -0.7504581147749914 -0.014092818386705744 0.6607677431883955 10.287291735437279
0.615844775905893 0.0855786555626789 0.7832059152620732 3.776896517974305 -0.06505682079756431 0.9962120885454173 -0.05769822097507381 -0.31669159311309175 -0.7851769367837624 -0.015419738910233703 0.6190794856840337 10.48989381895449
0.5695021490250113 0.08557849082008594 0.8175228584968416 4.0659473287212515 -0.06125609086113528 0.9962186623725408 -0.06161223963690558 -0.3253613500599067 -0.8197042110348735 -0.014989951621675561 0.5725908729294199 10.685268404800757
0.5216220005412499 0.08469994184241325 0.8489619593381277 4.0659473287212515 -0.05828295121460102 0.996272976418471 -0.06358658707615981 -0.3253613500599067 -0.8511836383231641 -0.016311845700898508 0.5246144656228711 10.685268404800757
0.4737359637971749 0.08269023263477011 0.8767762325884328 4.0659473287212515 -0.05611334774396315 0.996393315464552 -0.06365259698173807 -0.3253613500599067 -0.8788774253615377 -0.019044325253539014 0.4766673734015279 10.685268404800757
0.42430028263088904 0.08073100757437329 0.9019156138882232 4.0659473287212515 -0.05603148376240362 0.9964499302187714 -0.06283318704623193 -0.3253613500599067 -0.9037863370214939 -0.023875531052320872 0.4273174651593819 10.685268404800757
0.3749416349938248 0.08054681034810791 0.9235426258115538 4.0659473287212515 -0.058713129434641576 0.9962815504182159 -0.06305426812092246 -0.3253613500599067 -0.9251872992968212 -0.03058240734508587 0.3782765887295061 10.685268404800757
0.3261039860244038 0.08072725308475563 0.9418807254150503 4.0659473287212515 -0.056285782921241624 0.9962375728128369 -0.06589847613510505 -0.3253613500599067 -0.9436567707275434 -0.03152473830782335 0.3294208401645015 10.685268404800757
0.2795046282147514 0.07730047607866201 0.9570275853937241 4.0659473287212515 -0.04496137904990671 0.9967141553507984 -0.06737482406116876 -0.3253613500599067 -0.9590910473987657 -0.02419770487785495 0.2820617554334174 10.685268404800757
0.23587616170558864 0.0713723616213115 0.9691586156742515 4.0659473287212515 -0.03162505551240691 0.9973348202762324 -0.06575037740127994 -0.3253613500599067 -0.9712683934952652 -0.015140748368919866 0.23750466424041777 10.685268404800757
0.1940649347801722 0.07053246008188692 0.9784497806037672 4.0659473287212515 -0.02251328837759855 0.99746941583404 -0.0674382407994515 -0.3253613500599067 -0.9807303161089655 -0.008940724271297816 0.19516175474285574 10.685268404800757
0.1560607796003356 0.07220421234516038 0.9851048597941979 4.0659473287212515 -0.018250467297931124 0.9973651549932209 -0.07021159483128962 -0.3253613500599067 -0.9875788340755086 -0.007021347802354798 0.15696734425063116 10.685268404800757
0.12366697395498492 0.07263193730089985 0.9896621045774822 4.0659473287212515 -0.008780191085884778 0.9973587870923757 -0.07209963976413573 -0.3253613500599067 -0.9922849327674541 0.0002269218842242992 0.12397806543556933 10.685268404800757
0.09528427961237931 0.07058521634039334 0.9929444260848266 4.0659473287212515 -3.505392943023913e-05 0.9974831084639051 -0.07090449280832223 -0.3253613500599067 -0.9954501016273848 0.006721276914680072 0.09504693370469355 10.685268404800757
0.0702573723454407 0.06899638836625457 0.9951398896755786 4.0659473287212515 0.0069468432770202985 0.9975470407918768 -0.0696537348306039 -0.3253613500599067 -0.9975047082593633 0.011806769235529714 0.06960572678034772 10.685268404800757
0.05045306610778812 0.06815346847161594 0.9963983103436133 4.0659473287212515 0.011477800818640454 0.9975634544486677 -0.06881434760866739 -0.3253613500599067 -0.998660476943335 0.014908356171216147 0.04954788297779647 10.685268404800757
0.03467853355500936 0.07025144732017868 0.9969263430464109 4.0659473287212515 0.013969675931567505 0.9973948057677818 -0.07077040046385047 -0.3253613500599067 -0.9993008793475765 0.016380951647185893 0.033606799286624606 10.685268404800757
0.021129911390907304 0.0695994465314861 0.9973512139096834 4.0659473287212515 0.015064956627007173 0.9974385107369362 -0.06992470508130172 -0.3253613500599067 -0.9996632302562887 0.016502555601843404 0.02002727470649045 10.685268404800757
0.009330741600147196 0.0705029245375582 0.9974679317616375 4.0659473287212515 0.015600424165561186 0.9973796904553373 -0.0706426205138811 -0.3253613500599067 -0.9998347683627752 0.0162200708649967 0.008206416641176049 10.685268404800757
0.00036279422804788423 0.07354678791415713 0.9972917017442059 4.0659473287212515 0.020230582942538128 0.997087122628266 -0.07353906038757614 -0.3253613500599067 -0.9997952749909113 0.020202472036683378 -0.001126156940103263 10.685268404800757
-0.006045303380636869 0.07539537363931574 0.9971353929837312 4.0659473287212515 0.02480922196047814 0.9968579909131887 -0.07522398858232934 -0.3253613500599067 -0.999673925244002 0.024283401456697683 -0.007896809541892414 10.685268404800757
-0.010514793788863632 0.07482974414123438 0.9971408869880581 4.0659473287212515 0.024881484397930708 0.9969068352414199 -0.07454980605668837 -0.3253613500599067 -0.9996351088500904 0.024026469584443655 -0.012344144910622535 10.685268404800757
-0.014194642351403625 0.07211655953538852 0.9972951990104489 4.0659473287212515 0.02225605091501616 0.9971713717626463 -0.07179083182877975 -0.3253613500599067 -0.9996515294472283 0.021176807544555844 -0.015759520806063784 10.685268404800757
-0.01649316071062457 0.06533918154585494 0.9977267997827299 4.0659473287212515 0.020577255476545955 0.9976733725151532 -0.06499552547129368 -0.3253613500599067 -0.9996522156264283 0.019458497607851993 -0.017799288300899784 10.685268404800757
-0.017738795888586612 0.05960873174945244 0.9980641934362945 4.0659473287212515 0.021631343048803563 0.9980104960776837 -0.05922106649391848 -0.3253613500599067 -0.999608633475286 0.020538958542103428 -0.018992921409764715 10.685268404800757
-0.018073605533682164 0.056870783002601566 0.9982179415456727 4.0659473287212515 0.02485707419843407 0.9980979906111799 -0.05641389013545052 -0.3253613500599067 -0.9995276237529941 0.02379317504227578 -0.019452870639085098 10.685268404800757
-0.01753324980333135 0.0590485668330559 0.9981011230863795 4.0659473287212515 0.02807496047811187 0.9978900369305365 -0.05854289699801419 -0.3253613500599067 -0.9994520407430703 0.026995202346525745 -0.019154041473884935 10.685268404800757
-0.016949892279338876 0.0665158943549861 0.9976413869471691 4.0659473287212515 0.029072242970168544 0.9973956431437958 -0.06600557344990783 -0.3253613500599067 -0.9994335925114808 0.02788488543860605 -0.01883951495323455 10.685268404800757
-0.014476428282076145 0.07468040766277696 0.9971024369318889 4.0659473287212515 0.029898212366962894 0.9967933668263261 -0.0742231820140473 -0.3253613500599067 -0.9994481126709165 0.028737093839703985 -0.016662818374862567 10.685268404800757
-0.012238222433344818 0.07555816403015536 0.997066291557417 4.0659473287212515 0.030596077494355764 0.9967023626470116 -0.07515504198533389 -0.3253613500599067 -0.9994569055009996 0.02958655340268874 -0.014509648655911266 10.685268404800757
-0.010204468492865246 0.0709848118107623 0.9974251978544381 4.0659473287212515 0.02993309466063837 0.997051806557246 -0.0706519984498816 -0.3253613500599067 -0.9994998142405118 0.029135056772135032 -0.012299178837165924 10.685268404800757
-0.007465909943792779 0.06449943443824058 0.9978898151328404 4.0659473287212515 0.029420898592230463 0.9974997847410453 -0.06425410623132766 -0.3253613500599067 -0.9995392293025516 0.028879099686592396 -0.009344874881692044 10.685268404800757
-0.0046390121814166435 0.06249861888754487 0.9980342690524842 4.0659473287212515 0.027379520325101953 0.9976787821713023 -0.06234909359362756 -0.3253613500599067 -0.9996143463520067 0.027036461349981014 -0.006339426229754955 10.685268404800757
-0.0014213700602689003 0.06787662251661902 0.9976927101181428 4.0659473287212515 0.035038074665113064 0.9970844913585657 -0.06778532596355245 -0.3253613500599067 -0.9993849673828977 0.03486088363709973 -0.0037954922113274643 10.685268404800757
0.0021002698702327414 0.07331164680246774 0.997306869177977 4.0659473287212515 0.036838776689339894 0.9966264420185424 -0.07333920916867165 -0.3253613500599067 -0.9993190148288522 0.03689359717570738 -0.0006075268972339469 10.685268404800757
0.004349577306129339 0.0739578586038454 0.9972518820879646 4.0659473287212515 0.03062616496126265 0.996783648286703 -0.07405671156626048 -0.3253613500599067 -0.9995214450911125 0.030864116040742427 0.002070541957926728 10.685268404800757
0.007674667285042577 0.07046935138529581 0.9974844209296684 4.0659473287212515 0.026206078325906157 0.9971570199926701 -0.07064785161706316 -0.3253613500599067 -0.9996271009435682 0.026682353619309707 0.005806123017410602 10.685268404800757
0.01241111565157064 0.06666552460278037 0.9976981868469622 4.0659473287212515 0.030052931068982477 0.9972994111117855 -0.06701272961341848 -0.3253613500599067 -0.9994712529845211 0.030815457574311818 0.010374103914987927 10.685268404800757
0.016224781145106292 0.06781274868950318 0.997566131939113 4.0659473287212515 0.03533911511645312 0.9970352197544247 -0.06835142655441982 -0.3253613500599067 -0.9992436656889959 0.03636209130966419 0.01378023570217825 10.685268404800757
0.019034707840537173 0.07229685056396296 0.9972015068660666 4.0659473287212515 0.034992878789336136 0.9967229796098133 -0.07293010593548693 -0.3253613500599067 -0.9992062741653814 0.03628315471756132 0.016442455786188248 10.685268404800757
0.0224993850964734 0.07309233595724006 0.9970713555681915 4.0659473287212515 0.03104809921694694 0.9967916740235699 -0.07377244832791903 -0.3253613500599067 -0.9992646262153472 0.0326170050984899 0.02015782163601718 10.685268404800757
0.02592561904915268 0.07267041228080445 0.9970189935281336 4.0659473287212515 0.030408891066225328 0.9968353559134957 -0.07344775384535987 -0.3253613500599067 -0.9992012618191806 0.032222420451358605 0.023633747041356495 10.685268404800757
0.029459935000033483 0.06920044234555232 0.9971676945273399 4.0659473287212515 0.03433806167413526 0.9969418060671333 -0.07019923671990151 -0.3253613500599067 -0.9989759805672307 0.03630887074494818 0.026993631748416055 10.685268404800757
0.033291291434224185 0.06974817739166213 0.9970089676954661 4.0659473287212515 0.03907696979601724 0.9967083072477456 -0.07103196952701107 -0.3253613500599067 -0.998681470913627 0.041324835315657706 0.03045615931023709 10.685268404800757
0.037085908432978265 0.07053008468432959 0.9968200151231509 4.0659473287212515 0.04194943592701714 0.9965170617301625 -0.07206934512037584 -0.3253613500599067 -0.9984312095588304 0.04448879448912892 0.03399804323483438 10.685268404800757
0.03962618865717169 0.07008313006183567 0.9967537910904773 4.0659473287212515 0.04247299904146544 0.9965175652535372 -0.0717550450740395 -0.3253613500599067 -0.9983114792112394 0.045178501766763135 0.03651155232498424 10.685268404800757
0.04310395843588121 0.06878362823632327 0.9966999855793126 4.0659473287212515 0.04379111959162898 0.9965383149236455 -0.07066629135622697 -0.3253613500599067 -0.9981104080271248 0.04669260515090742 0.03994263401619037 10.685268404800757
0.0467524265197538 0.06791634168554278 0.9965949935387818 4.0659473287212515 0.04590136834797036 0.9964859989090146 -0.07006224633907726 -0.3253613500599067 -0.9978513291058457 0.04902065391593514 0.04347068542540393 10.685268404800757
0.04951473344726434 0.06850656790996758 0.9964211666383047 4.0659473287212515 0.04385229489962032 0.9965336993881182 -0.07069343828007509 -0.3253613500599067 -0.997810236169026 0.04719572159654683 0.046338930277871636 10.685268404800757
0.052667548447762884 0.07025385452990135 0.9961378043544932 4.0659473287212515 0.04140161837515145 0.996510977578684 -0.07246914902966425 -0.3253613500599067 -0.9977534942742246 0.04505848964242551 0.049575166915724035 10.685268404800757
0.05524761608249453 0.0709161627461322 0.9959511026042202 4.0659473287212515 0.04293739004247852 0.9963830961275988 -0.07332875484766627 -0.3253613500599067 -0.9975490371172469 0.04681477985137764 0.052002835825799766 10.685268404800757
0.05799338620291443 0.07076330114964392 0.9958058658027282 4.0659473287212515 0.04084918508284368 0.9964810748119834 -0.07319024265303938 -0.3253613500599067 -0.9974808826412626 0.04492240812721229 0.054898688629733364 10.685268404800757
0.06001493442355455 0.07130171306820225 0.99564766527104 4.0659473287212515 0.039205276081528934 0.9965075775995937 -0.07372648176842732 -0.3253613500599067 -0.9974272675105247 0.04345933156548556 0.05700993357629156 10.685268404800757
0.06273652541213873 0.07121403160284002 0.9954861576546801 4.0659473287212515 0.03628363736461404 0.9966288811242412 -0.07358240936953435 -0.3253613500599067 -0.9973703555043176 0.040736163441126766 0.059941129029174346 10.685268404800757
0.06601926892300226 0.07317771378652428 0.9951313874739588 4.0659473287212515 0.0349676311427472 0.9965249127967184 -0.07560001949567506 -0.3253613500599067 -0.9972054557126836 0.03978844531342203 0.06323099490284288 10.685268404800757
0.06930261795568564 0.07666118324891211 0.994645771180555 4.0659473287212515 0.03398614653187451 0.9962827764321838 -0.07915536133757098 -0.3253613500599067 -0.9970165941389372 0.03928985069256673 0.0664395864237067 10.685268404800757
0.07277728834151768 0.07884269624086485 0.9942269839182208 4.0659473287212515 0.03387670022048666 0.9960998183407006 -0.08147098307852955 -0.3253613500599067 -0.9967727100416776 0.03961036671228273 0.0698225133111897 10.685268404800757
0.0754455269639221 0.08117865069152826 0.9938400269324207 4.0659473287212515 0.027877459017828888 0.9961193472599286 -0.08348109542376128 -0.3253613500599067 -0.9967601615934739 0.03400400985685106 0.07288969456520954 10.685268404800757
0.07834216226763568 0.08047930277283404 0.9936727768417659 4.0659473287212515 0.02447520538426857 0.9962805196168036 -0.08262015827543932 -0.3253613500599067 -0.9966260431739836 0.03079298714414482 0.07608102266735806 10.685268404800757
0.08192719294611031 0.08075795869379446 0.9933610054575216 4.0659473287212515 0.02677949346138056 0.9961733846868467 -0.0831952304611962 -0.3253613500599067 -0.9962784720076641 0.03341765624862269 0.07945103186822604 10.685268404800757
0.08617725203204478 0.0819738493158094 0.9929016916394847 4.0659473287212515 0.02631679586934173 0.9960742009481174 -0.0845198938755175 -0.3253613500599067 -0.9959321801645831 0.03341368333342473 0.08368164839865715 10.685268404800757
0.08989291428117417 0.08301448737163739 0.9924856970498153 4.0659473287212515 0.02232603407746776 0.9961017954481228 -0.08533909600755023 -0.3253613500599067 -0.9957011660957379 0.029829649535965543 0.08768910903956106 10.685268404800757
0.09393550575357298 0.08097408675680003 0.9922798587257118 4.0659473287212515 0.02107412533960562 0.996301881602084 -0.08329731062468783 -0.3253613500599067 -0.9953552139814179 0.028736005116186663 0.09188166307795723 10.685268404800757
0.09869939879754583 0.08062812886129256 0.9918455189762797 4.0659473287212515 0.021450802940758917 0.996308193099065 -0.08312549197966275 -0.3253613500599067 -0.9948860697236661 0.029480318858370207 0.09660548157226322 10.685268404800757
0.10392684545936817 0.08440478478643483 0.9909969944949463 4.0659473287212515 0.018079964242403913 0.9960675433790092 -0.08673271539556056 -0.3253613500599067 -0.9944205979794777 0.026931047733976712 0.10199212215701832 10.685268404800757
0.11027164361467426 0.09312063796334089 0.9895295404381899 4.0659473287212515 0.016028154515446494 0.9953051474857231 -0.09545030985408207 -0.3253613500599067 -0.9937722389347323 0.026385794922874357 0.1082613825375453 10.685268404800757
0.11730273605420584 0.09795219065728163 0.9882537308098732 4.0659473287212515 0.01412478809564395 0.994858646648682 -0.10028341612448188 -0.3253613500599067 -0.9929957494750177 0.02572239362467634 0.11531608730253926 10.685268404800757
0.1243916908203275 0.1011731804554595 0.987061646915421 4.0659473287212515 0.00943845240745603 0.9946223159243195 -0.10313759877699771 -0.3253613500599067 -0.9921883001079047 0.022145794676648487 0.122767833356819 10.685268404800757
0.13131120979769553 0.09946718576279662 0.9863385043370714 4.0659473287212515 0.0053729563125947885 0.9948675911544433 -0.10104260196079684 -0.3253613500599067 -0.9913266351318974 0.018567579997805242 0.13010283413937163 10.685268404800757
0.13881533033794285 0.09796670856947022 0.9854607186870659 4.0659473287212515 0.0051643767197481795 0.9950098025642156 -0.09964347451894151 -0.3253613500599067 -0.990304818364662 0.018921332225173837 0.13761667744339917 10.685268404800757
0.14625476239260773 0.09484483259900676 0.9846897999912175 4.0659473287212515 0.004607835344992929 0.9953171927868056 -0.09655285390094258 -0.3253613500599067 -0.9892362267582583 0.018658603169856253 0.14513285016437477 10.685268404800757
0.1536140789978332 0.0895477061317695 0.9840649994081597 4.0659473287212515 0.0029118871208966557 0.9958398936824315 -0.09107374519557812 -0.3253613500599067 -0.9881266293583245 0.01685569568699623 0.15271427528513873 10.685268404800757
0.16075524485743473 0.08223406363243752 0.9835625603027588 4.0659473287212515 -6.240885162674355e-05 0.9965238833714377 -0.08330753852704613 -0.3253613500599067 -0.9869942995559612 0.013330740744485819 0.16020157301113586 10.685268404800757
