1.0 0.0 0.0 0.0 0.0 1.0 0.0 0.0 0.0 0.0 1.0 0.0
0.9999995690486052 -0.0008591146570791408 -0.0003518872120301369 -0.002474375811164213 0.0008597121788723363 0.9999981830097364 0.0017014323951920346 -0.019005072554005662 0.0003504248471457596 -0.0017017341836791482 0.9999984906504584 0.9998163254726151
0.999997642871437 -0.0020537082843306823 -0.0007046515835103137 -0.002474375811164213 0.0020549211494166834 0.9999964011035649 0.0017248417279977614 -0.019005072554005662 0.0007011067257963257 -0.001726285665765985 0.9999982641920732 0.9998163254726151
0.9999938705358368 -0.0033068084556497263 -0.001150612269654006 -0.002474375811164213 0.003307584647620286 0.9999943032304759 0.0006733427009432449 -0.019005072554005662 0.0011483790995440947 -0.0006771443211917662 0.9999991113501111 0.9998163254726151
0.9999936417917328 -0.003477568203792556 -0.0007892372871054114 -0.002474375811164213 0.0034782063248426412 0.9999936241018047 0.0008086015710531961 -0.019005072554005662 0.0007864202878957611 -0.0008113415599198461 0.9999993616337983 0.9998163254726151
0.999991388949269 -0.0040591874348791445 -0.0008631481218071172 -0.002474375811164213 0.004060673013029049 0.9999902652157094 0.0017263859639211985 -0.019005072554005662 0.0008561319950338174 -0.001729876060208586 0.9999981372816767 0.9998163254726151
0.9999832861982868 -0.005630837001298881 -0.0013118684153977543 -0.002474375811164213 0.0056346440204725155 0.9999798719458874 0.002916588735103692 -0.019005072554005662 0.0012954191742720962 -0.002923931899340389 0.9999948862426301 0.9998163254726151
0.9999865150542404 -0.005071905199117715 -0.0011160140347864116 -0.002474375811164213 0.005075645280508664 0.9999814255531028 0.0033743701296267076 -0.019005072554005662 0.001098878820038767 -0.0033799891177972155 0.9999936840495056 0.9998163254726151
0.9999908319479891 -0.004258152883728876 -0.00045183402546928404 -0.002474375811164213 0.004258889700331315 0.9999895819901462 0.0016424888718281248 -0.019005072554005662 0.00044483534953186464 -0.0016443981246820896 0.999998549037107 0.9998163254726151
0.9999990949971509 -0.0012836954456713241 -0.00040265479189130796 -0.002474375811164213 0.0012834742329055776 0.9999990255560471 -0.0005491637731002854 -0.019005072554005662 0.0004033593585612211 0.0005486464790552982 0.9999997681441075 0.9998163254726151
0.9999969397183192 0.002442463510262294 -0.00039360639838268867 -0.002474375811164213 -0.002442978777540278 0.9999961526577967 -0.0013139727155797511 -0.019005072554005662 0.00039039555363288257 0.001314930266531022 0.9999990592744107 0.9998163254726151
0.9999864163458588 0.005184188361688289 -0.0005397358582831424 -0.002474375811164213 -0.0051849428064152945 0.9999855697801451 -0.0014059159197142002 -0.019005072554005662 0.0005324395368275359 0.00140869532179431 0.9999988660421724 0.9998163254726151
0.9999808691781451 0.006168938254147138 -0.00045329740539293306 -0.002474375811164213 -0.006169237350310102 0.9999807513355361 -0.0006614143425804847 -0.019005072554005662 0.000449208455783475 0.0006641981884646126 0.9999996785262136 0.9998163254726151
0.9999942591499549 0.003387632951848812 7.490070635781054e-05 -0.002474375811164213 -0.0033877900539188424 0.9999918247375928 0.0022075634827537862 -0.019005072554005662 -6.742167922742878e-05 -0.0022078045573309607 0.9999975605237018 0.9998163254726151
0.9999997823486787 -0.0006000563043425674 0.00027429004007338597 -0.002474375811164213 0.0005990020135400594 0.9999924946812055 0.003827764079424595 -0.019005072554005662 -0.00027658485540662305 -0.0038275989460204636 0.9999926364664526 0.9998163254726151
0.9999960117332838 -0.002824211151919364 1.867870824481883e-05 -0.002474375811164213 0.0028241749936553898 0.999994543462073 0.0017137916113179497 -0.019005072554005662 -2.3518715704503347e-05 -0.001713732024319208 0.9999985312836315 0.9998163254726151
0.9999933425209832 -0.0036471999514578117 -0.00011334118493411481 -0.002474375811164213 0.003647133888105704 0.999993182308265 -0.0005777122060537355 -0.019005072554005662 0.00011544744413871431 0.0005772949894703128 0.9999998267011773 0.9998163254726151
0.9999992747147862 -0.0011984044742984117 0.00011998589729433482 -0.002474375811164213 0.001198656286375627 0.9999970321215678 -0.0021210778309104566 -0.019005072554005662 -0.00011744363202789488 0.0021212201143740966 0.9999977433135644 0.9998163254726151
0.9999988535015976 0.0013769504775098525 0.0006300816381691008 -0.002474375811164213 -0.0013766868341906712 0.9999989647239378 -0.00041866981527017736 -0.019005072554005662 -0.0006306574734627342 0.0004178019101701263 0.9999997138563175 0.9998163254726151
0.9999969682279979 0.001943227858342598 0.001512415386203004 -0.002474375811164213 -0.0019477470665967042 0.9999936260152794 0.002992358631396154 -0.019005072554005662 -0.001506590911435779 -0.002995295361879029 0.9999943791789644 0.9998163254726151
0.9999982480492632 -0.0003653443245903346 0.001835870890402861 -0.002474375811164213 0.00035674356226794935 0.9999889711264762 0.004682986167282924 -0.019005072554005662 -0.0018375615452333749 -0.004682323027800593 0.9999873495292989 0.9998163254726151
0.9999881045085431 -0.004745780344723219 0.0011262372432932894 -0.002474375811164213 0.004742393571252998 0.9999842816473923 0.00299101343444309 -0.019005072554005662 -0.0011404142334671796 -0.002985636794606071 0.9999948927011119 0.9998163254726151
0.9999875844802363 -0.004923665423960108 0.000767075076518138 -0.002474375811164213 0.004923092130357699 0.9999876021417473 0.0007474802172775576 -0.019005072554005662 -0.000770745908931001 -0.0007436945556495845 0.9999994264344122 0.9998163254726151
0.9999865861491174 -0.00500505490869861 0.001333021827465913 -0.002474375811164213 0.005007437577873925 0.999985860419011 -0.0017901203743196875 -0.019005072554005662 -0.0013240433283292 0.00179677138550288 0.9999975092578254 0.9998163254726151
0.9999965737476525 -0.001940054756635317 0.0017574642229539821 -0.002474375811164213 0.0019442208905442284 0.9999952969458585 -0.002371938298888059 -0.019005072554005662 -0.0017528542673254151 0.0023753470706855276 0.9999956426046129 0.9998163254726151
0.9999973545536595 -0.001091978636678513 0.0020244674207781535 -0.002474375811164213 0.0011010817725674831 0.9999892646561108 -0.004500910070343627 -0.019005072554005662 -0.002019530789781797 0.0045031272676037135 0.9999878215959442 0.9998163254726151
0.9999982125549928 -7.311910820513355e-05 0.001889322739362624 -0.002474375811164213 8.050832134874179e-05 0.999992347760181 -0.003911258044613548 -0.019005072554005662 -0.0018890222941117696 0.003911403159657096 0.9999905662155499 0.9998163254726151
0.9999984189267538 0.00015688842583758665 0.0017713074302802554 -0.002474375811164213 -0.00015208638281905373 0.9999963141408451 -0.00271082541971642 -0.019005072554005662 -0.0017717261986233863 0.0027105517419629154 0.9999947569340214 0.9998163254726151
0.9999983590959347 0.0010908872611894193 0.0014462954120802068 -0.002474375811164213 -0.001089158076887376 0.9999986918444186 -0.0011958445279170165 -0.019005072554005662 -0.0014475980516626898 0.0011942673213212007 0.9999982390911732 0.9998163254726151
0.9999899728550606 0.004182628668391256 0.0015999396097357414 -0.002474375811164213 -0.004181179996746793 0.9999908468384441 -0.0009077296768203149 -0.019005072554005662 -0.0016037216613994621 0.0009010309393910212 0.9999983081086089 0.9998163254726151
0.999977599918655 0.006427724754872023 0.0018665517402557505 -0.002474375811164213 -0.006425297905697793 0.9999785082773176 -0.0013032767525456334 -0.019005072554005662 -0.001874888729088259 0.0012912544080527493 0.9999974087237969 0.9998163254726151
0.9999607699990589 0.008658909915217028 0.001865942648164251 -0.002474375811164213 -0.008657260518930654 0.9999621289575962 -0.0008902195789197121 -0.019005072554005662 -0.0018735803141098203 0.0008740307039861785 0.9999978628812846 0.9998163254726151
0.9999552468644162 0.009342698673684646 0.0014893790028346384 -0.002474375811164213 -0.00934216976171597 0.999956295569017 -0.00036168498867728585 -0.019005072554005662 -0.0014926930242369018 0.0003477547706558512 0.9999988254663883 0.9998163254726151
0.9999603249060948 0.008819969861671493 0.0012476960102150863 -0.002474375811164213 -0.008819288294779841 0.999960957673127 -0.0005507117353958021 -0.019005072554005662 -0.0012525045581683648 0.0005396860950375581 0.9999990699851934 0.9998163254726151
0.9999679903999527 0.00798418433918451 0.0005205534702216045 -0.002474375811164213 -0.007983672035884511 0.9999676508333905 -0.0009789114224794213 -0.019005072554005662 -0.000528352439999544 0.0009747241597328194 0.9999993853780674 0.9998163254726151
0.9999716961892322 0.007523739302272278 1.2935953932149058e-05 -0.002474375811164213 -0.007523731315756098 0.9999715535360436 -0.0005344022818989051 -0.019005072554005662 -1.6956289401600433e-05 0.0005342898296360497 0.9999998571234214 0.9998163254726151
0.9999680532777986 0.007941274621902333 -0.0009102643498485538 -0.002474375811164213 -0.007940709296972376 0.9999682780024918 0.0006229964613514773 -0.019005072554005662 0.000915182860433122 -0.0006157484140711536 0.9999993916469267 0.9998163254726151
0.9999679581348915 0.0078083641172309905 -0.0017641296284943502 -0.002474375811164213 -0.0078078218087133215 0.999969469167975 0.00031408680362015413 -0.019005072554005662 0.0017665282722760182 -0.00030030272990651334 0.999998394596779 0.9998163254726151
0.9999633734517704 0.007938293524963135 -0.0031992578614451496 -0.002474375811164213 -0.007936001355329904 0.9999682440602572 0.0007285283332206903 -0.019005072554005662 0.003204939537755586 -0.000703112335018188 0.999994616983314 0.9998163254726151
0.9999660798159162 0.007100218842965446 -0.004174459242541654 -0.002474375811164213 -0.007093754921370042 0.9999736202716729 0.0015612180749514488 -0.019005072554005662 0.0041854341114346385 -0.0015315525273512291 0.9999900681947578 0.9998163254726151
0.9999735302060366 0.005409502999001431 -0.0048658159209947335 -0.002474375811164213 -0.005397947152641735 0.9999825870336289 0.0023849100750605607 -0.019005072554005662 0.004878632370909098 -0.0023585815297863643 0.9999853179118973 0.9998163254726151
0.9999798278781441 0.003364187742770022 -0.005387585509732375 -0.002474375811164213 -0.003350872650821351 0.9999913141534351 0.0024785621158043445 -0.019005072554005662 0.005395877062280932 -0.0024604590050089194 0.9999824151714942 0.9998163254726151
0.9999827946532459 0.0008280133071225946 -0.0058073050069338585 -0.002474375811164213 -0.0008170100889887365 0.9999978672502932 0.001896836676535334 -0.019005072554005662 0.005808863227415381 -0.001892059414022204 0.9999813384354631 0.9998163254726151
0.9999805603286015 -0.0006530692747251176 -0.006201005193886445 -0.002474375811164213 0.0006668109054474446 0.9999973262841673 0.002214223956932723 -0.019005072554005662 0.006199542572527016 -0.002218315811034734 0.9999783221384626 0.9998163254726151
0.9999786457666706 -0.002407614287564592 -0.0060754756269516055 -0.002474375811164213 0.0024251108470048064 0.9999929290392777 0.00287414488572843 -0.019005072554005662 0.006068512835210637 -0.002888817212411678 0.9999774136884707 0.9998163254726151
0.9999764087756506 -0.0038934733587290236 -0.005658865376860662 -0.002474375811164213 0.003914759866660579 0.9999852856111859 0.0037554249159683036 -0.019005072554005662 0.0056441604632541985 -0.00377748941996489 0.999976936747217 0.9998163254726151
0.9999708718826736 -0.005587814798306559 -0.005199203014033847 -0.002474375811164213 0.00560447467338989 0.9999791898072959 0.0031952802659047145 -0.019005072554005662 0.005181240183262615 -0.003224325995020334 0.9999813790626513 0.9998163254726151
0.9999587296501457 -0.007539637450674425 -0.005068812836826269 -0.002474375811164213 0.007551661900989482 0.9999687072735401 0.002357302741850498 -0.019005072554005662 0.005050881011817607 -0.002395483415924869 0.9999843750080343 0.9998163254726151
0.9999702029695494 -0.006497119202261364 -0.004169006489015349 -0.002474375811164213 0.006505024966838791 0.9999770643767366 0.0018855690555859993 -0.019005072554005662 0.004156660103334842 -0.0019126323625255467 0.9999895319523258 0.9998163254726151
0.9999767433703746 -0.005838524103550471 -0.0035248198066153797 -0.002474375811164213 0.005844746014438616 0.9999813749683966 0.0017574584886364967 -0.019005072554005662 0.00351449319298815 -0.0017780192925918486 0.9999922434624141 0.9998163254726151
0.9999912483280562 -0.00272666495415834 -0.003173100301035885 -0.002474375811164213 0.002736019933532525 0.9999919128406471 0.0029476173808864856 -0.019005072554005662 0.0031650374746573346 -0.0029562732499810707 0.9999906214491495 0.9998163254726151
0.9999974074711311 -5.856092343851667e-05 -0.0022763175594208984 -0.002474375811164213 6.85893222699322e-05 0.9999902924710576 0.0044057075653091285 -0.019005072554005662 0.002276037459698846 -0.0044058522744639455 0.9999877039840132 0.9998163254726151
0.9999922839071292 0.003532513722452004 -0.0017185671356483906 -0.002474375811164213 -0.0035240443214138856 0.999981753554136 0.004906492679539611 -0.019005072554005662 0.0017358680306257049 -0.004900398513831288 0.9999864863369837 0.9998163254726151
0.9999707574256198 0.007539169468812834 -0.0012826602625587334 -0.002474375811164213 -0.0075332979264165585 0.9999613975546296 0.004522479733704272 -0.019005072554005662 0.0013167064898676343 -0.004512684822858252 0.9999889509188137 0.9998163254726151
0.9999381980718078 0.011117530791768778 -2.3366578639958996e-05 -0.002474375811164213 -0.011117352475225672 0.9999304398617395 0.0039395319325104625 -0.019005072554005662 6.716282082178629e-05 -0.003939028687350614 0.9999922397409672 0.9998163254726151
0.999919681197204 0.012658049399810812 0.0006363488600163249 -0.002474375811164213 -0.012660324952155964 0.9999129757897162 0.003709045626035102 -0.019005072554005662 -0.0005893441994993737 -0.0037168041032822957 0.9999929189952661 0.9998163254726151
0.9999047608277805 0.013784914519794963 0.000667387158054412 -0.002474375811164213 -0.01378745892750791 0.9998970627435333 0.003971132479841621 -0.019005072554005662 -0.0006125767372705163 -0.003979955845502556 0.9999918923177372 0.9998163254726151
0.9999198672042469 0.012632661324597488 0.000821607020751582 -0.002474375811164213 -0.01263565622871198 0.999913141453283 0.0037482983729201316 -0.019005072554005662 -0.0007741846732717185 -0.003758379555162171 0.9999926375835031 0.9998163254726151
0.9999385963507038 0.011055087158879515 0.0007671871290785272 -0.002474375811164213 -0.011057395403828607 0.9999341441449826 0.0030726828538618677 -0.019005072554005662 -0.0007331678285537121 -0.0030809772713571194 0.9999949850094192 0.9998163254726151
0.9999462619303188 0.010357145900784712 0.00045031141423179866 -0.002474375811164213 -0.010358414801564547 0.9999421064191993 0.0029132546625199713 -0.019005072554005662 -0.0004201123405062546 -0.002917762622257072 0.9999956550740117 0.9998163254726151
0.9999435639951256 0.010606378015643946 0.0006112038223403929 -0.002474375811164213 -0.01060803567432459 0.9999398801888545 0.002775893914920902 -0.019005072554005662 -0.0005817248966896159 -0.002782220926510726 0.9999959604132711 0.9998163254726151
0.9999500464333413 0.00999517466407781 3.348716324567681e-05 -0.002474375811164213 -0.00999522628895472 0.9999471561285602 0.002404246624848705 -0.019005072554005662 -9.454528704027888e-06 -0.002404461235929762 0.99999710923421 0.9998163254726151
0.9999521750679017 0.009739925538690016 -0.000883983863078 -0.002474375811164213 -0.009737492903195782 0.999948901788976 0.0027157030353890618 -0.019005072554005662 0.0009103894384333302 -0.0027069653704832053 0.9999959217564606 0.9998163254726151
0.9999574675520843 0.009076819506836796 -0.0016353698233962386 -0.002474375811164213 -0.009070783901454459 0.9999521576934549 0.0036610385974524917 -0.019005072554005662 0.0016685221700878995 -0.0036460487982527224 0.9999919611486526 0.9998163254726151
0.9999748726202774 0.006606878914773704 -0.0025696846231564956 -0.002474375811164213 -0.006594868008755978 0.999967419752891 0.004654798458262735 -0.019005072554005662 0.0026003545919823412 -0.004637734764461178 0.9999858646862215 0.9998163254726151
0.9999811680978381 0.004679443516540517 -0.0039706747607132055 -0.002474375811164213 -0.004659655127039476 0.999976751625761 0.004978335272220575 -0.019005072554005662 0.003993878287692587 -0.00495973954569189 0.9999797247543881 0.9998163254726151
0.9999839003826023 0.0029421701883263957 -0.004852072771194216 -0.002474375811164213 -0.0029181318203932894 0.9999834715175558 0.004953907384176563 -0.019005072554005662 0.004866567812415502 -0.004939668640215217 0.9999759578067121 0.9998163254726151
0.9999838000319496 0.0017873712277838656 -0.0054041630019774885 -0.002474375811164213 -0.0017643771445849884 0.9999893838479449 0.004256661214366493 -0.019005072554005662 0.005411713864341759 -0.004247057274905148 0.9999763376488233 0.9998163254726151
0.9999833878939087 0.0006231827213615571 -0.005730233809546369 -0.002474375811164213 -0.0006017243390249607 0.9999928037012369 0.00374572737319455 -0.019005072554005662 0.005732526845649249 -0.0037422171276231607 0.9999765666989069 0.9998163254726151
0.9999821255366235 0.0009482703096284371 -0.005903337248732427 -0.002474375811164213 -0.0009298344707667883 0.9999946851470964 0.0031249136646796555 -0.019005072554005662 0.005906269136211128 -0.0031193686820589935 0.9999776925131459 0.9998163254726151
0.9999829711231403 0.0008543687015357335 -0.00577299903466194 -0.002474375811164213 -0.0008393137068766891 0.9999962423750025 0.00260974871816938 -0.019005072554005662 0.005775207029519582 -0.002604858919860873 0.9999799306454975 0.9998163254726151
0.9999818040345714 0.001764198646872475 -0.005768812953646295 -0.002474375811164213 -0.0017539007838996779 0.9999968604620834 0.001789664217624547 -0.019005072554005662 0.005771952165429832 -0.0017795137273953667 0.9999817587831761 0.9998163254726151
0.9999787964620218 0.003700487720089734 -0.005358452854594754 -0.002474375811164213 -0.003690263122530343 0.9999913539638146 0.0019167565568713745 -0.019005072554005662 0.0053654994593179866 -0.0018969418138884597 0.9999838063825368 0.9998163254726151
0.9999731257016811 0.005011514540310974 -0.005350943507218277 -0.002474375811164213 -0.004994103143016583 0.999982207969995 0.0032623116413478897 -0.019005072554005662 0.005367197425295898 -0.0032355008052247967 0.9999803621703465 0.9998163254726151
0.9999643228327298 0.006370583679728808 -0.0055469563956207345 -0.002474375811164213 -0.006345463884483417 0.9999695864346753 0.004534456279396676 -0.019005072554005662 0.005575674826069431 -0.004499096491364964 0.9999743346611429 0.9998163254726151
0.9999672791153815 0.006126079761549551 -0.005283166222198582 -0.002474375811164213 -0.006109988774929608 0.9999766626807922 0.003056489972171762 -0.019005072554005662 0.005301767228621352 -0.003024109874802981 0.9999813728383738 0.9998163254726151
0.9999664489988103 0.006021091634826293 -0.0055540374710760345 -0.002474375811164213 -0.006018272110483775 0.9999817526271411 0.0005242266205392765 -0.019005072554005662 0.00555709254100256 -0.0004907833233991469 0.9999844388060348 0.9998163254726151
0.9999659723587105 0.005795032094739281 -0.005871262872247793 -0.002474375811164213 -0.005799685207949748 0.9999828807405038 -0.0007758075833338572 -0.019005072554005662 0.005866666530729847 0.000809832660863341 0.9999824630436669 0.9998163254726151
0.9999743673259739 0.0037992164415247918 -0.006068825705533631 -0.002474375811164213 -0.0037987877849042545 0.9999927812046373 8.21582244061345e-05 -0.019005072554005662 0.006069094032799246 -5.9101937512749896e-05 0.9999815811326639 0.9998163254726151
0.9999839870159714 0.00166515831478531 -0.005408600505062904 -0.002474375811164213 -0.0016543748394330165 0.9999966362597392 0.0019976268648841567 -0.019005072554005662 0.005411908676919039 -0.0019886470243254545 0.9999833781255996 0.9998163254726151
0.999988262291312 5.1969916927138814e-05 -0.0048448507433048495 -0.002474375811164213 -4.11002261762488e-05 0.999997482219124 0.0022436279053076468 -0.019005072554005662 0.004844955146187756 -0.0022434024457960483 0.9999857466759705 0.9998163254726151
0.9999916431875093 -0.0012739700136716679 -0.003884656425544479 -0.002474375811164213 0.0012778345575783223 0.9999986910375344 0.0009925029242632 -0.019005072554005662 0.003883386921710632 -0.0009974585783277385 0.9999919621588973 0.9998163254726151
0.9999940517070445 0.0004687563121497269 -0.003417135941647618 -0.002474375811164213 -0.0004729303324200792 0.999999143002725 -0.0012207910180221054 -0.019005072554005662 0.003416560759675518 0.0012223998236358155 0.9999934164039517 0.9998163254726151
0.9999945410379721 0.0025407093750156144 -0.002112508017025012 -0.002474375811164213 -0.0025481566867199133 0.9999905224058586 -0.0035301552304402837 -0.019005072554005662 0.0021035188970417672 0.003535518960885791 0.9999915376211578 0.9998163254726151
0.9999896019132625 0.004531637190887 -0.0005102251660808981 -0.002474375811164213 -0.004533410319501198 0.9999834956774115 -0.003529385732997665 -0.019005072554005662 0.0004942228495111098 0.0035316620941713826 0.9999936415330991 0.9998163254726151
0.9999831030193327 0.005673542588776412 0.001266724245792536 -0.002474375811164213 -0.005671356080639894 0.9999824331983989 -0.001723082937383825 -0.019005072554005662 -0.0012764779779287391 0.0017158697782303806 0.9999977131948237 0.9998163254726151
0.9999816199104787 0.005702976402634958 0.0020581305497053156 -0.002474375811164213 -0.005704073884294029 0.9999835923671482 0.0005277666240693619 -0.019005072554005662 -0.0020550869400522164 -0.0005394966523910789 0.9999977427779683 0.9998163254726151
0.9999828381895468 0.004903234728915501 0.00320649583898678 -0.002474375811164213 -0.004905805927732183 0.9999876508436694 0.0007944988062111751 -0.019005072554005662 -0.0032025606273302057 -0.0008102156174678823 0.9999945435631548 0.9998163254726151
0.9999756793080586 0.005610439283520243 0.004142917260382043 -0.002474375811164213 -0.005610543263561838 0.9999842606874692 1.3476543210085843e-05 -0.019005072554005662 -0.004142776444385576 -3.672023197843612e-05 0.999991417990653 0.9998163254726151
0.9999563951989368 0.007574293505027226 0.005462396785376585 -0.002474375811164213 -0.007571156466234464 0.9999711615167991 -0.0005947474262862719 -0.019005072554005662 -0.005466744049707231 0.0005533648316998475 0.9999849041344866 0.9998163254726151
0.9999358482769803 0.009341115277248202 0.0064064729739419035 -0.002474375811164213 -0.009335292750413065 0.9999559851201486 -0.0009381533191583587 -0.019005072554005662 -0.006414954392106185 0.0008782868342966413 0.9999790382664949 0.9998163254726151
0.9999213972671743 0.009868414276472115 0.007733930884178041 -0.002474375811164213 -0.009852775266003711 0.9999493432074124 -0.002057629367853287 -0.019005072554005662 -0.007753844647075304 0.001981266949636778 0.9999679757244547 0.9998163254726151
0.9999018972139968 0.011115660899775356 0.00852279476478886 -0.002474375811164213 -0.011091655560735473 0.9999343993026174 -0.002858717934505577 -0.019005072554005662 -0.008554012202677258 0.002763905582365482 0.9999595940342633 0.9998163254726151
0.999908273935807 0.009654643818397682 0.00949902981607103 -0.002474375811164213 -0.00962579206840329 0.9999489325399382 -0.0030783825764533123 -0.019005072554005662 -0.009528265412058246 0.0029866645226739865 0.9999501447538607 0.9998163254726151
0.9999024018749768 0.009261590995144271 0.010459907116356618 -0.002474375811164213 -0.009238935399838895 0.9999548731153703 -0.0022121947234264483 -0.019005072554005662 -0.0104799235360655 0.0021153404112324655 0.9999428466355582 0.9998163254726151
0.999907824875767 0.007951968264453891 0.011004905857191357 -0.002474375811164213 -0.007938625976194708 0.9999677003868864 -0.0012555479144570377 -0.019005072554005662 -0.011014534480160664 0.0011680683526681028 0.999938655941708 0.9998163254726151
0.9999147292689693 0.0066466958637234185 0.01124080179750065 -0.002474375811164213 -0.006636610863149182 0.9999775410416784 -0.0009342421972756363 -0.019005072554005662 -0.01124675896455052 0.0008595617064402479 0.9999363837597205 0.9998163254726151
0.9999256771457765 0.004019261768176391 0.01151024410650809 -0.002474375811164213 -0.004012377277096389 0.999991757467447 -0.0006211487307685112 -0.019005072554005662 -0.011512645792292777 0.0005749191233147306 0.9999335620204293 0.9998163254726151
0.999933247241486 0.0021695096441785703 0.011348757156272623 -0.002474375811164213 -0.00216959163898103 0.9999976464203508 -5.0864875857943565e-06 -0.019005072554005662 -0.011348741481253113 -1.9536020590780475e-05 0.9999356007689376 0.9998163254726151
0.999935967464027 0.0013165010300886621 0.011239563906558156 -0.002474375811164213 -0.00131210080665319 0.999999059650991 -0.0003988591235692312 -0.019005072554005662 -0.011240078435892895 0.0003840861427394054 0.9999367545573024 0.9998163254726151
0.9999514493220781 4.116446059709432e-05 0.009853796433560274 -0.002474375811164213 -3.6864363946207696e-05 0.9999999040233503 -0.00043657107398723156 -0.019005072554005662 -0.00985381345903915 0.0004361866242272293 0.9999513548675973 0.9998163254726151
0.9999618542962296 -0.0008437879282172233 0.008693559361370898 -0.002474375811164213 0.0008419363991862852 0.9999996221061838 0.00021663467689255682 -0.019005072554005662 -0.008693738869854244 -0.00020930698914594585 0.999962186832606 0.9998163254726151
0.9999672887724246 -0.00217090396400522 0.007791569873689402 -0.002474375811164213 0.002168400431781079 0.9999975946505707 0.0003297463182741851 -0.019005072554005662 -0.007792266979831184 -0.00031284028838939 0.9999695908907777 0.9998163254726151
0.9999765619941211 -0.002558583719608925 0.006350520589545637 -0.002474375811164213 0.0025571826910769442 0.9999967042450392 0.00022872633945952617 -0.019005072554005662 -0.006351084875274736 -0.00021248153723984182 0.9999798090824155 0.9998163254726151
0.9999829580993539 -0.0028931711379414616 0.005070805815922968 -0.002474375811164213 0.0028954032159049545 0.9999957146113139 -0.00043289631532214735 -0.019005072554005662 -0.005069531642424308 0.00044757096541230446 0.9999870496807236 0.9998163254726151
0.9999874816043018 -0.002898549721400485 0.004078608119063359 -0.002474375811164213 0.002903070579732433 0.999995177831512 -0.001102948288220701 -0.019005072554005662 -0.004075391500874713 0.0011147749683138122 0.9999910741906074 0.9998163254726151
0.9999839746392544 -0.00489861272373017 0.002837967239693089 -0.002474375811164213 0.004909484718772714 0.999980588183939 -0.0038366932497545833 -0.019005072554005662 -0.0028191176752252116 0.003850564722156361 0.9999886127985927 0.9998163254726151
0.999945831613427 -0.010306248937716955 0.0014543286276934631 -0.002474375811164213 0.010312437008866438 0.9999375213211353 -0.0043135944496184575 -0.019005072554005662 -0.0014097807849484962 0.004328358461529604 0.999989638861907 0.9998163254726151
0.9998385681050784 -0.017955436157445378 0.0006633565961870122 -0.002474375811164213 0.017956627841051728 0.9998370802540116 -0.0018364274297590069 -0.019005072554005662 -0.0006302746668264889 0.0018480426193222827 0.9999980937443441 0.9998163254726151
0.9997008376167703 -0.0244389458153755 -0.0009865068433232305 -0.002474375811164213 0.024438437265734934 0.9997011992999195 -0.0005243112671230306 -0.019005072554005662 0.000999025689034986 0.0005000457273115379 0.999999375950777 0.9998163254726151
0.9996089732177155 -0.027890673321766427 -0.0020027491788795126 -0.002474375811164213 0.027882821099767547 0.9996037956257707 -0.0038470843588521543 -0.019005072554005662 0.00210925345398795 0.0037897377487712777 0.9999905944245989 0.9998163254726151
0.9996287168943402 -0.02718664847453527 -0.0018205781735656506 -0.002474375811164213 0.027173395954648624 0.9996066002052156 -0.006946321217498136 -0.019005072554005662 0.0020087091516167023 0.006894270874206536 0.9999742167259402 0.9998163254726151
0.9997156798874155 -0.023795309994424238 -0.0015305585587363465 -0.002474375811164213 0.023780674927302944 0.9996770580297354 -0.008958747066890494 -0.019005072554005662 0.0017432404407576546 0.008919802199372929 0.9999586982678286 0.9998163254726151
0.9997250958320575 -0.023429998800811723 -0.0008763103144579912 -0.002474375811164213 0.02342116513881426 0.9996850996189479 -0.00900836407944028 -0.019005072554005662 0.0010871003235841787 0.008985363434020342 0.9999590398895576 0.9998163254726151
0.9996486098003621 -0.026503250182783895 -0.00048441092264949246 -0.002474375811164213 0.02650032830688047 0.9996348709523625 -0.005278008684553551 -0.019005072554005662 0.0006241184347838348 0.0052633169955421345 0.9999859538865457 0.9998163254726151
0.9994975158026941 -0.03169419124030824 -0.00044061985408410775 -0.002474375811164213 0.0316930085307358 0.9994945921473686 -0.002472544929651455 -0.019005072554005662 0.0005187624732000188 0.0024573379461024485 0.9999968461828845 0.9998163254726151
0.9993785187682195 -0.0352453368811478 -0.0005851946374075579 -0.002474375811164213 0.035244493117005685 0.9993777469765782 -0.0013944722788770561 -0.019005072554005662 0.0006339791435151424 0.0013729807521568372 0.9999988564964963 0.9998163254726151
0.9993316067436918 -0.036533050326383654 -0.0012946029934047599 -0.002474375811164213 0.03653059238544342 0.99933077812951 -0.0018739538493837077 -0.019005072554005662 0.0013621978670563905 0.0018254086970146684 0.9999974061466662 0.9998163254726151
0.9993797466603639 -0.0352150871583076 -0.0001400053127846874 -0.002474375811164213 0.035214916026726224 0.999379179983548 -0.0010790294877862738 -0.019005072554005662 0.00017791651214196132 0.001073429940809272 0.9999994080467637 0.9998163254726151
0.9995154224167345 -0.03111198427373442 0.0009822350203817212 -0.002474375811164213 0.031113889314652213 0.9995138692017205 -0.0019877537863385876 -0.019005072554005662 -0.0009199145611474648 0.0020173517171171926 0.9999975420216044 0.9998163254726151
0.999615902584486 -0.02767361856435406 0.0014893407083005688 -0.002474375811164213 0.027679535352525583 0.9996083960110064 -0.004110711248027065 -0.019005072554005662 -0.001374999221433053 0.004150356593247538 0.9999904419129668 0.9998163254726151
0.999694447819235 -0.02465168546322724 0.00181807678718648 -0.002474375811164213 0.02466028073042241 0.9996840398145087 -0.0048673498368226546 -0.019005072554005662 -0.0016975139700916573 0.004910696891426353 0.9999865016600787 0.9998163254726151
0.9997297512840629 -0.023124014913210308 0.0023883742979514994 -0.002474375811164213 0.02313223595878304 0.9997263786383087 -0.0034738327928709846 -0.019005072554005662 -0.002307391826416435 0.003528142431836832 0.9999911140374901 0.9998163254726151
0.9997698736708543 -0.02138440590077353 0.001704958774465083 -0.002474375811164213 0.021390587754551174 0.9997643708239621 -0.0036939932965173853 -0.019005072554005662 -0.001625563184387331 0.0037296132816826534 0.9999917237303033 0.9998163254726151
0.999800803458265 -0.01990428493291475 0.0014740574969984213 -0.002474375811164213 0.019912947646380644 0.9997830118987974 -0.006115851093176115 -0.019005072554005662 -0.0013520060012961483 0.00614398566655349 0.9999802115641601 0.9998163254726151
0.9998695333511884 -0.016098561197614845 0.0013238592936150226 -0.002474375811164213 0.016109873245518522 0.9998294403385484 -0.00903118022808448 -0.019005072554005662 -0.001178244489034528 0.009051329165679836 0.9999583417224236 0.9998163254726151
0.999943511911711 -0.010582558178940476 0.0009911851739450271 -0.002474375811164213 0.010592275168236052 0.9998900944727889 -0.010373171258189111 -0.019005072554005662 -0.0008813015488769659 0.010383084203679832 0.9999457059610789 0.9998163254726151
0.9999796740317749 -0.006233749555047425 0.0013386148721005254 -0.002474375811164213 0.006245797135179038 0.9999382392434975 -0.009192807881928331 -0.019005072554005662 -0.0012812265361906955 0.00920098174614017 0.9999568492657428 0.9998163254726151
0.9999925571868947 -0.0034615507370271523 0.001703888874141588 -0.002474375811164213 0.003473695235174471 0.9999682121025251 -0.00717692314896674 -0.019005072554005662 -0.0016789914274817994 0.007182788523131891 0.9999727938983236 0.9998163254726151
0.9999962636887846 -0.002054667716351243 0.0018030388324387309 -0.002474375811164213 0.002063650726099212 0.9999853979842067 -0.004994513393901204 -0.019005072554005662 -0.0017927504390088313 0.004998215575240004 0.9999859018440846 0.9998163254726151
0.9999770399360965 -0.006750802176817194 0.0005884476160606598 0.010902773513826014 0.006753144841533487 0.9999688965674239 -0.004074424188934061 -0.02237202731693282 -0.0005609236816369198 0.004078304511876665 0.9999915263625648 2.0306623593554756
0.9999651287386975 -0.008313706364020951 -0.0007896790981076982 0.010902773513826014 0.008310289624938473 0.999956497902041 -0.004235727780310983 -0.02237202731693282 0.000824859342412734 0.004229017613124141 0.9999907174654641 2.0306623593554756
0.9999599280526678 -0.008625046608180812 -0.002398095055443587 0.010902773513826014 0.008604294157340585 0.9999265708798158 -0.00853340322382056 -0.02237202731693282 0.0024715199659645012 0.008512427358461173 0.99996071431308 2.0306623593554756
0.9999713913681987 -0.006282427082113594 -0.0042127847193193105 0.010902773513826014 0.006228092338772908 0.9998988211509021 -0.012788992409476015 -0.02237202731693282 0.004292704386875288 0.012762388921665268 0.9999093429496791 2.0306623593554756
0.9999858623621711 -0.001625466965900294 -0.0050628976794370294 0.010902773513826014 0.001557367066097503 0.9999086571038043 -0.013425798176701238 -0.02237202731693282 0.005084258411126093 0.013417723577523568 0.9998970522060789 2.0306623593554756
0.9999847787062364 0.0013315236652520128 -0.005354381435275755 0.010902773513826014 -0.0013979940022550077 0.9999217713362741 -0.012429674995339056 -0.02237202731693282 0.00533741216276253 0.012436971192736323 0.9999084126953608 2.0306623593554756
0.9999806997237362 0.003527170145626776 -0.005114611498146349 0.010902773513826014 -0.0035731251798123446 0.9999530799750903 -0.009003922743543275 -0.02237202731693282 0.005082613152952128 0.009022024112475269 0.9999463836248678 2.0306623593554756
0.9999767904236311 0.004063950351738936 -0.00546835638704733 0.010902773513826014 -0.004103259715326075 0.9999656855054667 -0.007196601370400553 -0.02237202731693282 0.005438922112490692 0.00721887242680288 0.9999591521692971 2.0306623593554756
0.9999798551743098 0.003266625808830366 -0.005442279060706005 0.010902773513826014 -0.0033006934515458267 0.9999749421008323 -0.006262634682812366 -0.02237202731693282 0.0054216850045391484 0.006280471817984877 0.999965579910356 2.0306623593554756
0.9999840759579582 0.0015946441703910952 -0.005413403777766844 0.010902773513826014 -0.0016257424715147445 0.9999821749256438 -0.005745153817757338 -0.02237202731693282 0.005404145807397685 0.005753863132122688 0.9999688436482151 2.0306623593554756
0.9999847553607896 -0.0008175088105427025 -0.005460835590836558 0.010902773513826014 0.0007893954734640513 0.9999864355917252 -0.0051483480200993515 -0.02237202731693282 0.00546497033769841 0.0051439587764938125 0.9999718364970652 2.0306623593554756
0.9999814032693778 -0.0032725905560345285 -0.0051461895070002055 0.010902773513826014 0.003246663204734697 0.9999820363187022 -0.00503847376989826 -0.02237202731693282 0.005162585924167383 0.005021672126641153 0.9999740649214997 2.0306623593554756
0.99997150984722 -0.0061286282174473706 -0.004406745968055171 0.010902773513826014 0.006110081512110892 0.9999724713392231 -0.004209924896603791 -0.02237202731693282 0.004432425720754124 0.0041828793781316 0.9999814283887164 2.0306623593554756
0.9999495220276516 -0.009375321343465436 -0.0036134120109957307 0.010902773513826014 0.009366090213950868 0.9999528520782739 -0.0025631961731495214 -0.02237202731693282 0.0036372724339178235 0.002529223245328082 0.9999901865913564 2.0306623593554756
0.9999301599160364 -0.011447221939002624 -0.00293877528103921 0.010902773513826014 0.011439913031009427 0.9999314569688615 -0.002491937793151174 -0.02237202731693282 0.002967099613449131 0.0024581444223729775 0.9999925768953896 2.0306623593554756
0.9999555662189865 -0.009028046495285899 -0.0027129253819216533 0.010902773513826014 0.009009130590060711 0.9999355716065857 -0.006905664473017795 -0.02237202731693282 0.002775095252440219 0.006880916529187348 0.9999724755382307 2.0306623593554756
0.9999953622440056 -0.0019549455047226153 -0.0023353112292227186 0.010902773513826014 0.0019271537453838523 0.9999279976913551 -0.011844218479483106 -0.02237202731693282 0.0023582978830953695 0.011839663045105179 0.9999271277498536 2.0306623593554756
0.9999798517030224 0.006235116995290368 -0.001191429410568233 0.010902773513826014 -0.006248874952599788 0.9999094824811279 -0.011915469195163432 -0.02237202731693282 0.0011170272208475623 0.01192267421215232 0.9999282984743544 2.0306623593554756
0.9999061796215061 0.013694923507145131 -0.0002846486268563887 0.010902773513826014 -0.013696801914038778 0.9998723615458432 -0.00822546254372849 -0.02237202731693282 0.00017196521439750384 0.008228589603575833 0.9999661297969548 2.0306623593554756
0.9998932215751943 0.014610132763923261 0.000299112993677618 0.010902773513826014 -0.014608072910119434 0.9998752471949598 -0.006007849254326792 -0.02237202731693282 -0.000386851153724956 0.006002838281226248 0.9999819079757162 2.0306623593554756
0.9999197564486415 0.012668053672430088 3.28607009929264e-05 0.010902773513826014 -0.012667662133256805 0.9999035989885646 -0.0056853377899124995 -0.02237202731693282 -0.00010487969745758795 0.005684465309959235 0.9999838377965857 2.0306623593554756
0.9999534915271743 0.009604157093986005 -0.0008803119399095569 0.010902773513826014 -0.009609067850206562 0.9999372701057838 -0.005755142781461791 -0.02237202731693282 0.0008249834226622474 0.0057633340957193805 0.9999830515476016 2.0306623593554756
0.999970822004976 0.00749027072128762 -0.0015003276967547143 0.010902773513826014 -0.007499531327841626 0.9999522527982327 -0.006264914492202874 -0.02237202731693282 0.0014533301547121058 0.00627598344912197 0.9999792497163166 2.0306623593554756
0.9999683335831097 0.007704517441628993 -0.001993048417249804 0.010902773513826014 -0.007717563761517381 0.999948284830446 -0.006623207246408346 -0.02237202731693282 0.0019419167306624686 0.006638378991405575 0.9999760801558093 2.0306623593554756
0.9999540567271515 0.009286224184040568 -0.0023770728426868353 0.010902773513826014 -0.009301706909966692 0.9999350404430076 -0.006587347174264425 -0.02237202731693282 0.0023157468464486807 0.00660915536486129 0.9999754778902862 2.0306623593554756
0.999943844839845 0.010283190442089439 -0.0025618667456693495 0.010902773513826014 -0.010297377056986008 0.9999313703086624 -0.005587369540281516 -0.02237202731693282 0.0025042349404912623 0.005613436288499161 0.9999811088917617 2.0306623593554756
0.9999502044825159 0.009535099585514446 -0.0029445596023492337 0.010902773513826014 -0.009552742710448824 0.9999361478896047 -0.006036990177177293 -0.02237202731693282 0.002886808283467252 0.006064818182403318 0.9999774419047404 2.0306623593554756
0.9999510261591307 0.00926329407521207 -0.003483771829524212 0.010902773513826014 -0.009288080038231296 0.9999311796480034 -0.007167114966876998 -0.02237202731693282 0.003417140981510561 0.0071991215173158015 0.9999682473943317 2.0306623593554756
0.9999523782970734 0.009021524916091676 -0.003721992234822071 0.010902773513826014 -0.00904898807697712 0.9999314607762745 -0.007428967936511118 -0.02237202731693282 0.0036547165130224033 0.007462294419761622 0.9999654780087172 2.0306623593554756
0.9999468996647504 0.009565444518322077 -0.00383407381271698 0.010902773513826014 -0.009594280019304688 0.9999252865336411 -0.007574374001874313 -0.02237202731693282 0.003761335101495085 0.0076107569778484825 0.9999639637189326 2.0306623593554756
