1.0 0.0 0.0 0.0 0.0 1.0 0.0 0.0 0.0 0.0 1.0 0.0
0.9999972489197368 -0.0017665767838494347 -0.001543165391293524 -0.0038625830621402536 0.0017652156938317825 0.9999980522231299 -0.0008829289326888062 -0.021066385335756214 0.0015447221473059774 0.0008802024839135413 0.9999984195372886 0.9997706176223493
0.9999936103041116 -0.0023561700988869285 -0.0026884593008977536 -0.0038625830621402536 0.0023497415764563326 0.9999943789562836 -0.0023918131953277848 -0.021066385335756214 0.0026940797076834507 0.0023854807277729176 0.9999935256871548 0.9997706176223493
0.9999868111632023 -0.0026829503601799166 -0.004379415145175713 -0.0038625830621402536 0.0026666927020170678 0.9999895477294138 -0.0037139173329585307 -0.021066385335756214 0.004389333626189756 0.0037021897963022076 0.9999835136346149 0.9997706176223493
0.9999688831241542 -0.004608214457795843 -0.006402901134789714 -0.0038625830621402536 0.004573521735782116 0.9999748399207432 -0.005422400245025886 -0.021066385335756214 0.0064277276204947826 0.005392947709358666 0.9999647995967861 0.9997706176223493
0.9999425968313922 -0.007093556227824326 -0.008030224289096229 -0.0038625830621402536 0.007033279746526487 0.9999470671438404 -0.0075097194648437605 -0.021066385335756214 0.008083069843668075 0.007452809569298595 0.999939557979094 0.9997706176223493
0.9999231026468157 -0.008289794767518966 -0.00922323673535449 -0.0038625830621402536 0.00821439899093091 0.9999327819509181 -0.00818261749793444 -0.021066385335756214 0.009290448987093924 0.008106224929774766 0.9999239854483968 0.9997706176223493
0.9999169901493496 -0.008060400619194724 -0.01005200241353984 -0.0038625830621402536 0.007984964256900293 0.9999398258730353 -0.007522298772463851 -0.021066385335756214 0.010112030284753692 0.007441409467583861 0.9999211830282704 0.9997706176223493
0.9999027830741426 -0.008497509331401299 -0.01105516782982084 -0.0038625830621402536 0.008409520621389405 0.9999327867855029 -0.007981345394034835 -0.021066385335756214 0.01112224633341715 0.007887600810333526 0.9999070363738596 0.9997706176223493
0.9998971039067517 -0.007740119083726688 -0.01207775457023483 -0.0038625830621402536 0.007611780409570889 0.9999144637550492 -0.010636069408012707 -0.021066385335756214 0.012159045928262252 0.0105430417823937 0.9998704925499543 0.9997706176223493
0.9998997144772136 -0.006029089255429291 -0.012814486768315914 -0.0038625830621402536 0.005845502701851636 0.9998804342993 -0.014315977214599438 -0.021066385335756214 0.012899266899631867 0.014239634412313143 0.9998154038247536 0.9997706176223493
0.9998851522486721 -0.004406474388815155 -0.014500527442442283 -0.0038625830621402536 0.004146535387182238 0.9998310464380462 -0.017907674971569757 -0.021066385335756214 0.014576987237806125 0.017845491365194758 0.99973448969264 0.9997706176223493
0.9998796646815667 -0.002700102375144929 -0.015276308567188172 -0.0038625830621402536 0.002424950857141296 0.9998350175613995 -0.018001590800244993 -0.021066385335756214 0.01532239438262409 0.0179623802755297 0.9997212497117485 0.9997706176223493
0.9998666829362792 -0.00020603921124424547 -0.016327091040474598 -0.0038625830621402536 2.3038525213236714e-05 0.999937190340609 -0.01120780277119769 -0.021066385335756214 0.016328374788290276 0.01120593242774281 0.9998038863973262 0.9997706176223493
0.9998561266866947 0.0006934571697520096 -0.016948305054841538 -0.0038625830621402536 -0.0007136525279612699 0.9999990425653426 -0.0011855667296936157 -0.021066385335756214 0.01694746668819795 0.0011974913590270522 0.9998556642772479 0.9997706176223493
0.9998521317491216 0.0020258272232257304 -0.01707661151389269 -0.0038625830621402536 -0.0019307010035943108 0.9999825388001314 0.005585202635652368 -0.021066385335756214 0.01708762799131249 -0.0055514069305200265 0.9998385843978624 0.9997706176223493
0.9998249410515258 0.004139600883925341 -0.01824694373950442 -0.0038625830621402536 -0.004055108519795285 0.999980896452443 0.0046650643151021284 -0.021066385335756214 0.018265906662509275 -0.00459025431683034 0.9998226273790279 0.9997706176223493
0.9998002589449019 0.006483147910923014 -0.018905316894192323 -0.0038625830621402536 -0.006533653384976107 0.9999752468398498 -0.0026109540458584216 -0.021066385335756214 0.01888792172658761 0.0027339533188622065 0.9998178693702668 0.9997706176223493
0.9997767857903647 0.006415844896971089 -0.02012996594489767 -0.0038625830621402536 -0.006592683991572883 0.9999401526962005 -0.008730838659010656 -0.021066385335756214 0.02007274551405358 0.008861600315995697 0.9997592494832778 0.9997706176223493
0.999764110347853 0.00440486542142494 -0.021267835361939522 -0.0038625830621402536 -0.004557194544245916 0.9999642733358032 -0.007119271724575768 -0.021066385335756214 0.02123571609928201 0.0072145140253244006 0.9997484659398724 0.9997706176223493
0.9997607398738917 0.0037500172792893694 -0.02154995074728508 -0.0038625830621402536 -0.003701800946903397 0.9999905562032972 0.002276878120039438 -0.021066385335756214 0.021558285566224203 -0.0021965597258113397 0.9997651801542277 0.9997706176223493
0.9997644012709714 0.0031851607866796032 -0.021470833753136572 -0.0038625830621402536 -0.002977488448174573 0.999948546769929 0.009697338565424783 -0.021066385335756214 0.021500616591921314 -0.009631124725311243 0.9997224439426634 0.9997706176223493
0.9997548451977627 0.001889214893294023 -0.022060833408549668 -0.0038625830621402536 -0.0016239509391186915 0.999926246816624 0.012035934137884308 -0.021066385335756214 0.02208194481788585 -0.011997157759699558 0.9996841780876335 0.9997706176223493
0.9997648918824226 0.0004850020763289401 -0.021677770464443722 -0.0038625830621402536 -0.0002484319128452431 0.9999404053968277 0.010914391252686244 -0.021066385335756214 0.021681772088734643 -0.010906439740721747 0.9997054317804184 0.9997706176223493
0.9997723079564708 -0.0001337296409268698 -0.021338096442055005 -0.0038625830621402536 0.0003157506260133495 0.9999635930204662 0.008527187997560137 -0.021066385335756214 0.021336179248625516 -0.008531983942009049 0.9997359514917338 0.9997706176223493
0.9997787493537788 0.0023420570100503996 -0.02090375826379287 -0.0038625830621402536 -0.002235094960655047 0.9999842985277113 0.005138778897975983 -0.021066385335756214 0.020915465357152857 -0.005090920055069979 0.9997682860752711 0.9997706176223493
0.9997955811102965 -0.0011331666621908017 -0.02018692462054594 -0.0038625830621402536 0.0011178671339222375 0.9999990793816743 -0.0007691611529246853 -0.021066385335756214 0.02018777762386952 0.0007464376222874021 0.999795927409931 0.9997706176223493
0.9998034737870574 -0.004318496697884014 -0.019348498380969657 -0.0038625830621402536 0.004180961832916246 0.9999657471230105 -0.007143118287940025 -0.021066385335756214 0.019378683171973717 0.007060819144699086 0.9997872831115253 0.9997706176223493
0.9998332398192189 -0.003140515858986895 -0.017989711302262117 -0.0038625830621402536 0.0029169953986232693 0.9999183940609347 -0.012437699001414481 -0.021066385335756214 0.018027304025940997 0.012383148983389106 0.9997608083590847 0.9997706176223493
0.9998422049292485 -0.001388341873022662 -0.017709820695232022 -0.0038625830621402536 0.0011560616976868468 0.9999132686996 -0.01311939784582958 -0.021066385335756214 0.017726498908831455 0.013096854024139482 0.9997570923234823 0.9997706176223493
0.9998375433359091 -0.0012899020128678239 -0.01797840618092405 -0.0038625830621402536 0.001060147270930479 0.9999177300649307 -0.012783160390338028 -0.021066385335756214 0.01799341612293318 0.012762023922495952 0.9997566542522369 0.9997706176223493
0.9998367598894399 0.00034731234080745546 -0.018064687872179932 -0.0038625830621402536 -0.0006002894780497756 0.9999018091010812 -0.014000421741245063 -0.021066385335756214 0.018058051564991802 0.014008980352905933 0.9997387935071572 0.9997706176223493
0.9998330647449698 0.0031351700332522712 -0.01800037087224514 -0.0038625830621402536 -0.0034257233709710927 0.9998639790074677 -0.0161334405117018 -0.021066385335756214 0.017947341364707575 0.016192411562878543 0.9997078066843907 0.9997706176223493
0.9998085580125117 0.006831077484911333 -0.018335313068829233 -0.0038625830621402536 -0.007139320092021193 0.9998333989083631 -0.01679894448998277 -0.021066385335756214 0.018217503494181185 0.016926630135647866 0.9996907580640569 0.9997706176223493
0.9998000852498762 0.008606150352194912 -0.0180478173320267 -0.0038625830621402536 -0.008911921893345057 0.9998169448263785 -0.01693087375822428 -0.021066385335756214 0.0178988039405347 0.01708832976523608 0.9996937640114252 0.9997706176223493
0.9997877216857548 0.009188590444878252 -0.018441295291780634 -0.0038625830621402536 -0.009501169867860803 0.9998114566737148 -0.016934546794357155 -0.021066385335756214 0.01828221369376285 0.017106165836461892 0.9996865207417921 0.9997706176223493
0.9997816187968507 0.0096713176558499 -0.018525127010175276 -0.0038625830621402536 -0.009985363449326622 0.9998067200237928 -0.01693561667178396 -0.021066385335756214 0.0183577567455375 0.017116898377580795 0.999684952651185 0.9997706176223493
0.9997659932725022 0.010691181406600568 -0.018805779323734898 -0.0038625830621402536 -0.01099032607759797 0.9998135605999066 -0.015876295954928663 -0.021066385335756214 0.018632536825400958 0.016079262441778767 0.9996970970702962 0.9997706176223493
0.9997526704036802 0.011267677782847133 -0.019173874362931522 -0.0038625830621402536 -0.011535664427473719 0.9998365129689276 -0.013923928337836795 -0.021066385335756214 0.01901384934515598 0.014141667918687246 0.9997192039575691 0.9997706176223493
0.9997535466182556 0.01172238834278346 -0.018852894625327365 -0.0038625830621402536 -0.011963208840320188 0.9998476315686835 -0.012712013245037018 -0.021066385335756214 0.018701006883470993 0.012934421442031477 0.9997414531185064 0.9997706176223493
0.9997521296040468 0.01160780588922951 -0.01899837347260165 -0.0038625830621402536 -0.011868423745351393 0.9998362163231902 -0.013663127253031091 -0.021066385335756214 0.018836662920148267 0.013885221315114337 0.999726152883409 0.9997706176223493
0.999721496790519 0.01300859724262574 -0.019690232418548125 -0.0038625830621402536 -0.013297778750199094 0.9998045826285423 -0.014627564229280254 -0.021066385335756214 0.019496100513386547 0.014885326759937501 0.9996991192914096 0.9997706176223493
0.9997170031649787 0.012141270706511047 -0.02045734900856707 -0.0038625830621402536 -0.01242078655943465 0.9998304745848752 -0.013592135690645728 -0.021066385335756214 0.020288855169084675 0.013842385524871515 0.9996983298570158 0.9997706176223493
0.9997142749716459 0.011385007556547934 -0.02101785005291104 -0.0038625830621402536 -0.011616064566965418 0.9998730745658054 -0.01090421030172555 -0.021066385335756214 0.020891037836484296 0.011145239399201458 0.999719634786097 0.9997706176223493
0.9997027486171124 0.011700912077404752 -0.02138932125945733 -0.0038625830621402536 -0.01185850972646612 0.9999033575603288 -0.007256120633889675 -0.021066385335756214 0.021302350913708083 0.00750760921619479 0.9997448902842185 0.9997706176223493
0.999685516943268 0.01203580091185503 -0.022000152505692247 -0.0038625830621402536 -0.012146588385329095 0.9999141769753986 -0.004909080791090103 -0.021066385335756214 0.02193917966700109 0.005174763765258407 0.999745914828118 0.9997706176223493
0.9996690310905476 0.012361670085005912 -0.02256141376749327 -0.0038625830621402536 -0.012466154614335263 0.9999121850279458 -0.004496356500068743 -0.021066385335756214 0.022503850061935726 0.0047761224182052125 0.9997353476730899 0.9997706176223493
0.9996543472414314 0.011592274919120491 -0.023596720185224112 -0.0038625830621402536 -0.011738835530526737 0.9999126004419161 -0.0060820406014725 -0.021066385335756214 0.023524153155586557 0.0063569363446753565 0.9997030577019457 0.9997706176223493
0.9996340185355459 0.012130741523336472 -0.024180035081898234 -0.0038625830621402536 -0.012297269598218663 0.9999016008363407 -0.006750244836847628 -0.021066385335756214 0.02409577031133426 0.007045122782653568 0.9996848303830952 0.9997706176223493
0.9996239606034982 0.011897154648973248 -0.02470617531360286 -0.0038625830621402536 -0.012033363582416952 0.9999131671175496 -0.005371814018599899 -0.021066385335756214 0.02464012070306161 0.005667092395178016 0.9996803231611195 0.9997706176223493
0.9996106638742495 0.011848693291952764 -0.02526121802579718 -0.0038625830621402536 -0.01193588735112902 0.9999233071111607 -0.003303708375017995 -0.021066385335756214 0.025220136042749856 0.0036039371747071556 0.9996754255131127 0.9997706176223493
0.999593350494576 0.011820072966622156 -0.025950327976427556 -0.0038625830621402536 -0.011843352096687389 0.9999295885951412 -0.000743547625089703 -0.021066385335756214 0.025939711990195874 0.0010505841330653558 0.9996629570084317 0.9997706176223493
0.9995665205544262 0.012705160006140845 -0.026558424198883348 -0.0038625830621402536 -0.01273089794789261 0.9999186386182085 -0.0008002383116641563 -0.021066385335756214 0.026546096212999904 0.0011380040129376034 0.9996469425365704 0.9997706176223493
0.9995365192781368 0.0138243028031117 -0.027122597245587035 -0.0038625830621402536 -0.013947011710300827 0.9998933157413361 -0.004340276506843383 -0.021066385335756214 0.02705970239472734 0.0047165440537531725 0.9996226921786512 0.9997706176223493
0.9995139830285664 0.014849840202815712 -0.027409486976465315 -0.0038625830621402536 -0.015086198362934039 0.9998506035329435 -0.008436660107480022 -0.021066385335756214 0.027280109041505952 0.008846064705039043 0.9995886868056854 0.9997706176223493
0.9995125286899849 0.015338270648469076 -0.027192691026414997 -0.0038625830621402536 -0.015579088756714692 0.9998410805832153 -0.008666347079671063 -0.021066385335756214 0.027055442802774998 0.009085759831141793 0.9995926430216627 0.9997706176223493
0.9995119781300994 0.015921946488901936 -0.02687558733221575 -0.0038625830621402536 -0.016086328032988654 0.9998531325458115 -0.005911293322882153 -0.021066385335756214 0.026777520887157607 0.006340737996366715 0.9996213080045843 0.9997706176223493
0.9995072620600767 0.01636748084039066 -0.026783178678051016 -0.0038625830621402536 -0.016472097808248033 0.9998575164229919 -0.003690101116107217 -0.021066385335756214 0.026718964855632646 0.004129458002086021 0.9996344554354103 0.9997706176223493
0.9995300253425097 0.014928390745717538 -0.026774457763637037 -0.0038625830621402536 -0.015002409470407638 0.9998841655493906 -0.0025657735063654 -0.021066385335756214 0.02673305348956391 0.0029662490365589965 0.9996382071618581 0.9997706176223493
0.9995399071977481 0.01491916433548734 -0.026408189158654817 -0.0038625830621402536 -0.015013216361823015 0.999881627055355 -0.003366780600814119 -0.021066385335756214 0.0263548335904766 0.003761703426855993 0.9996455733577495 0.9997706176223493
0.999559711237564 0.014130971839344758 -0.026090214747014586 -0.0038625830621402536 -0.014270154566749278 0.9998848814972778 -0.005156204206617839 -0.021066385335756214 0.02601434910411592 0.00552624538496866 0.9996462945725508 0.9997706176223493
0.9995700099687693 0.01393083939240501 -0.025801683759957228 -0.0038625830621402536 -0.014128003956529056 0.9998722532886221 -0.007475065735032567 -0.021066385335756214 0.02569425373950678 0.007836377821529746 0.9996391331412576 0.9997706176223493
0.9995996540482499 0.012819402256537016 -0.025222897383033054 -0.0038625830621402536 -0.013076311847130834 0.9998640233979817 -0.010047128091280732 -0.021066385335756214 0.025090669482629106 0.010372928236091709 0.9996313623855142 0.9997706176223493
0.9996230477373926 0.011497105716827728 -0.024931485963211913 -0.0038625830621402536 -0.011832883681035645 0.9998406994437997 -0.01336258206823648 -0.021066385335756214 0.024773883344943112 0.013652556386089964 0.999599851144513 0.9997706176223493
0.9996485367612904 0.009639857422794681 -0.024695669658277748 -0.0038625830621402536 -0.010012436463861638 0.9998372444889323 -0.015007852905795191 -0.021066385335756214 0.02454697673970757 0.015249842020593207 0.999582356912768 0.9997706176223493
0.9996705693364069 0.00804195722490046 -0.024373750770210697 -0.0038625830621402536 -0.008353907068625861 0.9998841504353654 -0.012723912324510946 -0.021066385335756214 0.024268601923148704 0.0129233367264789 0.9996219396994781 0.9997706176223493
0.9996887587295271 0.006857858762049067 -0.02398656797059915 -0.0038625830621402536 -0.007030121234333766 0.9999500491892185 -0.007104683097444019 -0.021066385335756214 0.023936646908850133 0.007271100307679713 0.9996870350440051 0.9997706176223493
0.9997030739159006 0.0053258359608632806 -0.023778130170573487 -0.0038625830621402536 -0.005356322472515349 0.9999849122772265 -0.0012186170369363246 -0.021066385335756214 0.023771281258299942 0.0013456185307389222 0.9997165175679081 0.9997706176223493
0.9997120958734727 0.0036258772547287065 -0.0237187347553198 -0.0038625830621402536 -0.00364066095840989 0.9999932044897117 -0.0005801398007579009 -0.021066385335756214 0.02371647005870599 0.0006663246477222272 0.9997185029094018 0.9997706176223493
0.9997163506812367 0.0006580850088732295 -0.02380724899484678 -0.0038625830621402536 -0.000743036691192104 0.9999933884025884 -0.0035596414974348894 -0.021066385335756214 0.02380474904419494 0.0035763214670689854 0.9997102299405084 0.9997706176223493
0.9997149449210911 -0.0007934587415794935 -0.023862089695504164 -0.0038625830621402536 0.0006317669545854066 0.9999767964999232 -0.006782870503778396 -0.021066385335756214 0.023866917939398723 0.0067658617323551095 0.9996922493163032 0.9997706176223493
0.9997141499472929 0.0012711901860450049 -0.023874724514933606 -0.0038625830621402536 -0.0015277320350178042 0.999941263036357 -0.01073016831596595 -0.021066385335756214 0.023859682101450324 0.010763575278256329 0.9996573718115843 0.9997706176223493
0.9997074560357212 0.001350600489370974 -0.02414908331378769 -0.0038625830621402536 -0.001718518730613254 0.9998826765654456 -0.015221031426847595 -0.021066385335756214 0.024125692527898555 0.01525807925797579 0.9995924879556687 0.9997706176223493
0.9997175731490745 0.003865848583607373 -0.023448436017058684 -0.0038625830621402536 -0.004239446849406343 0.9998645352926419 -0.015904029503345372 -0.021066385335756214 0.0233837770116069 0.015998946176572024 0.999598535760186 0.9997706176223493
0.9997153502048195 0.007750279960993343 -0.022564390649299666 -0.0038625830621402536 -0.008025516513280219 0.9998941859451048 -0.012132930308628116 -0.021066385335756214 0.022467969412990202 0.012310567562269207 0.9996717662696837 0.9997706176223493
0.9997056066743696 0.009058139163996759 -0.022508889326431695 -0.0038625830621402536 -0.00928433301663148 0.9999072457965124 -0.009964986907736428 -0.021066385335756214 0.022416537294153643 0.010171033306442203 0.9996969785576111 0.9997706176223493
0.9997088492517873 0.008858068629591737 -0.022444405713086594 -0.0038625830621402536 -0.009064259477047512 0.99991749557757 -0.009101716212647337 -0.021066385335756214 0.02236193032349819 0.009302508158353826 0.9997066606831067 0.9997706176223493
0.999720912510449 0.007832058226092916 -0.022288022640226432 -0.0038625830621402536 -0.008017817540526027 0.9999337630409286 -0.008257368388150742 -0.021066385335756214 0.02222187415937319 0.00843376515880571 0.9997174900511087 0.9997706176223493
0.9997233053345002 0.0067859155514244235 -0.022522524751527898 -0.0038625830621402536 -0.006941704493572468 0.999952470915744 -0.00684606808505943 -0.021066385335756214 0.022474997436667244 0.007000518525815186 0.9997228952217655 0.9997706176223493
0.9997267748460175 0.005115608476099983 -0.02280802941710938 -0.0038625830621402536 -0.005224429100933393 0.999975240889827 -0.004714122177515168 -0.021066385335756214 0.02278334910722797 0.0048319930933792546 0.999728748634449 0.9997706176223493
0.9997170676194214 0.003921720600268273 -0.023460707959293215 -0.0038625830621402536 -0.003994439237426294 0.9999873601151533 -0.0030535332170819867 -0.021066385335756214 0.023448436314525565 0.003146381646070298 0.9997200963854525 0.9997706176223493
0.9997061343904957 0.0031486192562826558 -0.02403603666962378 -0.0038625830621402536 -0.003251757689851381 0.9999856684484586 -0.004253112932687276 -0.021066385335756214 0.024022300762646807 0.004330022456137218 0.9997020455973847 0.9997706176223493
0.9996950174683229 0.0037665268203517332 -0.024406665579583 -0.0038625830621402536 -0.003963264852335379 0.999960005475688 -0.008017479702152754 -0.021066385335756214 0.02437549139427368 0.008111764590749873 0.9996699628850062 0.9997706176223493
0.9996848620872119 0.0044101034174492 -0.024712901519502565 -0.0038625830621402536 -0.004656259193975851 0.9999400345220367 -0.009911942816053364 -0.021066385335756214 0.024667706905664822 0.010023888861992738 0.9996454500912292 0.9997706176223493
0.9996548510504748 0.0064432764223668875 -0.025468862561783857 -0.0038625830621402536 -0.00665108151027301 0.9999452133536018 -0.008082908261634863 -0.021066385335756214 0.025415386795990553 0.008249513935211695 0.9996429380703096 0.9997706176223493
0.9996471467550971 0.006851439064552288 -0.025663978006756332 -0.0038625830621402536 -0.006952989257197101 0.9999683399041324 -0.0038697712807218856 -0.021066385335756214 0.025636651980629057 0.004046847182746446 0.9996631358128104 0.9997706176223493
0.9996199238550099 0.008199947850084037 -0.026320499375076103 -0.0038625830621402536 -0.008201024926611154 0.9999663687832921 6.702620514723535e-05 -0.021066385335756214 0.026320163796044915 0.00014885434137024885 0.9996535533974419 0.9997706176223493
0.9996040692329706 0.00892263592312828 -0.026685039648883885 -0.0038625830621402536 -0.008902957152566691 0.9999600013666488 0.0008561663117438231 -0.021066385335756214 0.026691611544056946 -0.0006182515645500596 0.9996435242816221 0.9997706176223493
0.9995920389563028 0.008557770662843111 -0.02724922414410337 -0.0038625830621402536 -0.008597460408954195 0.9999621436982224 -0.001339718244566467 -0.021066385335756214 0.0272367275877617 0.0015734458174674882 0.9996277731928859 0.9997706176223493
0.9995712713514604 0.008617335059705961 -0.02798240563794126 -0.0038625830621402536 -0.008680811424619685 0.9999600145413855 -0.0021477503125817508 -0.021066385335756214 0.02796277886455113 0.0023897394970437296 0.9996061084963951 0.9997706176223493
0.9995664447700343 0.007864587358479709 -0.02837376879209199 -0.0038625830621402536 -0.007932493570546094 0.9999659345558339 -0.0022815068779176457 -0.021066385335756214 0.028354859116905603 0.002505592457194635 0.9995947798837773 0.9997706176223493
0.9995509144854441 0.007034846520450051 -0.029128684929781153 -0.0038625830621402536 -0.007096300016811736 0.9999728070976895 -0.002006885956229306 -0.021066385335756214 0.029113774701611844 0.002212690580174578 0.999573655176555 0.9997706176223493
0.9995374771411126 0.006013928089296989 -0.029810475663914142 -0.0038625830621402536 -0.006035360209064746 0.9999815892117871 -0.0006290187742969383 -0.021066385335756214 0.029806143955885267 0.0008086447973710985 0.9995553710906021 0.9997706176223493
0.9995178675600542 0.006157655175889447 -0.030432149298553524 -0.0038625830621402536 -0.006094909888031594 0.9999791056538215 0.0021541423451174146 -0.021066385335756214 0.0304447779044526 -0.0019676225555380674 0.9995345136411379 0.9997706176223493
0.9994997034494469 0.00496808706641137 -0.031235571314781677 -0.0038625830621402536 -0.0048652934740438854 0.9999824991342665 0.003366057724008573 -0.021066385335756214 0.03125174753308588 -0.003212403475663744 0.9995063825409203 0.9997706176223493
0.9994332572898156 0.0038986573938222923 -0.03343597902840856 -0.0038625830621402536 -0.00377971667660504 0.9999863055287876 0.003619737108270283 -0.021066385335756214 0.03344963325519712 -0.0034913071211182126 0.9994343064002142 0.9997706176223493
0.9993284394969768 0.0029253154851508587 -0.03652550536055034 -0.0038625830621402536 -0.002826500546089121 0.9999922056860209 0.0027567121486826293 -0.021066385335756214 0.03653328492203001 -0.0026516214888367287 0.999328918823169 0.9997706176223493
0.9992119166614264 0.0027828517762674768 -0.03959547117770318 -0.0038625830621402536 -0.00270911508655457 0.9999944952179687 0.0019157842280324692 -0.021066385335756214 0.03960058455680693 -0.0018070057420744284 0.9992139552833544 0.9997706176223493
0.9990876830387673 0.0024900200202130234 -0.04263333672750527 -0.0038625830621402536 -0.00239637113589907 0.9999946028875534 0.0022475767271586413 -0.021066385335756214 0.04263870314164065 -0.002143360927227058 0.9990882578623037 0.9997706176223493
0.9989444666561493 0.003339615378392514 -0.045812656615590946 -0.0038625830621402536 -0.003193883402840883 0.9999896056594368 0.0032538718313825515 -0.021066385335756214 0.04582304710364336 -0.0031041169775624803 0.9989447496292901 0.9997706176223493
0.99879645454871 0.004142759454394849 -0.04887207715067855 -0.0038625830621402536 -0.003928072780020846 0.999982213642006 0.0044880556892139675 -0.021066385335756214 0.048889800829556795 -0.00429068103424457 0.9987949626580557 0.9997706176223493
0.9986347206441605 0.004971321034252964 -0.05199981433742148 -0.0038625830621402536 -0.0046675560187215285 0.9999713370208928 0.005961464372265554 -0.021066385335756214 0.05202796022105835 -0.005710613261643647 0.9986293007174435 0.9997706176223493
0.9984926131337423 0.006349070622598448 -0.054517802776458346 -0.0038625830621402536 -0.005988055292896349 0.9999590677689172 0.006782770859217071 -0.021066385335756214 0.05455863553235908 -0.006446090982033542 0.9984897611893159 0.9997706176223493
0.9983370528653932 0.008398712198527865 -0.05703148700007686 -0.0038625830621402536 -0.007985419308167046 0.9999402084282006 0.007470786239809125 -0.021066385335756214 0.05709082198135204 -0.0070029423797736195 0.9983444279623728 0.9997706176223493
0.9981658536411075 0.010356848606249771 -0.05964615923811735 -0.0038625830621402536 -0.009992241482444425 0.9999295446926361 0.006407867112804396 -0.021066385335756214 0.059708322159211555 -0.0058001153200626845 0.9981990156913619 0.9997706176223493
0.9979936873108298 0.01173619390168502 -0.06221625061371112 -0.0038625830621402536 -0.01158881630019416 0.9999291230668913 0.0027291352915462144 -0.021066385335756214 0.062243870577643724 -0.0020026470935302822 0.9980589611742036 0.9997706176223493
0.9977983835868793 0.014266231751021622 -0.06476774153102141 -0.0038625830621402536 -0.014356730612292102 0.999896502420033 -0.0009320591786714093 -0.021066385335756214 0.06474774125426451 0.0018598601594139712 0.9978999303149872 0.9997706176223493
0.9976159752109691 0.016036640474618218 -0.06712072828975657 -0.0038625830621402536 -0.016306044784235144 0.9998610341026373 -0.003467763933788987 -0.021066385335756214 0.06705578951406121 0.004553970300052443 0.9977388347895205 0.9997706176223493
0.9975592536955342 0.01809217458597161 -0.06744040765855482 -0.07247216549760661 -0.01844374743310167 0.9998193451126849 -0.004594052575576265 -0.0327135730596621 0.06734510781805439 0.005826693504370585 0.997712727239549 1.6820734791775036
0.997659713963847 0.02040177787337767 -0.06525996163937582 -0.15598627985256108 -0.020734318725522945 0.9997752401839459 -0.0044223457714846134 -0.04353682626534902 0.06515507010629304 0.005765117062075702 0.997858497115048 2.338103892048894
0.9977618176939581 0.024236060727136834 -0.06232149318230201 -0.20133638967066608 -0.02448019243934398 0.9996953315897639 -0.0031566082692519207 -0.05405896190450979 0.06222600204234532 0.004675185350687513 0.9980511346177413 2.962824815520108
0.9980637216431166 0.026827257972194766 -0.05611689379836581 -0.25568221169928224 -0.026986835949742428 0.9996336090511818 -0.0020876639412602464 -0.06185366658965444 0.05604032677729092 0.003598039049700835 0.9984220229390421 3.5814298612761677
0.9984468785913935 0.027616649910217613 -0.048385444906830326 -0.25568221169928224 -0.027658994953579187 0.9996173956471078 -0.00020571303300192552 -0.06185366658965444 0.04836125132017802 0.0015436863121919182 0.9988287172500168 3.5814298612761677
0.9988646296550449 0.027616055497253003 -0.03881758754552242 -0.25568221169928224 -0.027557256208291882 0.9996181264948877 0.002049100564186484 -0.06185366658965444 0.038859352212206454 -0.0009770678707914555 0.9992442124345888 3.5814298612761677
0.9992708769819739 0.027228472708250753 -0.026764242743714313 -0.25568221169928224 -0.027149155657617666 0.9996258720609074 0.0033225372156883213 -0.06185366658965444 0.026844697106634736 -0.002593488085017878 0.9996362518720517 3.5814298612761677
0.9995597239511271 0.026304315756768858 -0.013727389675599406 -0.25568221169928224 -0.026257258234941443 0.9996487470197989 0.003597078221277948 -0.06185366658965444 0.013817186570399712 -0.003235050898286434 0.9998993048307226 3.5814298612761677
0.999661501530539 0.02598009248839709 0.0013846125788654817 -0.25568221169928224 -0.025983845447906113 0.9996585385503383 0.0027651544516472944 -0.06185366658965444 -0.0013123008186486879 -0.0028001960103511744 0.9999952183729997 3.5814298612761677
0.9995001190303443 0.024856161063092668 0.01953671711225878 -0.25568221169928224 -0.02485753588104203 0.9996909888322133 -0.0001725038969054975 -0.06185366658965444 -0.01953496783313487 -0.0003132169811246231 0.999809125246854 3.5814298612761677
0.998865354812633 0.024278316941423822 0.040970309756150104 -0.25568221169928224 -0.024100530350170554 0.9996978826626313 -0.00482781904106653 -0.06185366658965444 -0.04107514323607042 0.0038349349856929816 0.9991487005855486 3.5814298612761677
0.9975918574369637 0.02231921404569029 0.0656683992483608 -0.25568221169928224 -0.021736813080411685 0.9997179226640273 -0.009570060680595984 -0.06185366658965444 -0.06586347191400396 0.008119592890389604 0.997795607967246 3.5814298612761677
0.9954836983467562 0.020130068068421884 0.09277384699049473 -0.25568221169928224 -0.019077964138909918 0.9997433970129131 -0.012213574963790127 -0.06185366658965444 -0.09299590103961362 0.01038847864907667 0.9956122949728908 3.5814298612761677
0.9922910435976323 0.017589589753149035 0.12267473712312682 -0.25568221169928224 -0.016040373531735645 0.9997787818554963 -0.013604917070785873 -0.06185366658965444 -0.12288690415530412 0.011532288751867818 0.9923536744040742 3.5814298612761677
0.9877325572152734 0.01548219205009912 0.15538564009035796 -0.25568221169928224 -0.013222966928888658 0.9997914571828661 -0.015562624770899114 -0.06185366658965444 -0.15559417907673848 0.013317051981804232 0.987731293198686 3.5814298612761677
0.9815393503312624 0.012857807180288743 0.19082761997622108 -0.25568221169928224 -0.009796949156505655 0.9998079208036619 -0.01697472490155682 -0.06185366658965444 -0.19100922370006038 0.014791831961362781 0.9814767843248896 3.5814298612761677
0.9735509079534898 0.009684425557748944 0.22826484951595952 -0.25568221169928224 -0.005856690533990819 0.9998307537943474 -0.0174402678596516 -0.06185366658965444 -0.2283951155320902 0.01564211202631386 0.9734428568398035 3.5814298612761677
0.9633729799102014 0.007481346300206289 0.2680606853614803 -0.25568221169928224 -0.00267946593325149 0.999829412233881 -0.018274761130169844 -0.06185366658965444 -0.2681516773045497 0.01688715161264975 0.9632286862781688 3.5814298612761677
0.9509224275713597 0.00804820794326953 0.3093246887829773 -0.25568221169928224 -0.0022437188652525554 0.9998147510408345 -0.019116205868525034 -0.06185366658965444 -0.3094212379062536 0.01748399125074206 0.9507643280974021 3.5814298612761677
0.9354401733900276 0.010133001700555032 0.3533397858783567 -0.25568221169928224 -0.003442571664733512 0.9998027936781764 -0.01955818124590162 -0.06185366658965444 -0.35346828812265535 0.01707911092097339 0.9352905822586837 3.5814298612761677
0.9179584018783564 0.009737325123295549 0.3965571294534603 -0.25568221169928224 -0.0027779527520061546 0.999831958863617 -0.01812007211494855 -0.06185366658965444 -0.3966669325762282 0.015531855471467295 0.9178311969344791 3.5814298612761677
0.8975281975087727 0.009263588423986604 0.4408597516287415 -0.25568221169928224 -0.00191565961665413 0.9998517879260931 -0.017109425157760472 -0.06185366658965444 -0.44095290556348443 0.014511654299454058 0.8974129188754824 3.5814298612761677
0.874597636457115 0.008390745320909823 0.48477682462817756 -0.25568221169928224 0.0002956891974874359 0.9998408255263164 -0.017839175394416436 -0.06185366658965444 -0.48484934450973455 0.01574544390653669 0.8744559417859002 3.5814298612761677
0.8494378952331308 0.008438938192246611 0.527621120183875 -0.25568221169928224 0.0021681260690868927 0.9998078610362522 -0.019481792511551858 -0.06185366658965444 -0.5276841492514723 0.017692521931653906 0.849256388434286 3.5814298612761677
0.8223295782928693 0.01121132917517489 0.5689010201808293 -0.25568221169928224 0.0025150107897693066 0.999724493058321 -0.02333693853123513 -0.06185366658965444 -0.5690059221004578 0.020621447025103972 0.822074824171862 3.5814298612761677
0.7916139232221004 0.01493563094897119 0.6108390323882892 -0.25568221169928224 0.0017682082353809867 0.9996410260439322 -0.026733733174975644 -0.06185366658965444 -0.611019042256904 0.022242886008577576 0.7913033451347621 3.5814298612761677
0.7574016312789201 0.021196278385605703 0.6526051537634538 0.016861455744941634 -0.0009151335898618067 0.9995064365830976 -0.031401365566982135 -0.06442674760046933 -0.6529486438201225 0.023186224607693286 0.7570472029681528 3.8615485828502347
0.71965319778108 0.025963390811004648 0.6938480937936282 0.3059929140277562 -0.0024223317807539452 0.999388428564056 -0.03488411043743436 -0.06635472730736429 -0.6943294659109638 0.02342373133943731 0.7192759703882319 4.130208106502348
0.6803908155974627 0.026226078114148947 0.7323800453844715 0.6251201950944878 0.00015299040181689314 0.999354355129572 -0.035928393750546024 -0.07919693324038216 -0.7328494488259858 0.02455739624446801 0.6799475124192601 4.373504454845569
0.6397973622304071 0.02364606764212068 0.7681797958603623 0.6251201950944878 0.004971948307668189 0.9993783084180481 -0.03490381631722762 -0.07919693324038216 -0.7685275629494588 0.026150719847550838 0.6392820385701597 4.373504454845569
0.5959973480268681 0.021604034898860716 0.8026957249300756 0.6251201950944878 0.0061564194352208895 0.9994856856179293 -0.03147161808035982 -0.07919693324038216 -0.802962800909652 0.023698732475539254 0.5955578145187737 4.373504454845569
0.5496643832274921 0.020289974892831384 0.8351391397425818 0.6251201950944878 0.007073177275522458 0.9995561276930854 -0.02893989900524731 -0.07919693324038216 -0.8353556344302502 0.021814318922512958 0.5492768878403496 4.373504454845569
0.5016475485637286 0.017767717595698423 0.8648896144777274 0.6251201950944878 0.00895307126148729 0.999628871638893 -0.025728612495442706 -0.07919693324038216 -0.8650257681335188 0.020650113738025576 0.5013022972893909 4.373504454845569
0.4511295828149634 0.01393736737706329 0.8923496227935465 0.6251201950944878 0.01105607304761727 0.999714042533892 -0.021203688577932128 -0.07919693324038216 -0.8923899723539921 0.019431493795921444 0.4508464863907653 4.373504454845569
0.39897301804525687 0.01426840319415225 0.9168516475101842 1.051105050547181 0.009050904016341975 0.9997689406440224 -0.019497344947881554 -0.09000156625445552 -0.9169179963379182 0.016077250816566767 0.39875168964888036 4.532898782106089
0.3483248618022811 0.019106182528183732 0.9371791421279139 1.051105050547181 0.006120478883510075 0.9997245822434367 -0.0226561116792568 -0.09000156625445552 -0.9373538981562165 0.013627672119115596 0.3481119879635822 4.532898782106089
0.29817151790188284 0.024369511603392853 0.954201169993147 1.051105050547181 0.006895276899129973 0.9995929584120624 -0.0276834363745874 -0.09000156625445552 -0.9544874022576562 0.014833893529129004 0.2978821151633583 4.532898782106089
0.2516475305267116 0.02657997181102447 0.967453888037215 1.051105050547181 0.008243528877655998 0.9995276700511679 -0.02960542237036031 -0.09000156625445552 -0.9677838418838418 0.015425365493538441 0.2513095570963045 4.532898782106089
0.21039327816952108 0.02628146763773361 0.977263502316484 1.506096517228248 0.01535059628003762 0.9994265296060059 -0.030182298016279197 -0.10884552897889023 -0.977496305719325 0.02135173010561204 0.2098691876540433 4.5925052272677265
0.1754039860533508 0.026304473038914773 0.9841450687651349 1.9700682915896983 0.022704539355920553 0.9992690394500203 -0.03075533594793082 -0.125382359443671 -0.9842347004496588 0.02773916896339182 0.17467854171588923 4.635658698658418
0.14506288842496678 0.027830084978422803 0.9890309624940417 2.456236192655485 0.02689734868156799 0.9991239874013669 -0.03205917081112175 -0.13715746169922124 -0.9890567683584731 0.03125290657344146 0.14418725600761134 4.680111801519219
0.11699498744137667 0.02635181419495257 0.9927828336560911 2.456236192655485 0.024743395461257686 0.999260262241044 -0.02943964481798165 -0.13715746169922124 -0.9928242227578047 0.028009109136060795 0.11625640847181154 4.680111801519219
0.09149864706771962 0.022828128447827754 0.995543506902806 2.456236192655485 0.018491539897173007 0.9995258722318839 -0.024618970151569358 -0.13715746169922124 -0.9956334970946927 0.020661734938335778 0.09103313777043004 4.680111801519219
0.0672911754479143 0.019161301889883707 0.9975493683105182 2.456236192655485 0.01445636527095882 0.9996918908719434 -0.02017763187374399 -0.13715746169922124 -0.9976286439402136 0.015778714610652864 0.06699343964333486 4.680111801519219
0.04464128647765078 0.01679638951431321 0.9988618707513544 2.456236192655485 0.01810407051440829 0.9996808510326192 -0.017619270969822153 -0.13715746169922124 -0.9988390251549191 0.018870012665129412 0.04432295623701525 4.680111801519219
0.024647819070240905 0.01750124927583221 0.9995429912159143 2.456236192655485 0.026236293812300786 0.9994910366243477 -0.018147302680616737 -0.13715746169922124 -0.9993518609088968 0.026671595028653315 0.02417610631496225 4.680111801519219
0.0073553451534467415 0.019756574743619436 0.9997777636315306 2.456236192655485 0.030716779894703148 0.9993285403331104 -0.019973680396849883 -0.13715746169922124 -0.9995010646970683 0.03085686682239344 0.0067435479779679106 4.680111801519219
-0.007327755019322786 0.025343041415821332 0.9996519565619646 2.456236192655485 0.03129569629479574 0.9991949092199445 -0.025102047374103657 -0.13715746169922124 -0.9994833082146987 0.0311008623794218 -0.008114983638653497 4.680111801519219
-0.018255490857590317 0.030103600425927694 0.9993800629865174 2.456236192655485 0.029426498436718365 0.9991298085185032 -0.029558533785252347 -0.13715746169922124 -0.9994002292591793 0.02886865031788107 -0.019125448635827987 4.680111801519219
-0.024481081012051712 0.02989952837748516 0.9992530684842936 2.456236192655485 0.031782646301945626 0.9990706461577308 -0.029115414817932922 -0.13715746169922124 -0.9991949459772725 0.031046130012914067 -0.02540861556036621 4.680111801519219
-0.02707413717108158 0.02655001749138743 0.9992807851988547 2.456236192655485 0.03750522861085402 0.9989703702703068 -0.025525617501929474 -0.13715746169922124 -0.9989296015852605 0.03678717022569439 -0.028042025310180442 4.680111801519219
-0.026709237223410544 0.024863960390746183 0.9993339782678373 2.456236192655485 0.038955228737996096 0.9989571616656276 -0.023813427114228722 -0.13715746169922124 -0.9988839305949976 0.03829324523518035 -0.027649965071305457 4.680111801519219
-0.02470033814596664 0.0244409718367097 0.999396083738146 2.456236192655485 0.03702277888649389 0.9990376650308402 -0.02351717868387354 -0.13715746169922124 -0.9990091126406178 0.036419537962537246 -0.025581440842899553 4.680111801519219
-0.023535210779427 0.025041327823017396 0.9994093384366688 2.456236192655485 0.033710323729544224 0.99913763012129 -0.024240671394626705 -0.13715746169922124 -0.9991544965257453 0.03311990302632499 -0.024359065990092653 4.680111801519219
-0.02212762308540431 0.02634318218095725 0.9994080273087481 2.456236192655485 0.03266719982876359 0.9991380480358933 -0.025612790210622724 -0.13715746169922124 -0.999221307995349 0.03208111157062165 -0.022969108133655058 4.680111801519219
