1.0 0.0 0.0 0.0 0.0 1.0 0.0 0.0 0.0 0.0 1.0 0.0
0.9999975297008794 0.0011084176834718598 0.0019266557495174483 -0.0018220205319402654 -0.0011064709114164866 0.9999988765841367 -0.0010112134232614298 -0.01251897311073578 -0.0019277744319219328 0.0010090791367186464 0.9999976327197158 0.9999199745746826
0.9999933189943823 0.0014392620457230317 0.0033601326406526117 -0.0018220205319402654 -0.0014380391548402887 0.9999988989226575 -0.0003663288994034019 -0.01251897311073578 -0.0033606561841678646 0.0003614944496552543 0.9999942876395718 0.9999199745746826
0.9999917513255923 0.000423406546683541 0.004039555380337656 -0.0018220205319402654 -0.0004237791077904498 0.9999999060311402 9.137274842503613e-05 -0.01251897311073578 -0.004039516312925428 -9.30838738960429e-05 0.9999918367883561 0.9999199745746826
0.999987340285014 0.00033922069391222135 0.005020378374501985 -0.0018220205319402654 -0.000338957133673375 0.99999994113098 -5.3348841731171205e-05 -0.01251897311073578 -0.005020396175988426 5.164647328613692e-05 0.9999873963980137 0.9999199745746826
0.9999801348647206 0.00048493315097233804 0.006284482140388558 -0.0018220205319402654 -0.00048455108455991766 0.9999998806633712 -6.231765922518477e-05 -0.01251897311073578 -0.006284511610318576 5.927126863930767e-05 0.9999802505053471 0.9999199745746826
0.9999733041374277 0.00041436449272091004 0.007295156923676365 -0.0018220205319402654 -0.000407290205253271 0.9999994454592124 -0.0009711827620307151 -0.01251897311073578 -0.007295555301866917 0.0009681855895082422 0.9999729183780439 0.9999199745746826
0.9999636180038082 0.00021052136226472082 0.008527505466899859 -0.0018220205319402654 -0.00019942744404889863 0.9999991327899678 -0.0013017864676619988 -0.01251897311073578 -0.008527772125622201 0.0013000384874521887 0.9999627928090649 0.9999199745746826
0.9999634066462061 -0.0003853049635020984 0.008546163384690027 -0.0018220205319402654 0.00038472728068916214 0.9999999235954048 6.923947118345647e-05 -0.01251897311073578 -0.008546189410035885 -6.594899527980223e-05 0.9999634784817383 0.9999199745746826
0.9999728217022602 -0.0008755656341272808 0.007320467310142715 -0.0018220205319402654 0.0008679386301741888 0.9999990773430646 0.0010449859106511886 -0.01251897311073578 -0.007321375509614409 -0.0010386037933436815 0.9999726590076388 0.9999199745746826
0.9999855529694827 -0.0014842683308106904 0.00516631395089471 -0.0018220205319402654 0.0014822150111510502 0.9999988210178643 0.00040124997374362594 -0.01251897311073578 -0.005166903422531734 -0.0003935865887827845 0.9999865740091809 0.9999199745746826
0.9999946120559543 -0.0012665111402123976 0.003028499396144597 -0.0018220205319402654 0.0012666177683945605 0.9999991972852619 -3.32905350573112e-05 -0.01251897311073578 -0.0030284548022900767 3.712630683640692e-05 0.9999954135310559 0.9999199745746826
0.999997781860273 -0.001461654260757107 0.001516522784244351 -0.0018220205319402654 0.0014614148978193383 0.999998919502843 0.00015893282165888956 -0.01251897311073578 -0.0015167534504818487 -0.00015671620013399916 0.9999988374488256 0.9999199745746826
0.9999995116105208 0.00034118182979839284 0.0009275633014195521 -0.0018220205319402654 -0.0003412296211083861 0.9999999404619512 5.136573282942978e-05 -0.01251897311073578 -0.0009275457211396327 -5.168221981694186e-05 0.9999995684938484 0.9999199745746826
0.9999999676584131 -8.797657881403995e-06 0.00025417665844986185 -0.0018220205319402654 8.783574112795794e-06 0.9999999984262651 5.541043241609899e-05 -0.01251897311073578 -0.00025417714553196334 -5.540819804463017e-05 0.9999999661619544 0.9999199745746826
0.9999997472530228 -0.0007067899087515901 -7.70838190592881e-05 -0.0018220205319402654 0.0007068193170762825 0.9999996771825678 0.0003821533863849256 -0.01251897311073578 7.681369201811845e-05 -0.00038220777412926776 0.999999924008434 0.9999199745746826
0.9999990775445098 -0.0011839203114429257 -0.0006657648421808049 -0.0018220205319402654 0.0011843386272705808 0.9999991013021767 0.0006282808708185892 -0.01251897311073578 0.0006650204093750607 -0.0006290687822768291 0.999999581010073 0.9999199745746826
0.9999982825612497 -0.0008494394936893059 -0.0016472179870095232 -0.0018220205319402654 0.000848985192482431 0.999999601391754 -0.0002764787033986255 -0.01251897311073578 0.0016474521823446077 0.0002750797648835271 0.9999986051152415 0.9999199745746826
0.9999977816106197 -0.0012971883784598185 -0.0016595409452727584 -0.0018220205319402654 0.0012954022494717804 0.9999985811070845 -0.001076901493779635 -0.01251897311073578 0.0016609355346642598 0.001074749331719096 0.9999980431015966 0.9999199745746826
0.9999966954253204 -0.000845422162712701 -0.002427838504563239 -0.0018220205319402654 0.0008442008112227694 0.9999995166332104 -0.0005040419956810919 -0.01251897311073578 0.0024282634593007315 0.0005019907468015019 0.9999969257662051 0.9999199745746826
0.9999956786947455 -0.0005836835579713644 -0.002881302715517028 -0.0018220205319402654 0.0005813832367437161 0.9999995116886327 -0.0007991345478229747 -0.01251897311073578 0.00288176775024025 0.0007974559534197601 0.9999955297293259 0.9999199745746826
0.9999913958530846 -0.0006022394960537305 -0.004104330321500372 -0.0018220205319402654 0.0005970145561367702 0.9999990100733296 -0.001274137346354591 -0.01251897311073578 0.004105093594347578 0.0012716760385445116 0.9999907654806787 0.9999199745746826
0.9999889466079216 -1.9676815495278557e-05 -0.004701731043047051 -0.0018220205319402654 1.6669091026157734e-05 0.9999997952247921 -0.000639744098829957 -0.01251897311073578 0.004701742668375567 0.0006396586539048259 0.9999887421629737 0.9999199745746826
0.999987474328021 -0.0015055169165323762 -0.004773322310326585 -0.0018220205319402654 0.0015112826922969087 0.9999981325523233 0.0012045399481184084 -0.01251897311073578 0.004771499941128268 -0.001211738699838528 0.9999878821653965 0.9999199745746826
0.9999854853029841 -0.001930518494138314 -0.005030137343830082 -0.0018220205319402654 0.0019377616565759493 0.9999970922375614 0.001435477683910202 -0.01251897311073578 0.0050273515011688115 -0.0014452040556587646 0.9999863184674684 0.9999199745746826
0.9999790156887278 -0.0029466575425215764 -0.0057693493159521655 -0.0018220205319402654 0.002949042428755213 0.9999955695891882 0.00040490831541075903 -0.01251897311073578 0.005768130629222831 -0.00042191387460773524 0.9999832751890038 0.9999199745746826
0.9999731683787884 -0.003440578070088325 -0.006467220811879508 -0.0018220205319402654 0.0034373386829293553 0.999993961291013 -0.0005119416787322646 -0.01251897311073578 0.00646894313352797 0.0004896979142393006 0.9999789562639245 0.9999199745746826
0.999974525082256 -0.0026731902428188763 -0.006618401653008682 -0.0018220205319402654 0.0026696525221999857 0.9999962888807735 -0.0005433047824256963 -0.01251897311073578 0.006619829448374189 0.0005256221091151194 0.9999779505466472 0.9999199745746826
0.9999711047426268 -0.003212332670913387 -0.006889891045568056 -0.0018220205319402654 0.003212881840196354 0.9999948363261059 6.863964468798554e-05 -0.01251897311073578 0.00688963497504428 -9.07740671490846e-05 0.9999762620632449 0.9999199745746826
0.9999646382589057 -0.0037189517236674617 -0.007542654029649211 -0.0018220205319402654 0.003721616375409767 0.9999930172083688 0.00033927282919682405 -0.01251897311073578 0.007541339621594746 -0.0003673316966697235 0.9999714962258355 0.9999199745746826
0.9999597363761418 -0.004021769224962523 -0.008021907432541284 -0.0018220205319402654 0.004024982915814383 0.999991825798807 0.0003845101966093308 -0.01251897311073578 0.008020295448580477 -0.0004167827552036893 0.9999677500564966 0.9999199745746826
0.999958482787443 -0.003862430345676335 -0.008253140811700952 -0.0018220205319402654 0.003864448778114397 0.9999925068534223 0.00022863211668159127 -0.01251897311073578 0.00825219589408156 -0.00026051646443885865 0.999965916116193 0.9999199745746826
0.9999511194464008 -0.004827359989810011 -0.008628749238289705 -0.0018220205319402654 0.004837910296626607 0.9999875745468187 0.0012022378830652259 -0.01251897311073578 0.00862283838711501 -0.001243924231798949 0.9999620489351859 0.9999199745746826
0.999951246518119 -0.004489761242170929 -0.008794693334420905 -0.0018220205319402654 0.004512688078893924 0.9999864668223835 0.002588787048768786 -0.01251897311073578 0.008782951278518053 -0.0026283485441541583 0.9999579748923298 0.9999199745746826
0.9999509016608982 -0.0042784034578222975 -0.008938094394589285 -0.0018220205319402654 0.004310515064340909 0.9999843139371523 0.0035764982201382644 -0.01251897311073578 0.008922652488726835 -0.0036148504105503513 0.9999536584907694 0.9999199745746826
0.999952566163125 -0.0032829833654809994 -0.009169920610372369 -0.0018220205319402654 0.0033105261232615215 0.9999900500013267 0.002990035974110454 -0.01251897311073578 0.009160013131309158 -0.003020251406960797 0.9999534850386155 0.9999199745746826
0.9999582972817537 -0.001969379696789341 -0.00891769258178886 -0.0018220205319402654 0.0019966778979531104 0.9999933454163045 0.003053260629992298 -0.01251897311073578 0.008911620208763366 -0.0030709390604034396 0.9999555751924892 0.9999199745746826
0.9999647811075549 0.0008275559662288495 -0.008351748058963356 -0.0018220205319402654 -0.0007872008993374597 0.9999880060091145 0.004834061713957463 -0.01251897311073578 0.008355648344785674 -0.0048273169600748945 0.9999534389918888 0.9999199745746826
0.9999754975682841 0.0012339561631404543 -0.006890690476862919 -0.0018220205319402654 -0.0011796958211105178 0.9999683118898541 0.007872962207451635 -0.01251897311073578 0.006900187014142069 -0.007864640381972697 0.9999452659275068 0.9999199745746826
0.9999841104399478 0.0022193398655490806 -0.0051820264554431695 -0.0018220205319402654 -0.002164380107124952 0.9999416087440934 0.010587471889962806 -0.01251897311073578 0.005205221068850969 -0.010576087784717752 0.9999305236069126 0.9999199745746826
0.999989686951514 0.002935233898186882 -0.003465601329306689 -0.0018220205319402654 -0.0028872642731977973 0.9999010694270115 0.013766447026375672 -0.01251897311073578 0.0035056662173507344 -0.013756298945436861 0.9998992321947728 0.9999199745746826
0.9999960511872106 0.002253115824002469 -0.00167960681910115 -0.0018220205319402654 -0.0022273963296043494 0.9998825913978109 0.015160545016043064 -0.01251897311073578 0.0017135680826883195 -0.015156743999825084 0.9998836616305667 0.9999199745746826
0.9999998315163829 0.0005796198265754623 -3.17499570077252e-05 -0.0018220205319402654 -0.0005791421680765924 0.9999099909890089 0.013404272255654819 -0.01251897311073578 3.9516481185560383e-05 -0.013404251609515713 0.9999101582028439 0.9999199745746826
0.9999974290624274 0.001961366519592968 0.0011379410831850833 -0.0018220205319402654 -0.0019739570456721507 0.9999356568859649 0.01117074668990846 -0.01251897311073578 -0.0011159579359558995 -0.011172964217434899 0.9999369577670788 0.9999199745746826
0.9999957071371653 0.0020419706741117687 0.00210144307625271 -0.0018220205319402654 -0.0020648831224879508 0.999937811891931 0.010959407213154568 -0.01251897311073578 -0.0020789336033488317 -0.010963699400263765 0.9999377357268466 0.9999199745746826
0.9999964350960511 0.0014861121506702724 0.002218392630129536 -0.0018220205319402654 -0.001509020866470979 0.9999451846154429 0.01036101444880227 -0.01251897311073578 -0.002202873398618953 -0.010364325113549898 0.9999438624811543 0.9999199745746826
0.9999989823390479 0.0006852185417159973 0.0012513178705554247 -0.0018220205319402654 -0.0006965405710919634 0.9999586225144361 0.009070175867189357 -0.01251897311073578 -0.0012450510414876593 -0.009071038230489778 0.9999580821781103 0.9999199745746826
0.9999992662867506 0.0010013843987065562 -0.0006816562485866416 -0.0018220205319402654 -0.0009949238687559168 0.9999552021916979 0.009412955766041817 -0.01251897311073578 0.0006910516989303423 -0.009412270663559506 0.9999554648125611 0.9999199745746826
0.9999977593229145 0.0009314495950076677 -0.0019009867956798448 -0.0018220205319402654 -0.0009108062132966432 0.9999409235876271 0.010831424964563793 -0.01251897311073578 0.0019109634185964116 -0.010829669264253201 0.9999395314129949 0.9999199745746826
0.999996127219909 0.00043179343828638064 -0.0027493816766287465 -0.0018220205319402654 -0.00040112200107866733 0.9999377947846538 0.01114655383261663 -0.01251897311073578 0.0027540236595537094 -0.011145407826985025 0.9999340954473214 0.9999199745746826
0.9999926787333611 0.0015580381804429968 -0.003494995951160859 -0.0018220205319402654 -0.001519799116257755 0.999939250721035 0.010917191859676843 -0.01251897311073578 0.003511793034417242 -0.010911800240246416 0.9999342978042108 0.9999199745746826
0.9999908761474801 0.0019873905562920683 -0.0037812564797303377 -0.0018220205319402654 -0.001946972410632539 0.9999412542082876 0.010662899736394258 -0.01251897311073578 0.0038022256930633734 -0.010655440447626098 0.9999360002863414 0.9999199745746826
0.9999918453253697 0.0010979440607694127 -0.0038863609707614055 -0.0018220205319402654 -0.0010584107845767058 0.9999478278200221 0.01015979353283328 -0.01251897311073578 0.0038973130958052053 -0.010155597316658528 0.9999408356466775 0.9999199745746826
0.9999934010163999 0.00042411669044335775 -0.0036080533089388953 -0.0018220205319402654 -0.00039068647981857583 0.9999570387067281 0.009261107112268576 -0.01251897311073578 0.0036118260924006946 -0.009259636380728369 0.9999506057032894 0.9999199745746826
0.9999909696112577 -7.42717816491991e-05 -0.0042491386930772045 -0.0018220205319402654 0.00012026598701594599 0.9999413993492144 0.010825128342284517 -0.01251897311073578 0.004248085689215797 -0.010825541614026296 0.9999323784220312 0.9999199745746826
0.9999897460454384 0.0003042607867977776 -0.004518321518771595 -0.0018220205319402654 -0.0002486831103747931 0.9999243705901874 0.012295985382538102 -0.01251897311073578 0.004521720986968579 -0.012294735669813747 0.9999141930756485 0.9999199745746826
0.9999900955417479 0.0008539397645118007 -0.0043680207506875 -0.0018220205319402654 -0.0008062747156273297 0.9999402417744097 0.010902421805136361 -0.01251897311073578 0.004377069737026833 -0.010898791997866142 0.9999310264180747 0.9999199745746826
0.99998750442612 0.0023330046205806013 -0.004421321188853246 -0.0018220205319402654 -0.002289587069792702 0.9999493596774511 0.009799789370385942 -0.01251897311073578 0.004443960245603832 -0.00978954391656847 0.9999422063535677 0.9999199745746826
0.9999808437594301 0.0042005392474757566 -0.004546161480068457 -0.0018220205319402654 -0.0041531053280349515 0.9999373618546875 0.010393463485316463 -0.01251897311073578 0.004589534868232187 -0.010374383698164631 0.9999356520959619 0.9999199745746826
0.9999713471456815 0.005957601354402407 -0.004670318377514057 -0.0018220205319402654 -0.00590770055516432 0.9999260842505988 0.010626622672005632 -0.01251897311073578 0.004733282349054563 -0.0105987273464627 0.9999326292390099 0.9999199745746826
0.9999610313338702 0.007546427620955196 -0.004581183674433786 -0.0018220205319402654 -0.0074956671595142535 0.999911424904362 0.010998059808918215 -0.01251897311073578 0.0046637739579704855 -0.010963292201177302 0.9999290251995788 0.9999199745746826
0.9999632494334961 0.007845191407123293 -0.003457275543614064 -0.0018220205319402654 -0.007803433899912928 0.9998983795280082 0.011930508649276394 -0.01251897311073578 0.0035505213375792936 -0.011903091575146494 0.9999228521286955 0.9999199745746826
0.9999534417989309 0.009582623607194357 -0.0011347066891302911 -0.0018220205319402654 -0.00956753901342018 0.999874507626937 0.012626606631006834 -0.01251897311073578 0.0012555603108760456 -0.012615162408399471 0.9999196373937832 0.9999199745746826
0.9999680675469574 0.007821126213566721 0.0016413016631752527 -0.0018220205319402654 -0.007838553664695828 0.9999099263407226 0.0108947823169847 -0.01251897311073578 -0.0015559443575582986 -0.01090729985102702 0.9999393030814996 0.9999199745746826
0.9999813148327822 0.004967517496657094 0.0035628296640375498 -0.0018220205319402654 -0.004987709160025146 0.9999714241168823 0.005680995246223205 -0.01251897311073578 -0.0035345074097497676 -0.005698659454028287 0.9999775160161336 0.9999199745746826
0.9999640952610266 0.006109560679044355 0.005872091373594485 -0.0018220205319402654 -0.00614007395391986 0.9999676686256327 0.005192417091826571 -0.01251897311073578 -0.005840178133516859 -0.005228285734744583 0.9999692782019075 0.9999199745746826
0.9999423375639367 0.0058661905225172225 0.008994962808045922 -0.0018220205319402654 -0.005945130399542282 0.999943829946811 0.008774529949482692 -0.01251897311073578 -0.008942984496077685 -0.008827500215543661 0.9999210460172577 0.9999199745746826
0.9999050800767504 0.006070540121036388 0.012368483308004708 -0.0018220205319402654 -0.006194014888630483 0.9999311213737576 0.009969287225144126 -0.01251897311073578 -0.012307112425787716 -0.010044951510925725 0.9998738090043572 0.9999199745746826
0.9998482078728181 0.0061943539512742014 0.016284691972356363 -0.0018220205319402654 -0.006327352342792568 0.9999469464080302 0.008128282818936964 -0.01251897311073578 -0.01623347855015696 -0.008230087993500841 0.9998343561939549 0.9999199745746826
0.9997840497542927 0.005370538684179111 0.02007513813506932 -0.0018220205319402654 -0.0054743325810273375 0.999971913897173 0.005118896327846146 -0.01251897311073578 -0.020047083071926892 -0.005227688883688256 0.9997853698315665 0.9999199745746826
0.9997213723794358 0.004040232199710288 0.023256270800456426 -0.0018220205319402654 -0.004083827637866698 0.9999899914698515 0.0018273784359625208 -0.01251897311073578 -0.023248655006171456 -0.0019218438793060777 0.9997278662498646 0.9999199745746826
0.9996437288582383 0.003240203748678233 0.02649370555546463 -0.0018220205319402654 -0.00326478141398059 0.9999942794356651 0.000884476263391545 -0.01251897311073578 -0.026490688113213794 -0.0009706573075087785 0.9996485888889554 0.9999199745746826
0.999539867765341 0.0031990372175107373 0.030163204546620765 -0.0018220205319402654 -0.0032827660619516915 0.999990894103764 0.0027267483443154865 -0.01251897311073578 -0.030154206914174312 -0.002824512423712318 0.9995412677498339 0.9999199745746826
0.9994024925985423 0.004615967220001589 0.03425420608392507 -0.0018220205319402654 -0.0047259248719300805 0.9999839349353973 0.003129777183754905 -0.01251897311073578 -0.03423920883900585 -0.003289789923224112 0.9994082518472317 0.9999199745746826
0.9992682839151416 0.004219612508848159 0.03801436085953343 -0.0018220205319402654 -0.0042575125388061375 0.9999905171337993 0.0009160946753806543 -0.01251897311073578 -0.038010134809884744 -0.0010772709721867527 0.999276773040876 0.9999199745746826
0.9991362071084157 0.003963236096027184 0.04136583620152961 -0.0018220205319402654 -0.003907705290095721 0.9999913521289584 -0.0014232029577079313 -0.01251897311073578 -0.04137111896444715 0.0012603281081546589 0.9991430538660063 0.9999199745746826
0.9989926427650765 0.004079550567430585 0.04468844334289893 -0.0018220205319402654 -0.004006694468501156 0.9999904943636316 -0.0017197621380074192 -0.01251897311073578 -0.04469503440741321 0.0015389767844262894 0.9989994922169764 0.9999199745746826
0.9988475217808132 0.0030871620622724754 0.04789673958345079 -0.0018220205319402654 -0.0030678278963737118 0.9999951803587336 -0.0004771700937454524 -0.01251897311073578 -0.047897981839759414 0.00032968121176498946 0.9988521785759773 0.9999199745746826
0.9987063271303569 0.002138023363221622 0.050804537256880986 -0.0018220205319402654 -0.002180142986446302 0.9999973242172016 0.0007736504335582257 -0.01251897311073578 -0.05080274723227275 -0.0008834107385630841 0.9987083160057898 0.9999199745746826
0.9985660661093906 0.0016762551559101947 0.053507025552381245 -0.0018220205319402654 -0.00181030969304889 0.9999953429670432 0.0024569947167430114 -0.01251897311073578 -0.05350265781833842 -0.0025503358357544265 0.9985644502952719 0.9999199745746826
0.9984446813606858 0.00022831764524674518 0.05575092944164024 -0.0018220205319402654 -0.00042377829364774396 0.9999938055918901 0.0034941651083393453 -0.01251897311073578 -0.05574978631808173 -0.003512356601966668 0.99843859334292 0.9999199745746826
0.9982953299956004 -0.00040000405817276703 0.05836329416442167 -0.0018220205319402654 0.0003363373792322662 0.9999993376816904 0.0011006876697074342 -0.01251897311073578 -0.058363695788878546 -0.001079181603051148 0.9982948033426452 0.9999199745746826
0.9981329088058137 -0.001646272948866996 0.061057236624476464 -0.0018220205319402654 0.0018169576141934902 0.9999945953245357 -0.002740070572910129 -0.01251897311073578 -0.06105239572586617 0.0028458930222573786 0.9981305054295442 0.9999199745746826
0.9979711890983513 -0.0007175407204496864 0.06366310442424045 -0.0018220205319402654 0.0010830579540155485 0.9999831278267762 -0.005707104979264326 -0.01251897311073578 -0.0636579352090967 0.005764477174088469 0.9979551282937642 0.9999199745746826
0.9978754651999565 -0.0007857252841833246 0.06514551855455912 -0.0018220205319402654 0.0012048588929642753 0.9999788274042436 -0.006394768039653135 -0.01251897311073578 -0.06513911472389461 0.0064596732897810585 0.997855284274216 0.9999199745746826
0.9978442195088497 -0.0008893045098611177 0.06562105401666085 -0.0018220205319402654 0.0012726651178618445 0.999982367302544 -0.005800466144759141 -0.01251897311073578 -0.06561473855976722 0.005871475239448157 0.9978277566104511 0.9999199745746826
0.9978959617210931 -0.0006683884075710704 0.06483211270401297 -0.0018220205319402654 0.0009348006623072327 0.9999912438481353 -0.0040790163985365965 -0.01251897311073578 -0.06482881865691374 0.0041310390937872275 0.9978878488024364 0.9999199745746826
0.997975523870858 -0.001118721173140315 0.06358932471428776 -0.0018220205319402654 0.0012931903335419383 0.9999955118112488 -0.002702594330818894 -0.01251897311073578 -0.06358601586389605 0.0027793560931452565 0.997972491487748 0.9999199745746826
0.9981162435568699 -0.0007666238652094958 0.06134636611706968 -0.0018220205319402654 0.0008748289410767449 0.9999981087530475 -0.0017369987471689702 -0.01251897311073578 -0.06134491847124887 0.001787394241095242 0.9981150265373135 0.9999199745746826
0.9982545837208101 -0.00018189500549574517 0.05905720103930625 -0.0018220205319402654 0.0002745458177864927 0.9999987443856911 -0.0015607215093002354 -0.01251897311073578 -0.059056842998792686 0.001574211308124953 0.9982533802365874 0.9999199745746826
0.9984357272085732 0.00034522503976009653 0.055910459246524095 -0.0018220205319402654 -0.0002578222481963207 0.9999987335761592 -0.0015704692802387824 -0.01251897311073578 -0.05591093060550587 0.0015535976775721252 0.9984345517724643 0.9999199745746826
0.998639889485732 0.0016940559335329856 0.05211047209934565 -0.0018220205319402654 -0.0015873389618514908 0.9999965577572428 -0.002089217240908524 -0.01251897311073578 -0.05211383197331448 0.002003658691887636 0.9986391409657959 0.9999199745746826
0.9988313210786057 0.0016949221570609855 0.04830237335002595 -0.0018220205319402654 -0.001618901100847435 0.9999973887959613 -0.0016129353614725173 -0.01251897311073578 -0.04830498102255619 0.0015328535925230068 0.9988314568375753 0.9999199745746826
0.9990160748744285 0.0024294539422609666 0.04428295265708278 -0.0018220205319402654 -0.002398875714990066 0.99999684618734 -0.0007436468740791331 -0.01251897311073578 -0.04428461965277648 0.0006366858815169549 0.9990187521229499 0.9999199745746826
0.9992033056297528 0.0027542621128607814 0.039814169070630435 -0.0018220205319402654 -0.0027705207180369327 0.9999960997271884 0.0003531930872430344 -0.01251897311073578 -0.039813040998171116 -0.00046321768058154303 0.999207039204517 0.9999199745746826
0.9993844594104461 0.002689400434693437 0.034978127654127285 -0.0018220205319402654 -0.0027184268956899657 0.9999959990611065 0.0007823151455897054 -0.01251897311073578 -0.034975883750083835 -0.0008769190818407418 0.9993877718727718 0.9999199745746826
0.9995279394318246 0.00339753336100615 0.03053448971618622 -0.0018220205319402654 -0.003419885837608447 0.9999939210769692 0.0006798455414234028 -0.01251897311073578 -0.030531994301466647 -0.0007839490820909413 0.9995334825546419 0.9999199745746826
0.9996588556648123 0.0042907136349654325 0.025763580252286273 -0.0018220205319402654 -0.004306007196653726 0.9999905842972623 0.0005381624631724476 -0.01251897311073578 -0.025761028569055062 -0.0006489170340756999 0.9996679190179836 0.9999199745746826
0.9997654151199049 0.004690718680404985 0.02114502041568012 -0.0018220205319402654 -0.004698203227116094 0.9999889170828953 0.00030429888399935066 -0.01251897311073578 -0.02114335868671252 -0.0004035711032375532 0.9997763727523312 0.9999199745746826
0.9998551988480964 0.005649824773109484 0.016051816609346466 -0.0018220205319402654 -0.005642453276051017 0.9999839539800689 -0.0005044833111802301 -0.01251897311073578 -0.016054409283886763 0.0004138386362006506 0.9998710340239524 0.9999199745746826
0.9998955322249046 0.007424026017362249 0.012401954457323281 -0.0018220205319402654 -0.00741973129070298 0.9999723964747566 -0.00039227044487784914 -0.01251897311073578 -0.012404524345649377 0.0003002102957033243 0.9999230158614892 0.9999199745746826
0.9999088939501197 0.009157049698215552 0.009917269799001012 -0.0018220205319402654 -0.009156086738575334 0.9999580720059007 -0.0001424986757755931 -0.01251897311073578 -0.00991815885522784 5.168231079358765e-05 0.999950812517226 0.9999199745746826
0.9999084594848591 0.010341899636607522 0.008724549416183981 -0.0018220205319402654 -0.01033788261041171 0.999946434941822 -0.0005054010968171647 -0.01251897311073578 -0.008729308892606874 0.0004151614644461347 0.9999618126744716 0.9999199745746826
0.9998958590318988 0.012188524034175403 0.007727287539838236 -0.0018220205319402654 -0.0121852375240347 0.9999256457181886 -0.0004722515640564367 -0.01251897311073578 -0.007732469032461982 0.00037804354923087405 0.999970032553844 0.9999199745746826
0.9998838411879601 0.013828598595377387 0.006408899444659386 -0.0018220205319402654 -0.013831760410839297 0.9999042356881673 0.0004492847567306838 -0.01251897311073578 -0.006402072722259041 -0.0005378789299638286 0.9999793618625908 0.9999199745746826
0.9998892148756445 0.013762139274882259 0.005671110820583747 -0.0018220205319402654 -0.013767321620365562 0.9999048423959815 0.0008757901929773558 -0.01251897311073578 -0.005658518424655055 -0.0009537691750647301 0.9999835356112606 0.9999199745746826
0.9998339662221938 0.01753612408341566 0.004952205621889655 -0.0018220205319402654 -0.01754907452207491 0.9998426644749436 0.0025838496583627034 -0.01251897311073578 -0.004906115755796445 -0.002670327277550953 0.9999843995685234 0.9999199745746826
0.9998192241866503 0.018422270251111098 0.004705199846231608 -0.0018220205319402654 -0.018448954168899155 0.9998136003944484 0.005692148659118081 -0.01251897311073578 -0.004599460497928893 -0.005777925672634309 0.9999727298971949 0.9999199745746826
0.9998396884925372 0.017399339179511152 0.004226146146918919 -0.0018220205319402654 -0.017421295629752483 0.9998346355989569 0.00521535380157127 -0.01251897311073578 -0.004134703583058365 -0.005288142661742554 0.9999774696329251 0.9999199745746826
0.9998433855366284 0.01732773533881506 0.003599164718932542 -0.0018220205319402654 -0.01734143156640918 0.9998423680710019 0.0038096930836756 -0.01251897311073578 -0.003532584022179505 -0.0038715110993084475 0.9999862660316554 0.9999199745746826
0.9998898464401241 0.014535877099432411 0.003000543765457874 -0.0018220205319402654 -0.014549677901887128 0.9998834280980905 0.004630020275881211 -0.01251897311073578 -0.002932892580666722 -0.004673167207984619 0.999984779708849 0.9999199745746826
0.9999215956546588 0.012364712396744436 0.001978997417975677 -0.0018220205319402654 -0.012377284810055664 0.9999024531022481 0.0064720244769888476 -0.01251897311073578 -0.0018987796516346728 -0.0064960116568285285 0.9999770979719423 0.9999199745746826
0.9999551892319296 0.009260080897262664 0.0019673408208569494 -0.0018220205319402654 -0.009275471339968774 0.9999252718774245 0.007963434703250366 -0.01251897311073578 -0.0018934517555992145 -0.007981325869025835 0.9999663560729533 0.9999199745746826
0.9999696821419288 0.007599527844601857 0.0016976376240250093 -0.0018220205319402654 -0.007614445005026132 0.9999308622366727 0.008960523080857602 -0.01251897311073578 -0.001629424508502013 -0.008973177985318393 0.9999584126615533 0.9999199745746826
0.9999930022346576 0.003334250599297629 0.0016965419683354934 -0.0018220205319402654 -0.0033464016606289688 0.9999684043205006 0.007210544822025981 -0.01251897311073578 -0.0016724466015455445 -0.007216171675186693 0.9999725645180059 0.9999199745746826
0.999998616245937 0.0005255964749837496 0.0015783708529872474 -0.0018220205319402654 -0.0005354740719127032 0.9999802362860393 0.00626420823636101 -0.01251897311073578 -0.0015750472127500105 -0.006265044744906271 0.9999791340026152 0.9999199745746826
0.9999978754032649 -0.0012333159714255084 0.0016517023530898023 -0.0018220205319402654 0.0012235512736567431 0.9999818467793934 0.005899918130595576 -0.01251897311073578 -0.001658948832633596 -0.00589788465313219 0.9999812312465608 0.9999199745746826
0.9999970422020839 -0.0017137449973002718 0.0017258809808991147 -0.0018220205319402654 0.0017024775178834345 0.9999773671066288 0.0065089818550248995 -0.01251897311073578 -0.0017369966543108808 -0.0065060243292046505 0.999977326987992 0.9999199745746826
0.9999971451956657 -0.0009351895579668864 0.0021988681183982457 -0.0018220205319402654 0.0009163876600563333 0.9999631458094705 0.008536231983520551 -0.01251897311073578 -0.002206770075909431 -0.008534192598639946 0.9999611481065253 0.9999199745746826
0.9999960140059309 0.0012340445022906148 0.0025395090879516617 -0.0018220205319402654 -0.0012597841471943755 0.9999476008043569 0.010159162834954261 -0.01251897311073578 -0.0025268391606741974 -0.010162321573883372 0.9999451696488582 0.9999199745746826
0.9999923893646421 0.0011986496155056 0.0037127418284920335 -0.0018220205319402654 -0.001229856665343273 0.999963840791318 0.008414544696696644 -0.01251897311073578 -0.0037025214879205536 -0.008419046796950972 0.9999577045983801 0.9999199745746826
0.9999905699134649 0.0017742027633472221 0.003963872940663275 -0.0018220205319402654 -0.0018003298053646494 0.999976615793962 0.0065974751110532874 -0.01251897311073578 -0.0039520749900690075 -0.006604549174893056 0.9999703800780643 0.9999199745746826
0.9999889943425637 0.001466091816684671 0.004456654409531725 -0.0018220205319402654 -0.0014848844550500865 0.9999900085827469 0.004216379113163588 -0.01251897311073578 -0.004450428282324529 -0.004222950325994915 0.9999811800122275 0.9999199745746826
0.9999880210034845 0.00023256764540628656 0.004889147350810594 -0.0018220205319402654 -0.0002329851965911142 0.9999999692605156 8.483430165957298e-05 -0.01251897311073578 -0.004889127470807349 -8.597238438766549e-05 0.9999880444491935 0.9999199745746826
0.9999865932180622 8.779329021046828e-05 0.005177419865670055 -0.0018220205319402654 -7.048992610889786e-05 0.9999944124490118 -0.0033421702407632346 -0.01251897311073578 -0.005177684356694863 0.0033417604770706634 0.9999810119305342 0.9999199745746826
0.9999858485350006 -0.00040333190317461056 0.005304719889274842 -0.0018220205319402654 0.00042532704522200087 0.9999913154333139 -0.004145859964770571 -0.01251897311073578 -0.005303001662491753 0.004148057535613428 0.9999773356391874 0.9999199745746826
0.9999869545923005 -0.0009734483668846026 0.005014283945538489 -0.0018220205319402654 0.000992515439682717 0.9999922818485786 -0.003801467659659347 -0.01251897311073578 -0.005010544712051099 0.0038063948221975586 0.9999802027041063 0.9999199745746826
0.9999865948316529 -8.956093909484296e-05 0.005177077923620328 -0.0018220205319402654 0.00010654837632844101 0.9999946115125343 -0.0032810963611481407 -0.01251897311073578 -0.005176756168929906 0.003281603986744714 0.9999812159590005 0.9999199745746826
0.9999895556495128 0.0003818995901849531 0.004554420334883648 -0.0018220205319402654 -0.00037220186273395097 0.9999976623705009 -0.0021299575815401255 -0.01251897311073578 -0.004555223118264255 0.0021282401717830635 0.9999873601881745 0.9999199745746826
0.9999901131545893 0.0010495068154500538 0.004321125838221775 -0.0018220205319402654 -0.0010426239816216638 0.9999981848073035 -0.0015947781421648127 -0.01251897311073578 -0.0043227917250754574 0.0015902570654120693 0.999989392220821 0.9999199745746826
0.9999934840432879 0.0007241216922254715 0.003536597055812346 -0.0018220205319402654 -0.0007174056707267901 0.9999979378405518 -0.0018999062447633038 -0.01251897311073578 -0.0035379655261107376 0.001897356690272241 0.999991941386292 0.9999199745746826
0.9999961241025415 0.0011981184972676842 0.0025132234191988915 -0.0018220205319402654 -0.0011941191217529187 0.9999980194388938 -0.0015922304493008383 -0.01251897311073578 -0.002515126122359879 0.001589223189835773 0.9999955742453267 0.9999199745746826
0.9999984404590176 0.0007603577631756994 0.0015940312413589154 -0.0018220205319402654 -0.0007595935311590157 0.9999995963163669 -0.0004799841262197349 -0.01251897311073578 -0.0015943955575315038 0.0004787725618443586 0.9999986143388597 0.9999199745746826
0.9999979602072481 0.0016771472669612627 0.001125503612463133 -0.0018220205319402654 -0.0016770164561366004 0.9999985869439079 -0.00011715794480198074 -0.01251897311073578 -0.0011256985131906597 0.00011527021774343927 0.999999359757612 0.9999199745746826
0.9999982955259029 0.0018314646263607381 0.0002338431202282019 -0.0018220205319402654 -0.0018312287831498254 0.9999978184714742 -0.0010048151208062485 -0.01251897311073578 -0.00023568289344288234 0.0010043851878713313 0.9999994678318422 0.9999199745746826
0.9999967914915913 0.002412541827806564 -0.0007724302203238159 -0.0018220205319402654 -0.002414094857639101 0.9999950539394541 -0.002015996685861461 -0.01251897311073578 0.0007675627235075287 0.002017854937340872 0.9999976695517429 0.9999199745746826
0.9999950145413562 0.0026237323358756673 -0.0017569635893251404 -0.0018220205319402654 -0.002627342974047026 0.9999944351578763 -0.002055899357600966 -0.01251897311073578 0.001751559682475985 0.0020605052539407883 0.9999963431717024 0.9999199745746826
0.9999951888903684 0.0024521337222425735 -0.001899799020237614 -0.0018220205319402654 -0.0024582117221587808 0.999991847089999 -0.003203583720173641 -0.01251897311073578 0.0018919279156746035 0.0032082384156013996 0.9999930638834605 0.9999199745746826
0.9999915082172272 0.0031193053252031792 -0.002693218839321477 -0.0018220205319402654 -0.003130448093390265 0.9999865174695793 -0.0041430874704918704 -0.01251897311073578 0.002680258973106765 0.004151483270072673 0.9999877906247133 0.9999199745746826
0.9999883660798674 0.0032317177183169583 -0.0035810201757973123 -0.0018220205319402654 -0.003245620515403384 0.999987192608977 -0.003883370376052863 -0.01251897311073578 0.0035684243554203188 0.003894947829779665 0.999986047767179 0.9999199745746826
0.9999869100731291 0.0033242291325827904 -0.0038896250544598514 -0.0018220205319402654 -0.003334715850292678 0.9999908144707647 -0.002692702041437657 -0.01251897311073578 0.0038806381676235206 0.002705637588484618 0.999988810023718 0.9999199745746826
0.9999841972415917 0.0034179681238951944 -0.004463492017261487 -0.0018220205319402654 -0.0034279633704787375 0.9999916300000764 -0.002233606256823209 -0.01251897311073578 0.004455820262846283 0.0022488716468217576 0.9999875440434752 0.9999199745746826
0.9999774160171516 0.003963683926680228 -0.005427399504770529 -0.0018220205319402654 -0.003973820418034126 0.9999903779813327 -0.001858143166228114 -0.01251897311073578 0.005419982190029527 0.0018796687129226156 0.9999835451839142 0.9999199745746826
0.9999740768130817 0.004573663124630973 -0.005561232547158316 -0.0018220205319402654 -0.004582086942126934 0.9999883727535246 -0.0015029427803046104 -0.01251897311073578 0.00555429393136391 0.0015283858702734318 0.9999834067901104 0.9999199745746826
0.9999710828859318 0.004803959300586783 -0.005895368264291415 -0.0018220205319402654 -0.004817838387001005 0.9999856509371212 -0.002342296549624944 -0.01251897311073578 0.005884031373986973 0.0023706317486965117 0.9999798789375225 0.9999199745746826
0.9999627576041814 0.005469755877846302 -0.006675715337994626 -0.0018220205319402654 -0.005488655866693608 0.9999809718637312 -0.0028161262813493587 -0.01251897311073578 0.00666018478829307 0.0028526621062128408 0.9999737517842625 0.9999199745746826
0.9999594731823183 0.005665685454536259 -0.006996570679059926 -0.0018220205319402654 -0.005684672530331605 0.9999802054985417 -0.0026968702796784047 -0.01251897311073578 0.0069811525667148305 0.0027365341972529138 0.9999718870495448 0.9999199745746826
0.9999577362061711 0.005317507776894942 -0.0074999941645888185 -0.0018220205319402654 -0.005343899896258846 0.9999795845584527 -0.0035033127453181255 -0.01251897311073578 0.007481212156127988 0.003543243900067504 0.9999657378567226 0.9999199745746826
0.9999625741843855 0.0038682147141595267 -0.007738678534420504 -0.0018220205319402654 -0.003907644029727445 0.9999794288021527 -0.005086481165353472 -0.01251897311073578 0.00771884373924594 0.005116530800619143 0.9999571193625729 0.9999199745746826
0.9999667233190476 0.0011384962814152998 -0.008078123592826112 -0.0018220205319402654 -0.0011775101498928818 0.9999876593041195 -0.004826459292641699 -0.01251897311073578 0.008072528997202259 0.004835810756617212 0.9999557236247588 0.9999199745746826
0.9999626330059145 0.0012152033690143236 -0.008558964461133398 -0.0018220205319402654 -0.0012254784068989608 0.9999985346599557 -0.001195357939655731 -0.01251897311073578 0.008557499316344355 0.001205802098854054 0.9999626569261217 0.9999199745746826
0.9999650536058663 0.0005215300217501839 -0.008343834457197333 -0.0018220205319402654 -0.0004955270640888661 0.9999950156544056 0.003118191665450583 -0.01251897311073578 0.00834541909921004 -0.0031139481001047978 0.9999603278667049 0.9999199745746826
0.9999619179790296 0.0016773960014595537 -0.008564399240494364 -0.0018220205319402654 -0.0016568175720148618 0.999995725064149 0.0024093171125285115 -0.01251897311073578 0.008568404007127689 -0.002395035713709289 0.9999604223451547 0.9999199745746826
0.9999563729835642 0.0033869683087716716 -0.008705203916385509 -0.0018220205319402654 -0.0033931448249376124 0.9999940018588043 -0.0006948486158840178 -0.01251897311073578 0.008702798271101767 0.0007243563193299712 0.9999618675780466 0.9999199745746826
0.999954203595197 0.003571473043632556 -0.00887892406711081 -0.0018220205319402654 -0.003594862829309514 0.9999901069086368 -0.0026197416055431287 -0.01251897311073578 0.008869479890578362 0.0026515401448891623 0.9999571499126003 0.9999199745746826
0.9999569313546515 0.003654491007385694 -0.008531127197586799 -0.0018220205319402654 -0.0036749261157023173 0.9999904130402533 -0.0023809127695507406 -0.01251897311073578 0.00852234438570787 0.002412161488998228 0.9999607747922525 0.9999199745746826
0.999958837239204 0.003546549967759961 -0.008351395724116716 -0.0018220205319402654 -0.003557851466762096 0.9999927746557818 -0.001338778980931097 -0.01251897311073578 0.008346587335856066 0.0013684368986190884 0.9999642302904133 0.9999199745746826
0.999957880262806 0.0037446731636571156 -0.008379446473872449 -0.0018220205319402654 -0.0037371235256873484 0.9999925969884587 0.0009164475000089801 -0.01251897311073578 0.008382816237092488 -0.0008850938729310481 0.9999644718692611 0.9999199745746826
0.9999641872436515 0.0030216983160108154 -0.007905287434706235 -0.0018220205319402654 -0.003008692091506645 0.9999941016539862 0.0016566318614586182 -0.01251897311073578 0.007910246648291444 -0.001632787957119162 0.9999673804687077 0.9999199745746826
0.999971532261437 0.0028411977999586546 -0.006990154631334074 -0.0018220205319402654 -0.0028333217828036177 0.9999953404589429 0.0011363749674828082 -0.01251897311073578 0.006993350726478895 -0.0011165372600748552 0.9999749228806503 0.9999199745746826
