1.0 0.0 0.0 0.0 0.0 1.0 0.0 0.0 0.0 0.0 1.0 0.0
1.0 0.0 0.0 0.0 0.0 1.0 0.0 0.0 0.0 0.0 1.0 0.0
0.9999763777708536 0.0004726305813443817 -0.006857151056865563 -0.00971645061064717 -0.0004729290434783862 0.9999998872910705 -4.19042490202214e-05 -0.0019029936250438233 0.006857130478773833 4.5146205038760795e-05 0.9999764885853153 0.10422458186551048
0.9998980614910385 0.0007117634933116687 -0.014260435448918673 -0.02107626207413065 -0.0007225355328336111 0.9999994575398506 -0.0007502415665145578 -0.0030927259506570424 0.01425989371864252 0.0007604687593334347 0.9998980333606017 0.21265755883549672
0.9997279301424952 0.0012075335212638023 -0.023293938177069158 -0.035772070306847134 -0.0012574772222796375 0.9999969419097687 -0.0021295356644522984 -0.004145132634835904 0.02329129545640482 0.002158247878662377 0.999726391330176 0.32718478835307735
0.9994018169686226 0.0012639863679369924 -0.034560245633923674 -0.053441617855182755 -0.0013918784513484205 0.9999922720758563 -0.0036767462441333644 -0.005264803252392799 0.034555331197836076 0.0037226505380906143 0.9993958529825799 0.45245535756500166
0.9988464905991975 0.0010392915423300373 -0.04800633386082445 -0.07508754520484912 -0.0012610799704123761 0.9999886710627437 -0.004589926304074222 -0.006255998275292169 0.048001019728492474 0.0046451716070182985 0.9988364853597239 0.5920757507977558
0.9979411917306598 0.0008635868362075896 -0.0641298063693186 -0.10218957210643262 -0.001158899559119096 0.9999888957144757 -0.004567865973953711 -0.007541019177009005 0.06412514950471336 0.004632781618041096 0.997931111117134 0.7442575740430488
0.9965789943307088 -0.000778886451654048 -0.08264200744589935 -0.13295247631788779 0.0004003492720622817 0.9999893539786212 -0.004596917432433588 -0.00995051442251485 0.08264470811402874 0.004548105684313237 0.9965686965560536 0.9086515018708363
0.9947387780380677 -0.002107068642199604 -0.10242228140921684 -0.16965874077105642 0.0016284132173983274 0.9999873607641909 -0.0047567407183576535 -0.013444578799612989 0.1024310096490567 0.004564928652820146 0.9947296364785105 1.0824215566809634
0.992207276024496 -0.002353040035382547 -0.12457601938832821 -0.2162939297052594 0.001732370192876119 0.9999855435038268 -0.005090351350462534 -0.018610896329627508 0.12458619625610244 0.0048348718647145406 0.9921970085202272 1.2630066320342153
0.9889162801964175 0.0012037022507234167 -0.1484693297060763 -0.2771829791414555 -0.0021977415729062403 0.999976255259505 -0.006531374216515486 -0.023666714275637647 0.1484579425105262 0.006785279512963859 0.988895444062451 1.447648413153904
0.9847729910056258 0.005365605820078685 -0.17376238505504302 -0.3456129077442046 -0.006871943745332183 0.9999438363490903 -0.008068490355968254 -0.03014195330619346 0.17370933358629437 0.009139716715899929 0.9847545547004891 1.6348772877271944
0.9796372096480234 0.008082466187457843 -0.20061308834012684 -0.4202139999391255 -0.010093753255669139 0.9999085102803857 -0.009004843922765326 -0.036500611836655636 0.20052195295839464 0.010846419187376798 0.9796291653337823 1.8283617091644901
0.9731768026233601 0.008691329340131669 -0.2298942618467786 -0.4966113961617617 -0.011104901515050737 0.9998959519027854 -0.00920687410381507 -0.04110510227147518 0.22979032181124365 0.011512869439190342 0.9731720617851506 2.0216617096370655
0.9654020103634658 0.010529556247972569 -0.26055342414061616 -0.5840931131207658 -0.01325378445781815 0.9998743096028372 -0.008700700764586351 -0.04567603631505946 0.2604290605591565 0.01185299293300882 0.9654202250703083 2.220304918950362
0.9562055126123835 0.012187238862482097 -0.2924422829527192 -0.6787082029006134 -0.015087843757406707 0.9998567917063669 -0.00766505377687979 -0.050390741662903436 0.29230698695111895 0.01174169014917278 0.956252455208351 2.4161397760901195
0.9451371744812579 0.014334532425260749 -0.3263590700344236 -0.7780600598114336 -0.017415305568488137 0.9998270846588051 -0.006519809401370555 -0.055238602850462656 0.3262091791252063 0.011845757165464817 0.9452233860266238 2.6087847511128857
0.9328794431419296 0.01664768507144467 -0.35980383425550916 -0.8901365813179246 -0.020183463415005945 0.9997778542583975 -0.006072062174346475 -0.059104122413779464 0.3596228195871045 0.012926589505202441 0.933008215888791 2.801993818386612
0.9192280019190667 0.01929996777858042 -0.3932523257803142 -1.0110260930247326 -0.023305878452532437 0.9997137226423686 -0.005413759330890546 -0.06113512957346852 0.39303526116296045 0.014141570078416913 0.9194146504588018 2.992172526326925
0.9033744702619557 0.019897035568756997 -0.42839079641666766 -1.1377967447512554 -0.024273644897848543 0.9996940405442142 -0.004755571864239099 -0.06191760689121405 0.4281651044192 0.014694668283374379 0.9035810478765793 3.183042531401534
0.8851640260634528 0.015337766767156343 -0.4650262356832523 -1.2705433735554825 -0.0202332737554747 0.9997799476791227 -0.00553812710819176 -0.06284626084858864 0.4648389630789091 0.014311154017995311 0.8852795768989581 3.375719504284721
0.8641550454482411 0.010439641812809979 -0.5031173534128685 -1.4141439279241257 -0.015600236438934153 0.9998600174962508 -0.006047977798099553 -0.06621219110604833 0.5029837870641541 0.013075140198758217 0.8641969397419694 3.5684115856645073
0.8395102582571287 0.011870450067410802 -0.5432141554637976 -1.5850629404187577 -0.016160346543342644 0.999864527364053 -0.003125718902568456 -0.06864253086318113 0.5431034611201155 0.011402602082678613 0.839588358176253 3.761252445076975
0.8106974442826204 0.017635434434312303 -0.5851996627527575 -1.5850629404187577 -0.021338698932697242 0.9997721428924042 0.0005676479453417197 -0.06864253086318113 0.5850763315683585 0.012027208680457023 0.8108890383337719 3.761252445076975
0.7789035625410938 0.020690577296563387 -0.6268023135502354 -1.5850629404187577 -0.024469217588331565 0.9996972216395207 0.002592766252156673 -0.06864253086318113 0.626666177203946 0.013317847324489903 0.7791740096353538 3.761252445076975
0.7463536740318086 0.019644666050242426 -0.6652595586348201 -1.5850629404187577 -0.02385595268471967 0.9997116050561791 0.0027568528257965147 -0.06864253086318113 0.6651218585948936 0.013812813318551775 0.746607071629717 3.761252445076975
0.7092286185418643 0.015840214842567032 -0.7048005776352204 -1.5850629404187577 -0.018373838979192172 0.9998232592347949 0.003981498999002704 -0.06864253086318113 0.7047390784413515 0.010126099291122929 0.7093943144900307 3.761252445076975
0.6677786893576833 0.011982334360572644 -0.744263424939723 -1.5850629404187577 -0.013093644805938963 0.9999048125055517 0.004349987808448433 -0.06864253086318113 0.7442447033774784 0.006840291770764927 0.6678720176074603 3.761252445076975
0.623357409687989 0.01133207341323206 -0.7818549250975132 -1.5850629404187577 -0.010602159534709037 0.9999255543749552 0.006039861019866687 -0.06864253086318113 0.7818651635674022 0.004524358528664199 0.6234311479061845 3.761252445076975
0.5762143612296605 0.011891217825224907 -0.8172120953897631 -1.5850629404187577 -0.00841724814108078 0.9999274639212846 0.008614919017601457 -0.06864253086318113 0.8172552599074692 0.0019146369320169534 0.5762726562305317 3.761252445076975
0.5258049501190034 0.012765483452347067 -0.8505093749410292 -1.5850629404187577 -0.006559026384779865 0.9999185015767805 0.010953053333645773 -0.06864253086318113 0.850579880789121 -0.00018065623100689264 0.5258458269874261 3.761252445076975
0.47322547241048013 0.014198771270011104 -0.8808269110082299 -1.913789495171628 -0.005684817539865042 0.9998985021236172 0.013064007826279487 -0.06475531229982706 0.8809230018062962 -0.0011748810018799248 0.47325815845394054 3.8845135874555323
0.4191982675934633 0.0162348798302307 -0.9077495475755069 -2.260814248738369 -0.0048225607983305215 0.9998658182287832 0.01565530086049684 -0.05889502115139094 0.9078819060615676 -0.0021849976165341624 0.41922031252246145 3.990707292543346
0.3642469860361462 0.01816944461564543 -0.9311251282432147 -2.6303129614846847 -0.0046395724326443784 0.9998326629689687 0.01769520918281596 -0.05272252288555397 0.9312908286519443 -0.00212540413577951 0.36427033248129603 4.08371184457991
0.3095159269621967 0.02115584067632701 -0.9506588880150495 -3.0107020269888234 -0.002310081824448918 0.9997662535629985 0.02149655224847587 -0.05014284289743859 0.9508914525216302 -0.00445742547722326 0.3094924504401015 4.1645693390247995
0.2560075649052431 0.022958614309640978 -0.9664021050992542 -3.4175511521625768 0.0022088864419435917 0.9997014233545489 0.024334850802435117 -0.048054120869464034 0.9666722544544111 -0.008364578403682646 0.25588041405342943 4.237327088311436
0.20528864138947742 0.023284217448922083 -0.9784244574489411 -3.824628882492256 0.00487773390828979 0.9996801983555359 0.024813478751628804 -0.043999914230898815 0.9786893181333808 -0.009866419493866624 0.20510941552739295 4.287114522982924
0.15794805884202537 0.024318455346650548 -0.9871479237873065 -4.261976626752825 0.002775403683328625 0.999681812766463 0.025071305477654397 -0.03596712693700311 0.9874435213430842 -0.006699698016499787 0.15783030825559832 4.316991331528054
0.11568743316651847 0.024499425752664356 -0.9929834822116292 -4.261976626752825 0.0006847769900596483 0.9996935670044248 0.024744760464479723 -0.03596712693700311 0.993285431730384 -0.0035426300625809974 0.11563520607679821 4.316991331528054
0.0779627709548011 0.023050440141645208 -0.9966897629424747 -4.261976626752825 -0.0011861072983275153 0.9997341152802512 0.023028067532709844 -0.03596712693700311 0.9969555654564173 -0.0006131509525871641 0.07796938214057718 4.316991331528054
0.04329224838072692 0.02032105230517939 -0.9988557633929698 -4.261976626752825 0.00026730785776909154 0.9997928469246657 0.020351702257610696 -0.03596712693700311 0.9990624153558421 -0.0011480729434358557 0.04327784828137804 4.316991331528054
0.01156338345580196 0.017574665641078232 -0.9997786851551994 -4.261976626752825 0.0012139603927277935 0.9998445494092291 0.017589864036471455 -0.03596712693700311 0.9999324049470634 -0.0014170900680569984 0.01154025097300943 4.316991331528054
-0.015024675492350557 0.015891099734418487 -0.9997608374384254 -4.261976626752825 0.0010008698255434682 0.9998734380895997 0.01587784816897841 -0.03596712693700311 0.9998866222657151 -0.000762070938692395 -0.015038678862935285 4.316991331528054
-0.035746360801379454 0.013560637635220467 -0.9992688861344504 -4.261976626752825 0.00022622895523520368 0.9999080168600034 0.013561218218005062 -0.03596712693700311 0.9993608690107473 0.0002587006432218726 -0.035746140547753165 4.316991331528054
-0.05197252262203693 0.012742797472385176 -0.99856721256252 -4.261976626752825 0.0010934969390180179 0.9999187140630458 0.01270313075391311 -0.03596712693700311 0.9986479165134952 -0.0004317164398583483 -0.0519822321968694 4.316991331528054
-0.06511991254597337 0.013215310688291829 -0.9977899340810259 -4.261976626752825 0.001864034837470405 0.9999121684827289 0.013121764145638575 -0.03596712693700311 0.9978757048671583 -0.001005427063986428 -0.06513882676475989 4.316991331528054
-0.07474876862243102 0.01429805312984215 -0.9970998883091542 -4.261976626752825 0.00079082725474524 0.9998977387461946 0.014278887999536357 -0.03596712693700311 0.9972020839236556 0.00027879552788998474 -0.07475243200973455 4.316991331528054
-0.08136859371647606 0.015774927759667948 -0.9965592323644298 -4.261976626752825 -0.0012512703402569846 0.999872333924973 0.015929537782554418 -0.03596712693700311 0.9966832928664636 0.0025431290976917114 -0.08133846700825881 4.316991331528054
-0.08596034758923182 0.016924723280759734 -0.9961547933851491 -4.261976626752825 -0.0009704512078683456 0.9998538035789718 0.0170713119917305 -0.03596712693700311 0.996298086351063 0.002434175535083238 -0.0859313558759116 4.316991331528054
-0.08739348438732768 0.017779233298893585 -0.9960151995576906 -4.261976626752825 0.0012167506513901805 0.99984187963057 0.0177407794266078 -0.03596712693700311 0.9961731267227062 0.0003385263869871995 -0.08740129859098635 4.316991331528054
-0.0865243618258271 0.02004165378928248 -0.9960481248032267 -4.261976626752825 0.0034067301038222656 0.9997977373343402 0.019821165736061238 -0.03596712693700311 0.9962439103957581 -0.001678253415661969 -0.08657513768305213 4.316991331528054
-0.0847790477859556 0.022571755661247087 -0.9961440803934318 -4.261976626752825 0.0025881150574328963 0.9997449967324243 0.022433082020468374 -0.03596712693700311 0.9963964144440476 -0.0006762801612350299 -0.08481584715244592 4.316991331528054
-0.0830000920305017 0.02264222623551295 -0.9962922835764757 -4.261976626752825 0.00012860267386761016 0.999742088364743 0.022709914430865473 -0.03596712693700311 0.9965495312247551 0.0017567991361493438 -0.08298159719187394 4.316991331528054
-0.08143737344903217 0.020174786439283107 -0.9964742506446681 -4.261976626752825 -0.0015603931613903897 0.9997913031964168 0.020369467985069552 -0.03596712693700311 0.9966772393201839 0.0032137275774702587 -0.08138889713070692 4.316991331528054
-0.08031205847676384 0.020015874882059345 -0.9965687823807904 -4.261976626752825 -0.0013891596921012655 0.9997951430608952 0.020192626059939045 -0.03596712693700311 0.9967688014271779 0.0030061045478190157 -0.08026780074770094 4.316991331528054
-0.07878353563131978 0.022746944941649107 -0.9966321944475057 -4.261976626752825 -0.001424705185859993 0.9997360484365264 0.02293040932157699 -0.03596712693700311 0.9968907285798981 0.003226445775655572 -0.07873033290349123 4.316991331528054
-0.07696182525829257 0.02629141607815122 -0.9966873325639881 -4.261976626752825 -0.0023939811428722595 0.9996445063380307 0.02655428030441274 -0.03596712693700311 0.9970311661664332 0.004429716560149756 -0.07687152466288946 4.316991331528054
-0.07530542237636481 0.02849634343986933 -0.996753255209771 -4.261976626752825 -0.003491461248432011 0.9995779175761637 0.0288408805769434 -0.03596712693700311 0.9971544028178714 0.005652000058370376 -0.07517414340231819 4.316991331528054
-0.07347488986190749 0.02778244298963607 -0.9969100142045465 -4.261976626752825 -0.005510644155166346 0.9995853276259623 0.0282631490796057 -0.03596712693700311 0.9972818424902626 0.007570248108781593 -0.07329132269781957 4.316991331528054
-0.07179677533595796 0.024772650340263946 -0.9971115979901537 -4.261976626752825 -0.007910117020303597 0.9996459407441294 0.025405180623480707 -0.03596712693700311 0.9973879150561638 0.009711279468001092 -0.07157540046001443 4.316991331528054
-0.07066259626060999 0.024444972506554117 -0.997200702370824 -4.261976626752825 -0.008503127318704003 0.9996485929182641 0.025107518840743078 -0.03596712693700311 0.9974640315898664 0.010253487001512922 -0.07042990621034502 4.316991331528054
-0.0694682463112991 0.026643627293580645 -0.9972282987756987 -4.261976626752825 -0.006073416132970017 0.9996134518393384 0.02713043527700733 -0.03596712693700311 0.9975656752168784 0.00794128619839824 -0.06927957565261772 4.316991331528054
-0.06831255850195021 0.02894988165735692 -0.9972438511732942 -4.261976626752825 -0.003725694379582004 0.9995645261570499 0.0292724657284775 -0.03596712693700311 0.9976570119797209 0.00571510283896495 -0.06817495175819757 4.316991331528054
-0.0668901889120562 0.030507171833907352 -0.9972938459120292 -4.261976626752825 -0.002624935104420031 0.9995236158792783 0.03075143923970457 -0.03596712693700311 0.9977568904011661 0.004674801205621256 -0.06677824414194332 4.316991331528054
-0.06628741725132828 0.025882727775672795 -0.9974648177840856 -4.261976626752825 -0.0022351126195201713 0.9996571475276251 0.026088151879970094 -0.03596712693700311 0.9977980670384783 0.003958762410743547 -0.06620683963495763 4.316991331528054
-0.06594738057304876 0.01885535778313071 -0.9976449360761691 -4.261976626752825 -0.0014304239467617177 0.9998186315368621 0.01899099573720486 -0.03596712693700311 0.9978220767666365 0.0026794616302746946 -0.06590844864268888 4.316991331528054
-0.06576608870896145 0.01424425971783907 -0.9977333925658778 -4.261976626752825 0.0014604956171697502 0.9998984077199002 0.014178899525771938 -0.03596712693700311 0.9978339984829516 -0.0005246944829358327 -0.0657802110609444 4.316991331528054
-0.06622869078666041 0.01491046220945119 -0.997693058326751 -4.261976626752825 0.0023089606220680512 0.9998879561448909 0.014789991793121814 -0.03596712693700311 0.9978017985639874 -0.0013241121913799465 -0.06625569793892468 4.316991331528054
-0.06621638180704448 0.022376519227904065 -0.9975543504830339 -4.261976626752825 0.0013997148046759535 0.9997496109424172 0.02233285066786453 -0.03596712693700311 0.9978043052517097 8.250897382621841e-05 -0.06623112269484804 4.316991331528054
-0.06646140651122055 0.029795737099012367 -0.9973440206344436 -4.261976626752825 7.539855554983156e-05 0.9995541852751685 0.029856741516015924 -0.03596712693700311 0.9977889936051635 0.0019091227364572746 -0.06643402359310403 4.316991331528054
-0.06664254497934329 0.03514407358847575 -0.9971577935764653 -4.261976626752825 -0.001997945780911942 0.9993727958060267 0.035355667374619947 -0.03596712693700311 0.9977749142022612 0.004348458859870413 -0.0665305305420854 4.316991331528054
-0.06704327978305576 0.035556957948014785 -0.9971162928051144 -4.261976626752825 -0.0032197160452442377 0.9993518820303747 0.0358531631929266 -0.03596712693700311 0.9977448732338922 0.005614144977973299 -0.06688534452066082 4.316991331528054
-0.06775174816501589 0.032257096678019445 -0.9971806157033387 -4.261976626752825 -0.0032143713347283377 0.9994649594990404 0.032549386330720464 -0.03596712693700311 0.9976970323888427 0.005410586612271681 -0.06761181194883377 4.316991331528054
-0.06804650969944469 0.029739649776580723 -0.9972388007638342 -4.261976626752825 -0.0034105412142384876 0.9995428463953001 0.03004107901873894 -0.03596712693700311 0.9976763206202431 0.005445314605276018 -0.06791397369098867 4.316991331528054
-0.06828573377765576 0.031159355078728836 -0.9971790978322427 -4.261976626752825 -0.004985902990832909 0.9994890138244529 0.03157296336411514 -0.03596712693700311 0.9976533462750526 0.0071278212171342805 -0.06809548319002919 4.316991331528054
-0.06807114952826757 0.033594156945527566 -0.9971147131704657 -4.261976626752825 -0.00581135073493691 0.9994026223902944 0.03406796973758424 -0.03596712693700311 0.9976635438886866 0.00811362918333457 -0.06783525791901782 4.316991331528054
-0.06792502514408645 0.03224289180494682 -0.9971692869755018 -4.261976626752825 -0.006226749596786137 0.9994444856656141 0.03274061181559205 -0.03596712693700311 0.9976709971471709 0.00843303033641156 -0.06768652340541012 4.316991331528054
-0.0673904950802068 0.027120494980805186 -0.9973580099065941 -4.261976626752825 -0.007641987422212271 0.9995871398161288 0.027697471770070124 -0.03596712693700311 0.9976974096393552 0.009488343702206447 -0.06715541774648974 4.316991331528054
-0.06707056037740262 0.022728996633907858 -0.9974893145506263 -4.261976626752825 -0.00895284895944127 0.9996865374390635 0.02338104699558326 -0.03596712693700311 0.9977080667340354 0.010498551096035022 -0.06684604699392067 4.316991331528054
-0.06654362561537952 0.0235155230361015 -0.9975063739477057 -4.261976626752825 -0.008667588342070999 0.9996708974686435 0.024144764786065056 -0.03596712693700311 0.9977458688475179 0.010252654806468392 -0.06631790306641885 4.316991331528054
-0.06601652798980452 0.02601181037229626 -0.9974794252280738 -4.261976626752825 -0.007864792215840294 0.9996155368612629 0.026588033191185006 -0.03596712693700311 0.997787534034961 0.009600218056356752 -0.06578656958450951 4.316991331528054
-0.06525739963455829 0.030603111715034534 -0.9973990782762404 -4.261976626752825 -0.007735451974285773 0.9994840641909011 0.031173196999947847 -0.03596712693700311 0.9978384812060936 0.009749614443717677 -0.06498700210434323 4.316991331528054
-0.06439418044559884 0.036128883544682903 -0.9972703210757632 -4.261976626752825 -0.006951206042425778 0.9993039355797527 0.03665139928268128 -0.03596712693700311 0.9979003308243213 0.009292368300789037 -0.06409821863411823 4.316991331528054
-0.06481015296890244 0.03944196064926029 -0.997117834467066 -4.261976626752825 -0.006976011803154513 0.999176255814256 0.03997680673005186 -0.03596712693700311 0.9978732280863456 0.009546808741763625 -0.0644816183991891 4.316991331528054
-0.06447642722890985 0.039304019177957394 -0.9971449164530978 -4.261976626752825 -0.0064619710622191556 0.9991866777371009 0.039802336146147484 -0.03596712693700311 0.9978983080764194 0.009009834025029095 -0.0641700056806563 4.316991331528054
-0.06432188218662595 0.03511034356325704 -0.9973113652449977 -4.261976626752825 -0.006523429710129971 0.9993447330903761 0.03560265873986195 -0.03596712693700311 0.9979078816888767 0.008795920611288074 -0.0640506943273317 4.316991331528054
-0.06399995445051676 0.0312866238641764 -0.9974593490451202 -4.261976626752825 -0.007651649470485438 0.9994636753471732 0.03184044475043696 -0.03596712693700311 0.9979205670246037 0.009669996313666523 -0.06372623541824239 4.316991331528054
-0.0638401637006564 0.02844758135997281 -0.9975545943022079 -4.261976626752825 -0.011751257595698133 0.9995028975509335 0.02925518299739969 -0.03596712693700311 0.9978909466688166 0.013590176675066724 -0.0634741337423973 4.316991331528054
-0.0644168778852389 0.026881931399872706 -0.9975609392953055 -4.261976626752825 -0.015481859894132654 0.9994898816809586 0.02793364336432122 -0.03596712693700311 0.9978029754704736 0.01724349679152154 -0.0639678353601586 4.316991331528054
-0.06508818276469393 0.025060988337086466 -0.9975647724974853 -4.261976626752825 -0.013201426717626846 0.9995754764306092 0.025972856045178003 -0.03596712693700311 0.9977921881819897 0.014859804241404392 -0.06472971049601907 4.316991331528054
-0.06628338286373242 0.021287857772945992 -0.9975737267328065 -4.261976626752825 -0.0096143587786645 0.9997123493157395 0.021972317376276196 -0.03596712693700311 0.997754517534954 0.011047431242036923 -0.0660596473010392 4.316991331528054
-0.06698875906194751 0.019569746108584838 -0.9975617931720258 -4.261976626752825 -0.005311395813793036 0.9997864700448365 0.019970062338378208 -0.03596712693700311 0.9977395928967855 0.006636215226694665 -0.06687051228767135 4.316991331528054
-0.069019055683828 0.023224007342236574 -0.9973449831605321 -4.261976626752825 -0.0050113887266524295 0.99970831025767 0.023625841462026585 -0.03596712693700311 0.9976027545749544 0.006628716672641838 -0.06888253900467806 4.316991331528054
-0.0703319868446128 0.029470033788636336 -0.9970882251511085 -4.261976626752825 -0.0025372760278445845 0.9995549859987103 0.02972191439799947 -0.03596712693700311 0.9975204127519599 0.004620289343760664 -0.07022591451545765 4.316991331528054
-0.07215851782976533 0.03302395752572788 -0.9968463103878912 -4.261976626752825 -0.0007342932601387769 0.9994496748853484 0.033163356057321486 -0.03596712693700311 0.9973929060896775 0.0031249961464710975 -0.07209455791573444 4.316991331528054
-0.07349704954589507 0.03197240582793776 -0.9967827992966287 -4.261976626752825 -0.0007661157988690492 0.999483869599572 0.03211553326435028 -0.03596712693700311 0.9972951402541895 0.003124047990106608 -0.07343462091905112 4.316991331528054
-0.0741734796345828 0.028445859140521643 -0.9968395698489586 -4.261976626752825 -0.0045747744562912845 0.9995728717610562 0.02886425952686495 -0.03596712693700311 0.9972348601796691 0.006701278767350249 -0.07401166465706793 4.316991331528054
-0.07547167696271462 0.025010595946731638 -0.9968342370057451 -4.261976626752825 -0.009686632217026725 0.9996198342500417 0.02581387476176637 -0.03596712693700311 0.9971008951619287 0.011604183052392698 -0.07520071677157796 4.316991331528054
-0.07675155093512419 0.023797826162848954 -0.9967662027270875 -4.261976626752825 -0.01369712743952041 0.9995956077706291 0.0249200647185402 -0.03596712693700311 0.9969561615883374 0.015565487322713142 -0.0763945513465989 4.316991331528054
-0.07775894013738459 0.02484996406854304 -0.9966624436159436 -4.261976626752825 -0.015000466823705507 0.9995469886405164 0.02609221138098386 -0.03596712693700311 0.9968593347226947 0.016979304622721944 -0.07735095339262169 4.316991331528054
-0.07871442574530686 0.02636831367755969 -0.9965484189006522 -4.261976626752825 -0.014964666362871757 0.9995062379471394 0.02762859144813583 -0.03596712693700311 0.9967848804733278 0.017087783313288984 -0.07828096653212603 4.316991331528054
-0.07949778688685441 0.025595232599730646 -0.996506390319831 -4.261976626752825 -0.01671777741669537 0.9994954769636403 0.027005692871593753 -0.03596712693700311 0.996694846880594 0.018806264844320752 -0.07902978302050065 4.316991331528054
-0.07991326547219105 0.025441876191058796 -0.9964770850036901 -4.261976626752825 -0.01767160660307667 0.9994809549026741 0.026935758888673198 -0.03596712693700311 0.9966451647008726 0.019761875485932688 -0.07942218805624496 4.316991331528054
-0.08033637421385496 0.027110093667911773 -0.9963990715569191 -4.261976626752825 -0.01607414237977094 0.9994648416152517 0.028489512487207297 -0.03596712693700311 0.9966381935912946 0.018305004679621557 -0.07985761002404833 4.316991331528054
-0.0803888672071168 0.029761826217843675 -0.99631915756415 -4.261976626752825 -0.015222157641119314 0.9994009151404032 0.031082096667991565 -0.03596712693700311 0.9966473378010384 0.017664781818872433 -0.0798876682435184 4.316991331528054
-0.08046715036518258 0.03387097631476504 -0.9961816072763007 -4.261976626752825 -0.01542401617727807 0.9992604978155726 0.03522154497380953 -0.03596712693700311 0.996637916917203 0.018199298581639763 -0.07988521824509487 4.316991331528054
-0.0809887832149107 0.03609209842138348 -0.9960613321602796 -4.261976626752825 -0.015610544871790226 0.9991756569525218 0.037474223705195556 -0.03596712693700311 0.996592759296477 0.01858405190055193 -0.08035860335262077 4.316991331528054
-0.08170576819485045 0.035855157370037305 -0.9960113328339495 -4.261976626752825 -0.015231476427553604 0.9991910429241357 0.03721910619586534 -0.03596712693700311 0.9965400993284306 0.01821173880089802 -0.08109354475124342 4.316991331528054
-0.08180016210584877 0.03393362620734241 -0.9960709023417352 -4.261976626752825 -0.014826466380719624 0.9992681814021169 0.0352601408387904 -0.03596712693700311 0.9965384635698264 0.01765249698287364 -0.08123718345777185 4.316991331528054
-0.08198730274985644 0.03053687451322006 -0.9961654388116307 -4.261976626752825 -0.014342115908647394 0.9993908327782088 0.03181614480331336 -0.03596712693700311 0.9965301731001718 0.01689564008395024 -0.08149939537866283 4.316991331528054
-0.08208211787089939 0.027873361621496878 -0.9962357159014863 -4.984009144512546 -0.014318900950057884 0.9994726680492887 0.029143693966675807 -0.03491106680547957 0.996522701698964 0.0166571766622722 -0.08163971744336175 4.265979908721177
-0.08115273281023666 0.025650163469890484 -0.9963715687791379 -5.708725167771274 -0.014545062257881087 0.9995318703412011 0.026916190966388993 -0.03404032392798842 0.9965955423948759 0.016676608953642556 -0.08074165958452233 4.215519258825058
-0.07858103534033191 0.025058936586260676 -0.996592730548447 -5.708725167771274 -0.016846463781860232 0.9995078962083699 0.026460575866174233 -0.03404032392798842 0.9967653773796918 0.01886836278771748 -0.0781202108472795 4.215519258825058
-0.0744485437977183 0.025986563710721923 -0.9968862085679137 -5.708725167771274 -0.017389671202636684 0.9994745760935675 0.027352716100097048 -0.03404032392798842 0.9970732238215279 0.019371893276006358 -0.07395752895439324 4.215519258825058
-0.06857909389223582 0.027478261687412825 -0.9972671923890609 -5.708725167771274 -0.016656849409476735 0.9994497419358425 0.028683840609861837 -0.03404032392798842 0.9975066201527995 0.018578441243012674 -0.0680836564258288 4.215519258825058
-0.06154263999990763 0.028926099909324675 -0.9976852129834739 -5.708725167771274 -0.015734664354783368 0.9994276284418261 0.02994721764694428 -0.03404032392798842 0.9979804225532065 0.01754127279267226 -0.06105227226999186 4.215519258825058
-0.05274990159336292 0.03029342331310474 -0.9981481635438025 -5.708725167771274 -0.016890478174841073 0.9993697156013015 0.031223121016369964 -0.03404032392798842 0.9984649015508299 0.01850621633264744 -0.05220498374804584 4.215519258825058
-0.04114523659345121 0.032114626112090254 -0.9986369311693573 -5.708725167771274 -0.018862813312616165 0.9992802221762761 0.03291248761897617 -0.03404032392798842 0.9989751066866456 0.02019129408969527 -0.040509848967643924 4.215519258825058
-0.02620096533874961 0.033441663947768846 -0.9990971747171163 -5.708725167771274 -0.021639843982382986 0.999187114277935 0.034012171547141125 -0.03404032392798842 0.9994224464998424 0.022511458711922727 -0.02545599455778186 4.215519258825058
-0.007743641202885441 0.034845358141035315 -0.9993627154526759 -5.708725167771274 -0.02331229806471721 0.9991147691606242 0.03501735004329913 -0.03404032392798842 0.9996982408606394 0.023568603292011575 -0.006924460917729464 4.215519258825058
0.013982198978241758 0.03572970390050424 -0.9992636720960676 -6.297843266299402 -0.024087899346909303 0.9990833746215804 0.03538620719728359 -0.030090637185400223 0.9996120603598079 0.023575385764357817 0.014830036051060804 4.239410304770618
0.03901344731157377 0.03615531592746476 -0.9985843700254149 -6.8614256735754635 -0.023232570254472337 0.9991078592702689 0.03526660210103089 -0.02812742962431021 0.9989685673774887 0.021823809808709124 0.039818622743575664 4.28415805721794
0.06779979160311168 0.03575133183039463 -0.9970581881369462 -7.39795716086251 -0.021610187474988735 0.9991759318927528 0.034357778210260946 -0.025051667335525506 0.9974648806127785 0.019217164166512864 0.0685165129405071 4.349297082994508
0.10173785788244194 0.03571365377562778 -0.9941699770197694 -7.39795716086251 -0.02014574453176571 0.999224416777187 0.033833620757345674 -0.025051667335525506 0.9946072376826678 0.01658613427793486 0.10237842985200116 4.349297082994508
0.1390320501883084 0.03602446543211822 -0.9896324200988807 -7.889475821781448 -0.019456020008934094 0.9992445872832055 0.033641017681233995 -0.021874717489835868 0.9900967388623404 0.01457712850829309 0.13962791632981042 4.444435155443065
0.17937686493648203 0.03570422267390166 -0.9831323150058762 -7.889475821781448 -0.019210367809769008 0.9992777737036205 0.03278555704194269 -0.021874717489835868 0.9835928538242671 0.013005362939555145 0.179933205497588 4.444435155443065
0.22422551884760003 0.036553762104588265 -0.9738514974951404 -7.889475821781448 -0.018157673910133752 0.9992795295741901 0.03332747593442716 -0.021874717489835868 0.9743681109189135 0.010210007345136975 0.2247277022850396 4.444435155443065
0.27225043289532486 0.035203178550043804 -0.9615822575361319 -7.889475821781448 -0.014622120735188152 0.9993665077739781 0.03244652099763452 -0.021874717489835868 0.9621153233233057 0.005226792478957725 0.2725927094895729 4.444435155443065
0.3217482651513519 0.030357672519749655 -0.9463384519247229 -7.889475821781448 -0.0064867296310948735 0.9995330821887153 0.029858666229784222 -0.021874717489835868 0.9468030292572918 -0.0034683323820192007 0.32179495716946477 4.444435155443065
0.3718311182496414 0.025059989324390436 -0.9279620770464085 -7.889475821781448 -0.0007850073342550353 0.9996436843756996 0.02668123031764953 -0.021874717489835868 0.9283000610065167 -0.009192454668893171 0.3717183012880207 4.444435155443065
0.42318172674293697 0.020068777343656585 -0.9058225379878772 -7.889475821781448 0.004543690011316463 0.9996950836466602 0.024271271367197138 -0.021874717489835868 0.906033432623733 -0.014386935345294968 0.42296150541085925 4.444435155443065
0.4747707057197923 0.019467974964613548 -0.8798941839454956 -7.889475821781448 0.00403455219554885 0.9996966771038857 0.02429559993151915 -0.021874717489835868 0.8801002780245609 -0.015084818137058123 0.4745481523332032 4.444435155443065
0.5222587890900354 0.018137297949630975 -0.8525941564667789 -7.889475821781448 0.005604355832745991 0.9996792186075377 0.024699212131651615 -0.021874717489835868 0.8527686370956121 -0.01767762165311156 0.5219896103168876 4.444435155443065
0.5668026541153663 0.01420608719488247 -0.8237311080531011 -7.889475821781448 0.012995921754163099 0.99957273819897 0.026181044042867002 -0.021874717489835868 0.823751089410833 -0.025544630277733828 0.5663758597949193 4.444435155443065
0.6097784795083784 0.007674449820724233 -0.7925347366194121 -7.889475821781448 0.02348916273285373 0.9993388895269285 0.02774965068603652 -0.021874717489835868 0.7922237469064891 -0.035537117202110925 0.6091950821685942 4.444435155443065
0.6514280925934769 0.0030903937891364214 -0.7587040856923427 -7.889475821781448 0.02467792986762002 0.9993762882986645 0.025259338151185886 -0.021874717489835868 0.7583089343779819 -0.03517788868899125 0.6509455247483524 4.444435155443065
0.6921041183296689 -0.001136076968139837 -0.7217967849195752 -7.889475821781448 0.021303662063184087 0.9995952589869045 0.018853970234508848 -0.021874717489835868 0.721483224596253 -0.028425825230386125 0.6918481980074516 4.444435155443065
0.7317736689204141 -0.009013534265388647 -0.6814881170459276 -7.889475821781448 0.018848577758068603 0.9997977344041934 0.007015796230123349 -0.021874717489835868 0.6812870383261759 -0.01797905671305335 0.7317955485847464 4.444435155443065
0.7704636814166629 -0.011274607040993563 -0.6373841846594208 -7.889475821781448 0.014025539472018098 0.9999013684704807 -0.0007331939590547946 -0.021874717489835868 0.6373295849561667 -0.008374757723893074 0.7705458218514065 4.444435155443065
0.8066532757436404 -0.012766029062792034 -0.5908870630112177 -7.889475821781448 0.013063113507419724 0.9999075680770545 -0.003769664139631369 -0.021874717489835868 0.5908805698257006 -0.004678012847492272 0.8067454793168952 4.444435155443065
0.8399594667489312 -0.014217920592983373 -0.5424628512191991 -7.889475821781448 0.013490659527524972 0.9998948549529837 -0.005318001886651467 -0.021874717489835868 0.5424814248657384 -0.002851275603245008 0.8400629582972133 4.444435155443065
0.8700042689767965 -0.013137394425713931 -0.49286913154492973 -7.889475821781448 0.010811470942499343 0.9999129120132202 -0.007568387232724693 -0.021874717489835868 0.492925637452758 0.001255888907589509 0.8700705366146109 4.444435155443065
0.8954035419196642 -0.011612360352342326 -0.4451040891800111 -7.889475821781448 0.009981299674178901 0.9999321352000217 -0.006008215304278792 -0.021874717489835868 0.4451436518412149 0.0009370599637615369 0.895458681985989 4.444435155443065
0.9159061341621337 -0.005590048703602848 -0.4013535906898879 -7.889475821781448 0.003943074907390914 0.9999800761629587 -0.004929445952738512 -0.021874717489835868 0.40137315002930674 0.0029323425136958577 0.9159099277783417 4.444435155443065
0.9330231522692246 -0.0011578792848466997 -0.3598144753135426 -7.889475821781448 -0.001298594164689687 0.9999774737527969 -0.006585259309437718 -0.021874717489835868 0.35981399497906236 0.006611452377417445 0.9330006311437635 4.444435155443065
0.9462735291451307 0.004458939943025155 -0.3233365520534337 -7.889475821781448 -0.006429185387691282 0.9999667036523697 -0.005025650392473152 -0.021874717489835868 0.3233033770539186 0.00683443056890616 0.946270689044273 4.444435155443065
0.9560414522067076 0.005114220893787566 -0.2931869478799113 -7.889475821781448 -0.006266737614938114 0.999975888207782 -0.0029918226427566278 -0.021874717489835868 0.2931645777752714 0.004697632138616453 0.9560504498143022 4.444435155443065
0.9631206564166755 0.004439050603305595 -0.26903326190873095 -7.889475821781448 -0.0050115048529027475 0.9999864039873764 -0.0014410619374527385 -0.021874717489835868 0.2690232071822417 0.0027361780167869604 0.9631298081397095 4.444435155443065
0.9687284799971844 0.004405423490291625 -0.24808410728262115 -7.889475821781448 -0.004411675468988066 0.9999901276767718 0.0005307245540803111 -0.021874717489835868 0.24808399618254254 0.0005803385797760099 0.968738351695248 4.444435155443065
0.97324343399812 0.006943276286324131 -0.22967152434282795 -7.889475821781448 -0.006391200801206382 0.9999746223739584 0.00314756419797604 -0.021874717489835868 0.2296875502326252 -0.0015954693583706922 0.9732631112631644 4.444435155443065
0.9766663839028689 0.011596095143976531 -0.2144488403594334 -7.889475821781448 -0.010863185740030085 0.9999304321437976 0.004595875139558448 -0.021874717489835868 0.21448721581873173 -0.0021590391688601236 0.9767244098517192 4.444435155443065
0.9794332304978687 0.015265547661467536 -0.20119023348836704 -7.889475821781448 -0.014374758551263522 0.9998793421499275 0.005887907813787451 -0.021874717489835868 0.20125584044469552 -0.0028747515416609392 0.9795344927517694 4.444435155443065
0.9820533457940269 0.013473252362904295 -0.18812149660664076 -7.889475821781448 -0.012661568802903792 0.9999046260343061 0.005515751140712126 -0.021874717489835868 0.18817786982056608 -0.0030348485897103146 0.9821302759837031 4.444435155443065
0.9846062836607782 0.013147605018316473 -0.1742917285989013 -7.889475821781448 -0.01247530490731946 0.9999099163446313 0.004952369447493256 -0.021874717489835868 0.17434113956028818 -0.0027017916199133934 0.9846816071090473 4.444435155443065
0.9870641339434235 0.013922801405563689 -0.15972022753408588 -7.889475821781448 -0.013187949603792768 0.9998970159239009 0.005659993968965969 -0.021874717489835868 0.1597825818660048 -0.0034803947336734943 0.9871460952588146 4.444435155443065
0.9892026305474831 0.016090255809037602 -0.14566831977454417 -7.889475821781448 -0.015327684300571404 0.9998623227653823 0.006355911279937026 -0.021874717489835868 0.1457505328014993 -0.004054526139538132 0.9893130662261851 4.444435155443065
0.9909167325592277 0.01594922265193511 -0.13352771783769224 -7.9835420390459095 -0.01560191867405812 0.9998716315937372 0.0036469806372276077 -0.03137882581905786 0.1335687436035513 -0.0015305655423090098 0.9910383686322558 5.211149656128286
0.9923098486646706 0.01630510621237881 -0.1227000723492084 -7.9835420390459095 -0.016629550797302783 0.9998604062477057 -0.0016205117878696723 -0.03137882581905786 0.12265652156888222 0.0036484968929472255 0.9924424750014673 5.211149656128286
0.9934637406640006 0.014880311558732994 -0.11317407969056477 -7.9835420390459095 -0.015836622915788433 0.9998460458319737 -0.007555528359476761 -0.03137882581905786 0.1130442274533035 0.009298438690602727 0.9935464466633637 5.211149656128286
0.9943050879573545 0.014696788584278971 -0.10555281364049941 -7.9835420390459095 -0.01562509418905663 0.9998461311930221 -0.007973102904763467 -0.03137882581905786 0.1054193933472389 0.009576969440069943 0.994381734125601 5.211149656128286
0.9949598657466052 0.016588618063267304 -0.09889228131784437 -7.9835420390459095 -0.01688445846385814 0.9998551243511672 -0.002155312296431606 -0.03137882581905786 0.09884220058193087 0.0038141918494102585 0.9950958101231512 5.211149656128286
0.9953820878488757 0.021069646833518956 -0.09365131697911687 -7.9835420390459095 -0.020580390746206472 0.9997690570820021 0.006187084781929875 -0.03137882581905786 0.0937600485619832 -0.004231132670604936 0.9955858329697 5.211149656128286
0.9957789646853895 0.021546780537989686 -0.08921877458551415 -7.9835420390459095 -0.020735433566551737 0.999734876784115 0.01001089088236268 -0.03137882581905786 0.08941082308591031 -0.008118644585107044 0.9959617424003766 5.211149656128286
0.9960756044537957 0.020187729404927655 -0.08617334734985026 -7.9835420390459095 -0.019492294108637103 0.9997703575026815 0.008904084980716242 -0.03137882581905786 0.0863333115453513 -0.007189425598402497 0.9962403683234139 5.211149656128286
0.9963458548245024 0.018931509271494222 -0.08328586633237357 -7.9835420390459095 -0.018344908291697083 0.999801269575376 0.007802928631998631 -0.03137882581905786 0.08341703611253327 -0.0062465440181179565 0.9964951473911065 5.211149656128286
0.9966127549567956 0.01712154599035846 -0.08043549788696977 -7.9835420390459095 -0.016385258502401544 0.9998176764261693 0.009804958418364379 -0.03137882581905786 0.08058870864602538 -0.008453790195912145 0.9967115899145962 5.211149656128286
