1.0 0.0 0.0 0.0 0.0 1.0 0.0 0.0 0.0 0.0 1.0 0.0
1.0 0.0 0.0 0.0 0.0 1.0 0.0 0.0 0.0 0.0 1.0 0.0
0.9997561519387121 0.002826001215403574 0.02190092184884515 0.011518219027746933 -0.0028369458598775073 0.9999958660296655 0.00046868088028687146 -0.0007593573042908687 -0.021899506818346605 -0.0005306983229294424 0.9997600361888864 0.14371019716564748
0.998759738093781 0.004318167425915487 0.04960180433133083 0.03387033603550983 -0.004417272146238728 0.9999884604576789 0.0018885598394945734 -0.001637658664667807 -0.04959307683162975 -0.0021053221993440102 0.9987672873842081 0.3030639054023466
0.9964268943534232 0.003868562062544597 0.0843710758302855 0.07009823245091386 -0.004235380260437167 0.9999823398444226 0.004169119010453955 -0.0015396487331730839 -0.08435345732832202 -0.0045115658968998985 0.9964256821308438 0.4795762560471145
0.9924216761727159 0.00044427796109899615 0.12287806671505701 0.12680519705655924 -0.0012040622538338004 0.9999806146892602 0.006109049007697279 0.00033265733300987346 -0.12287297056971323 -0.006210705497995876 0.9924029727084619 0.6693504675522796
0.9866336785634504 -0.0027355107627174673 0.16293097098225667 0.19670478501416844 0.001720330934195733 0.999978221984768 0.006371500424455428 0.004211202973104697 -0.16294485197707465 -0.006006041712229724 0.9866168976239565 0.8752611651261526
0.9782867040821738 -0.002824065047944107 0.20723693993263548 0.2760903404336983 0.0013310706213123442 0.9999721511897781 0.007343370880514637 0.01174465893055504 -0.20725190678746214 -0.006908075093156675 0.9782632189914272 1.0983066052585155
0.9667133749530482 -0.002856330104296637 0.25584583652118076 0.3693659361165673 0.0003575327626933226 0.9999517895287994 0.009812786988186994 0.02435775946247501 -0.25586153063172873 -0.009394679158290606 0.9666677904773194 1.3408538467948372
0.9527182874813621 -0.006886227286649524 0.3037769651773116 0.4887893927268688 0.0018559433568264823 0.9998563946148024 0.0168447505812778 0.028624819281768885 -0.3038493379503026 -0.015484509086367918 0.95259425245249 1.583656726323762
0.9363100780723704 -0.0161981411940632 0.35080059566934796 0.4887893927268688 0.007960797188442668 0.999657973078988 0.024911093266535112 0.028624819281768885 -0.35108412582775156 -0.020531855285549037 0.936118784936131 1.583656726323762
0.9155659736014298 -0.02130245433679876 0.4016032288496881 0.4887893927268688 0.010454911917860953 0.9995194032497672 0.029183168848140324 0.028624819281768885 -0.40203189276481016 -0.02252039001567034 0.9153486708536195 1.583656726323762
0.8908297036210094 -0.022482366455366668 0.4537807646265665 0.4887893927268688 0.008210376770774321 0.9994084325016929 0.03339722679790627 0.028624819281768885 -0.45426317136631983 -0.026025530601228187 0.890487306421119 1.583656726323762
0.8631158179734106 -0.023818021355558692 0.5044440371565475 0.4887893927268688 0.005569882165009594 0.9992753904458316 0.037651964915507125 0.028624819281768885 -0.5049753074921167 -0.02968831265055027 0.8626230595777086 1.583656726323762
0.8312912524239416 -0.02825863950488343 0.5551182783306342 0.4887893927268688 0.006105648955466249 0.9991108058644608 0.04171712664722152 0.028624819281768885 -0.5558035396561153 -0.03128972512184707 0.8307246104501381 1.583656726323762
0.796294975951046 -0.03346631330692367 0.6039820503531259 0.7373681291724612 0.007999817660484439 0.9989637203252592 0.04480500408789451 0.039284915168921034 -0.6048556143349603 -0.030846253379625706 0.7957375160565945 1.820529100813557
0.7588951896940974 -0.03757545627656531 0.6501278152369483 0.7373681291724612 0.008907949775505212 0.9988395062760554 0.04733169269107368 0.039284915168921034 -0.6511518559368137 -0.030128487977545384 0.75834921686663 1.820529100813557
0.7196152870723065 -0.040600060152515036 0.6931850212803604 0.7373681291724612 0.009812527004732872 0.9987840727375022 0.048312424485519735 0.039284915168921034 -0.6943036460552569 -0.027964462474716522 0.7191386764128861 1.820529100813557
0.6785969666738518 -0.042248310309670974 0.7332947818558541 0.7373681291724612 0.008839625413086008 0.998741854656656 0.04936161240821763 0.039284915168921034 -0.7344576351591721 -0.02701458926137028 0.6781166522976979 1.820529100813557
0.636569875140579 -0.042262084461426194 0.7700601991276285 0.7373681291724612 0.003611032453598321 0.9986497894894346 0.05182237352077201 0.039284915168921034 -0.771210577279725 -0.0302078494713318 0.6358629815630028 1.820529100813557
0.5954050378465151 -0.04292811444233827 0.8022780178326059 0.7373681291724612 0.0007473402860831665 0.9986006859351207 0.052878270890816856 0.039284915168921034 -0.8034253433826234 -0.030884414197639026 0.5946039611120859 1.820529100813557
0.55602047268209 -0.044294357735929116 0.8299874961896393 0.7373681291724612 -0.0009585433604224977 0.9985441533975544 0.05393194702758733 0.039284915168921034 -0.8311680426682745 -0.030782845682649912 0.5551685341035348 1.820529100813557
0.5180594863957325 -0.046610470606987316 0.8540736692962645 0.7373681291724612 -0.002295110579953667 0.9984347963361718 0.0558810337464426 0.039284915168921034 -0.8553415113408301 -0.030909893156406527 0.5171416416053196 1.820529100813557
0.4812162559885698 -0.0464564036069601 0.87537004605838 0.7373681291724612 -0.005120072493396999 0.9984287346080155 0.0558018527174292 0.039284915168921034 -0.8765869607916863 -0.03133471673627439 0.4802222773852257 1.820529100813557
0.4451823126862741 -0.04558080952860462 0.8942790941725169 0.7373681291724612 -0.006625216737014221 0.9985085857907678 0.054191425569977844 0.039284915168921034 -0.8954154426714387 -0.030049856985282914 0.44421637871726055 1.820529100813557
0.4121029582261993 -0.04442251495428155 0.9100537302744008 0.7373681291724612 -0.005398169331054389 0.9986741983596886 0.051192824677917435 0.039284915168921034 -0.91112129356584 -0.026009338626104925 0.4113167911903725 1.820529100813557
0.38267309363892443 -0.0427874631934882 0.9228924836611688 0.7373681291724612 -0.003101004188698253 0.9988618831803945 0.047595400012340965 0.039284915168921034 -0.923878610629036 -0.02107537242325709 0.38210488285205785 1.820529100813557
0.35730690025293965 -0.040536419160182184 0.9331069487220132 0.7373681291724612 -0.002762638389646488 0.999007471322709 0.044457171193540077 0.039284915168921034 -0.933982947842607 -0.018462691111366322 0.3568402754400949 1.820529100813557
0.3370920284395805 -0.04016844132403571 0.9406144059518153 0.7373681291724612 -0.0014462878772492963 0.9990661364760766 0.04318290400306893 0.039284915168921034 -0.9414705904136716 -0.01591701191680347 0.33671913536028136 1.820529100813557
0.32238205845858814 -0.04095498965551545 0.945723266715121 0.7373681291724612 -3.080741312463959e-05 0.9990631805268974 0.04327540140055967 0.039284915168921034 -0.9466096383593974 -0.013980348271516426 0.3220787829511602 1.820529100813557
0.31089699303308704 -0.04240833570069865 0.9494970209463963 0.7373681291724612 0.0006628533172063657 0.9990134849956045 0.044402898806417866 0.039284915168921034 -0.950443380927274 -0.013175350470858906 0.31061839899063565 1.820529100813557
0.29989191381003244 -0.04403852319298651 0.9529561629510231 0.7373681291724612 -0.0011086291531286195 0.9989171450188288 0.04651137848772191 0.039284915168921034 -0.9539725420434071 -0.015004861292530538 0.2995183519666786 1.820529100813557
0.2896410987400383 -0.04582663274388377 0.9560376319225206 0.7373681291724612 -0.002634964911389702 0.9988111830443885 0.04867522558119163 0.039284915168921034 -0.9571316998619273 -0.016617471432843242 0.28917601692152767 1.820529100813557
0.2791903071124539 -0.04722675786300196 0.9590737227951788 0.7373681291724612 -0.003751681639603602 0.9987285386437432 0.05027157231878929 0.039284915168921034 -0.9602284609921389 -0.0176334749915495 0.27865814766554714 1.820529100813557
0.26952798389811194 -0.04917635724751075 0.961736113382296 0.7373681291724612 -0.00451418434640818 0.9986197784446946 0.05232743294631269 0.039284915168921034 -0.9629819770045072 -0.018445161612992825 0.26893398442287836 1.820529100813557
0.2595320768809841 -0.05084219214118365 0.9643952366992083 0.7373681291724612 -0.004556395374412374 0.9985376511830695 0.053868343495844566 0.039284915168921034 -0.9657237391361149 -0.018374729061220108 0.2589208933263052 1.820529100813557
0.24904690295766554 -0.05203349124042897 0.9670926304736932 0.7373681291724612 -0.004911954770615845 0.9984749927383 0.05498692186857019 0.039284915168921034 -0.9684789687068733 -0.018444637854429107 0.24841151846662152 1.820529100813557
0.2390412748837859 -0.054909175109709954 0.9694556469435336 0.7373681291724612 -0.006105704892942325 0.9982951148078301 0.05804811899259926 0.039284915168921034 -0.9709902106971504 -0.0197951064556344 0.23829847773478482 1.820529100813557
0.22765440429979497 -0.05847396450914658 0.9719847054750854 0.7373681291724612 -0.007650363871779109 0.9980571081552235 0.06183430110754811 0.039284915168921034 -0.9737119410459834 -0.021512887658625687 0.22676474930873355 1.820529100813557
0.2153986518228354 -0.06232519684515327 0.9745352690544956 0.7373681291724612 -0.008736204795588093 0.9977982859336975 0.06574389183446833 0.039284915168921034 -0.9764871220444618 -0.022674885357717944 0.21437991989769048 1.820529100813557
0.202309387219164 -0.06448596135619268 0.9771962303606038 0.7373681291724612 -0.00976784585029351 0.9976471877105603 0.06785777804092946 0.039284915168921034 -0.9792729451130836 -0.023273367637168422 0.20120350227661102 1.820529100813557
0.18834579704771778 -0.06515566014402058 0.9799390800889904 0.7373681291724612 -0.01003045652222727 0.9976172147173383 0.0682589396458252 0.039284915168921034 -0.9820515519444062 -0.022685520730492625 0.18724346843821024 1.820529100813557
0.17398748291740843 -0.06396866208056158 0.9826679836341914 0.7373681291724612 -0.011474584299251023 0.9976884627086848 0.06697809562190786 0.039284915168921034 -0.9846810091106789 -0.022929056884246124 0.1728512905568696 1.820529100813557
0.15723685828590045 -0.0627711946469115 0.9855639743410768 0.7373681291724612 -0.012395801189118188 0.9977738347339182 0.0655264742928228 0.039284915168921034 -0.9874831211262602 -0.022520032037448002 0.15610872380419052 1.820529100813557
0.13693665508071576 -0.061224847202490384 0.98868593121392 0.7373681291724612 -0.015186784614637246 0.9978410514433025 0.06389520817393018 0.039284915168921034 -0.990463383507121 -0.02376455637189568 0.13571120731934244 1.820529100813557
0.11137640990658652 -0.05975380946997599 0.9919802304331196 0.7373681291724612 -0.019661284466374877 0.9978628121143709 0.062315664903205385 0.039284915168921034 -0.9935837806694778 -0.026444100533430458 0.10996354094665096 1.820529100813557
0.08090071608753686 -0.05932440309528026 0.9949551192560956 0.7373681291724612 -0.023687934168235704 0.9978307600242272 0.06142195148569622 0.039284915168921034 -0.9964406434461441 -0.02853751122397821 0.07931995046504059 1.820529100813557
0.046887023092880446 -0.05881179195793819 0.9971673782230258 0.7373681291724612 -0.027220995265536663 0.9978193117786072 0.06013017926480293 0.039284915168921034 -0.9985292306598951 -0.029963213585328278 0.045183861603441115 1.820529100813557
0.012732338002241177 -0.058414949222951415 0.9982111907188156 0.7373681291724612 -0.028969741395589707 0.9978514996163416 0.05876341376135224 0.039284915168921034 -0.9994991954236232 -0.02966611569948664 0.011012716596533257 1.820529100813557
-0.021063370144426045 -0.05709111335250754 0.9981467523437269 0.7373681291724612 -0.029802477008075846 0.9979604374943025 0.05645155055762847 0.039284915168921034 -0.9993338515242757 -0.02855818573279112 -0.022721866677489322 1.820529100813557
-0.05379615276329944 -0.05514302052470336 0.9970281948045798 0.7373681291724612 -0.031813603684494186 0.9980618193325599 0.053483636854491354 0.039284915168921034 -0.9980450233173225 -0.028841845953222072 -0.055446184300969786 1.820529100813557
-0.08601540882716209 -0.05228810924633674 0.9949207521585519 0.7373681291724612 -0.03417135689511986 0.9981891168432783 0.04950560961728251 0.039284915168921034 -0.9957076216501728 -0.029739546853906004 -0.08764640061452611 1.820529100813557
-0.11827867244366555 -0.04776366298017835 0.9918310280202366 0.7373681291724612 -0.03102507405724547 0.9985325623142304 0.044386560780448885 0.039284915168921034 -0.992495642521773 -0.02552164761315398 -0.11958697704350388 1.820529100813557
-0.14998726654110722 -0.041627373904756494 0.9878112074770765 0.7373681291724612 -0.02564292338707623 0.9989409316244998 0.03820282195515172 0.039284915168921034 -0.9883553310200197 -0.019600430275023756 -0.1508958673302303 1.820529100813557
-0.18022251962463823 -0.035264681325213466 0.9829935125275129 0.7373681291724612 -0.019538599055644854 0.9992882874868101 0.03226703640896205 0.039284915168921034 -0.9834317905005363 -0.013391069513135505 -0.18078327547150094 1.820529100813557
-0.2091668607393201 -0.02971904858369299 0.9774282595258527 0.7373681291724612 -0.013766431243075358 0.9995285164925823 0.027445037601784527 0.039284915168921034 -0.9777830586276739 -0.007715106571767229 -0.2094773672531199 1.820529100813557
-0.23684910874432202 -0.023680978662463863 0.9712577983916568 0.7373681291724612 -0.005434485302308756 0.9997195499162418 0.023049682964453144 0.039284915168921034 -0.971531248111208 0.00018101063685386647 -0.2369113783224219 1.820529100813557
-0.2632108014333681 -0.013515371879830299 0.964643669305798 0.7373681291724612 0.00022147167345725174 0.9999009911714563 0.014069783389681812 0.039284915168921034 -0.9647383194209219 0.003916960209719237 -0.26318174796823035 1.820529100813557
-0.2884363420745434 0.0022069797149349363 0.9574965304434241 0.7373681291724612 0.005054023588353751 0.9999869222284837 -0.0007824433323288123 0.039284915168921034 -0.9574857353591374 0.004613524957966508 -0.28844372409750296 1.820529100813557
-0.3132683812177215 0.019606890407895473 0.9494622115586072 0.7373681291724612 0.005936194547615214 0.999807742648049 -0.01868794625687268 0.039284915168921034 -0.9496460829822472 -0.00021815026875662383 -0.3133245433842336 1.820529100813557
-0.33881948354526686 0.03479771492834588 0.9402076773808458 0.7373681291724612 0.005973287700895496 0.9993752271133969 -0.03483497188290812 0.039284915168921034 -0.9408324385373651 -0.006186636227097412 -0.3388156550810957 1.820529100813557
-0.363187784126725 0.044968505500050326 0.9306301451028821 0.7373681291724612 0.009586126317155243 0.9989620871318708 -0.04452925617347287 0.039284915168921034 -0.9316666462009651 -0.007251343752948905 -0.3632419006260498 1.820529100813557
-0.38703137857333325 0.049104166059334514 0.9207581076891165 0.7373681291724612 0.01242772617096648 0.9987680683430433 -0.04804057951899055 0.039284915168921034 -0.9219827892221457 -0.0071502820866420945 -0.3871648354954724 1.820529100813557
-0.40960989738554593 0.04880145338309602 0.9109545269175077 0.7373681291724612 0.01600670712916158 0.9987988619104613 -0.04631002886247731 0.039284915168921034 -0.9121203414520953 -0.004387663849931381 -0.4098990499077251 1.820529100813557
-0.42978535045338695 0.04436777918744284 0.9018403698580111 0.7373681291724612 0.019174311259182338 0.999015260605587 -0.04001068438407028 0.039284915168921034 -0.9027274773282348 9.616194786342615e-05 -0.43021284549567324 1.820529100813557
-0.44787223247058927 0.04317587395651858 0.8930544817030492 0.7373681291724612 0.02693381988410015 0.9990315741264238 -0.034791999725881644 0.039284915168921034 -0.8936917996313184 0.008470997967528966 -0.4486013926250926 1.820529100813557
-0.4617138274687702 0.043633457055683084 0.8859551133943012 0.7373681291724612 0.029416016026027926 0.9989932366581887 -0.033870505050096915 0.039284915168921034 -0.8865410534912062 0.010422789288964385 -0.462532513384889 1.820529100813557
-0.4730585923967274 0.04759790728932357 0.8797442852223052 0.7373681291724612 0.03323826035205164 0.9987928917194954 -0.03616597156684061 0.039284915168921034 -0.8804037631725562 0.012132545993375668 -0.4740696310873777 1.820529100813557
-0.4826538307430232 0.05016104801246604 0.8743735751561669 0.7373681291724612 0.034091014313048874 0.9986779064633987 -0.038473911745309564 0.039284915168921034 -0.8751474632381651 0.011238701178055092 -0.4837257582387335 1.820529100813557
-0.4933028082065397 0.049595156659358305 0.8684426635371367 0.7373681291724612 0.028400468985222162 0.9987593300250782 -0.04090493917941354 0.039284915168921034 -0.8693938996662925 0.004485657564504932 -0.49409930793237583 1.820529100813557
-0.5046723279768391 0.048031300670742204 0.861973802113681 0.7373681291724612 0.027757549659199444 0.9988376643019719 -0.03940607578399138 0.039284915168921034 -0.8628646242669572 0.004039124614757758 -0.50541896052779 1.820529100813557
-0.5137665641573915 0.04911871830124678 0.8565227779028138 0.7373681291724612 0.029565168913695084 0.9987803943745067 -0.03954269338580157 0.039284915168921034 -0.8574204443218142 0.005007526888767816 -0.5145921747689568 1.820529100813557
-0.5212298856476596 0.052176316866330195 0.8518198390892249 0.7373681291724612 0.032951532003366625 0.9986154405360659 -0.0410048589996848 0.039284915168921034 -0.8527799263856779 0.006695810721443166 -0.5222275014516413 1.820529100813557
-0.5246967517980909 0.055029639850860075 0.8495087153116313 0.7373681291724612 0.03400782016804551 0.9984668478875511 -0.04367404076691115 0.039284915168921034 -0.8506096559644465 0.005974312293205682 -0.5257637499606388 1.820529100813557
-0.5248372384632709 0.057298434050054796 0.849271901441264 0.7373681291724612 0.03385690666970911 0.9983474701594408 -0.04643316376252018 0.039284915168921034 -0.8505290018529699 0.004383866062065357 -0.5259098769992289 1.820529100813557
-0.5211448016632786 0.0577413049348289 0.8515127934469137 0.7373681291724612 0.036141249555099994 0.9983068766996397 -0.04557620009171655 0.039284915168921034 -0.852702706563044 0.0070229366099578 -0.5223492821680098 1.820529100813557
-0.5153293025154209 0.05635127099495292 0.8551375586572163 0.7373681291724612 0.03425313629484673 0.9983928297351793 -0.04514953141885162 0.039284915168921034 -0.8563074404808935 0.006024266812549397 -0.5164312883496075 1.820529100813557
-0.5083649355780108 0.05470037327928416 0.8594026771181672 0.7373681291724612 0.03184490415429047 0.9984920534854631 -0.04471600614747016 0.039284915168921034 -0.8605527260744521 0.004635546298300006 -0.5093402765895783 1.820529100813557
-0.5012627678765942 0.05432180054225469 0.8635883159970056 0.7373681291724612 0.030601022692172356 0.9985160728981396 -0.045046970755691224 0.039284915168921034 -0.8647538464504747 0.0038463164090612846 -0.502181233121264 1.820529100813557
-0.49459692331173055 0.05299904905565045 0.8675050341351154 0.7373681291724612 0.027635142226260217 0.9985932934668817 -0.04525188567446236 0.039284915168921034 -0.8686830160448094 0.0015921815716730893 -0.49536580684695947 1.820529100813557
-0.4902851767315431 0.05081020365919269 0.8700797484606982 0.7373681291724612 0.023771232903657364 0.9987074229958175 -0.044926737465413716 0.039284915168921034 -0.871237840066398 -0.0013440450727912067 -0.49085926657167567 1.820529100813557
-0.48887491833723384 0.048139221839080995 0.8710246434754252 0.7373681291724612 0.019532214640825284 0.9988299751655492 -0.04423995142408931 0.039284915168921034 -0.8721351998468991 -0.004614762345888335 -0.4892431881554447 1.820529100813557
-0.48933828770812504 0.045555064260126135 0.8709034253596298 0.7373681291724612 0.01646913637933696 0.9989393745784557 -0.04299876118816522 0.039284915168921034 -0.8719385343760189 -0.006697912887912354 -0.4895695356465187 1.820529100813557
-0.49018009911972615 0.04449974574355228 0.8704844875445714 0.7373681291724612 0.015570649688880445 0.9989835867695267 -0.04230068833189265 0.039284915168921034 -0.8714820854700582 -0.007180946584202964 -0.49037476353388587 1.820529100813557
-0.49060423366052985 0.04374665425630059 0.8702836986613876 0.7373681291724612 0.015237557428612901 0.9990169862565016 -0.04162785142883124 0.039284915168921034 -0.8712492770487529 -0.007161802311641952 -0.4907885551127657 1.820529100813557
-0.49074078436506835 0.04333897164695631 0.8702271060460842 0.7373681291724612 0.015323301602079543 0.9990370036374372 -0.04111279352144187 0.039284915168921034 -0.8711708667011141 -0.006840972131907014 -0.4909322989084365 1.820529100813557
-0.49070311872452027 0.04243307624902171 0.870292987053254 0.7373681291724612 0.015596918134207806 0.999081209902272 -0.039918318663498036 0.039284915168921034 -0.8711872275342112 -0.006014154990576929 -0.4909140907745533 1.820529100813557
-0.49077280358737874 0.04208086972171679 0.8702707944441483 0.7373681291724612 0.015029550053926302 0.9990932599081214 -0.03983428964263561 0.039284915168921034 -0.8711579465769465 -0.006469807541263261 -0.4909602567481603 1.820529100813557
-0.4910497228392604 0.04058420724427814 0.8701856651438473 0.7373681291724612 0.013350274654740138 0.9991474775425105 -0.03906517998262309 0.039284915168921034 -0.8710292416825797 -0.007565728172848801 -0.49117290223615473 1.820529100813557
-0.49083528037364504 0.03974742815784626 0.8703452587883519 0.7373681291724612 0.012577863771665615 0.9991779840379603 -0.03853769008091785 0.039284915168921034 -0.8711615951610057 -0.007968573816469272 -0.4909317436750918 1.820529100813557
-0.49044822111875735 0.03886611798399401 0.8706032203445505 0.7373681291724612 0.01142697467445441 0.9992059227917909 -0.038169989619982005 0.039284915168921034 -0.871395413489902 -0.008772042558870345 -0.49050288951046017 1.820529100813557
-0.4890987688756557 0.037253146956180594 0.8714324972860378 0.7373681291724612 0.011007966370232346 0.9992715660837032 -0.03653986717285592 0.039284915168921034 -0.8721589413408034 -0.008278904425075905 -0.489152574132869 1.820529100813557
-0.48675127972908744 0.03481495532171386 0.872846556141481 0.7373681291724612 0.011439977241043302 0.9993738420505496 -0.033482095899787456 0.039284915168921034 -0.8734656940045336 -0.006312108290056496 -0.48684477884241045 1.820529100813557
-0.48431277303242354 0.033415628063273035 0.8742565605580445 0.7373681291724612 0.011676219973382982 0.9994282215411966 -0.03173162262048528 0.039284915168921034 -0.8748170115885827 -0.005160018229900427 -0.4844260216452979 1.820529100813557
-0.48189573835892774 0.03331820808901899 0.8755948802735436 0.7373681291724612 0.012055350525893224 0.9994343283947897 -0.03139572820860423 0.039284915168921034 -0.8761456305176686 -0.004573864426030377 -0.48202480630047606 1.820529100813557
-0.47984286581675356 0.033478272325569255 0.8767154780240055 0.7373681291724612 0.012066818943331274 0.9994290219101043 -0.03155981692587909 0.039284915168921034 -0.8772714608405746 -0.004564586060238634 -0.4799728623044697 1.820529100813557
-0.4788967178019684 0.034049270326726916 0.8772106821446715 0.7373681291724612 0.011980392859722666 0.9994079662120164 -0.03225193418822357 0.039284915168921034 -0.8777894986074002 -0.004936016832671963 -0.4790211183991784 1.820529100813557
-0.47967081907448356 0.03564101268731748 0.8767243714777395 0.7373681291724612 0.011522574912370433 0.9993444133099864 -0.034321623701411896 0.039284915168921034 -0.8773728600747835 -0.006360959104974184 -0.4797670295085549 1.820529100813557
-0.4828135293549273 0.037174448708420106 0.8749338010587229 0.7373681291724612 0.009843877012053573 0.9992658552490561 -0.03702497290664235 0.039284915168921034 -0.8756678559575046 -0.00926341711202097 -0.48282501503774544 1.820529100813557
-0.48749553492108194 0.03763835266365898 0.8723138528309494 0.7373681291724612 0.00838001725296672 0.999226112471566 -0.03843112626236662 0.039284915168921034 -0.8730852643028922 -0.01142499731817208 -0.48743367825113637 1.820529100813557
-0.49267840798091667 0.03625101087413803 0.8694560658940703 0.7373681291724612 0.010039746139299685 0.9993022303591894 -0.03597576818639206 0.039284915168921034 -0.8701535438110054 -0.008995366015116737 -0.49269858289161633 1.820529100813557
-0.49811749557109275 0.034030552531865745 0.8664415052964395 0.7373681291724612 0.010839369025152394 0.999395880255549 -0.03302094195152447 0.039284915168921034 -0.8670417917754153 -0.007056629691679453 -0.49818544267398684 1.820529100813557
-0.5032627733313791 0.03141138225760571 0.863562334775827 0.7373681291724612 0.007835508109703125 0.9994639090523204 -0.03178835186842422 0.039284915168921034 -0.864097902897279 -0.009231444443571036 -0.503239102854711 1.820529100813557
-0.5088150343643779 0.0345855767184027 0.8601808523141133 0.7373681291724612 0.009578668572564711 0.9993582572067848 -0.034515545207737974 0.039284915168921034 -0.8608225774880426 -0.009322641024201642 -0.5088197897597743 1.820529100813557
-0.5136982471722885 0.03625838537150418 0.8572044332260373 0.7373681291724612 0.01035322845964338 0.9992958430425497 -0.03606423073261497 0.039284915168921034 -0.8579084575364576 -0.009651298779157358 -0.5137119143248436 1.820529100813557
-0.5184588371675891 0.03709674693987612 0.8542975275214789 0.7373681291724612 0.008972045152811371 0.9992395247670588 -0.037945678924895775 0.039284915168921034 -0.8550555166587781 -0.012008476580082658 -0.5183973957511934 1.820529100813557
-0.522281759229091 0.03694751721349047 0.8519722090234673 0.7373681291724612 0.007123965851769633 0.9992151487324752 -0.03896582674694648 0.039284915168921034 -0.8527432281097933 -0.014281719619475493 -0.5221350585792945 1.820529100813557
-0.5257990351693521 0.03619735703360046 0.8498382940058433 0.7373681291724612 0.00786177357996457 0.9992582696997432 -0.03769751918688214 0.039284915168921034 -0.8505724937541527 -0.013140082969687671 -0.5256936095183156 1.820529100813557
-0.5283721934453413 0.029343693183237082 0.8485056115690272 0.7373681291724612 0.009161720641766066 0.9995414232096148 -0.028861846146295597 0.039284915168921034 -0.8489634197470722 -0.0074760255790376 -0.5283987329402878 1.820529100813557
-0.5307906095494996 0.020309176239369113 0.8472596214706274 0.7373681291724612 0.008273576848774361 0.9997893671061894 -0.018782155028783096 0.039284915168921034 -0.8474626108213863 -0.0029595239272840967 -0.5308468371177575 1.820529100813557
-0.5324879812934561 0.01896513143404403 0.8462250726418541 0.7373681291724612 0.009313750431516454 0.9998197137491013 -0.016546723287617606 0.039284915168921034 -0.8463863206780469 -0.0009294021449707359 -0.5325686175327407 1.820529100813557
-0.5335224184925594 0.023586198707288786 0.84545698896892 0.7373681291724612 0.009165909629780544 0.9997136260948272 -0.022105472195436286 0.039284915168921034 -0.8457362562090567 -0.004044382630876973 -0.5335858205599425 1.820529100813557
-0.5347733324862525 0.03018051318164619 0.8444564047277056 0.7373681291724612 0.011380657911701234 0.9995285584014736 -0.028515637207705506 0.039284915168921034 -0.8449189094150082 -0.005638932873985633 -0.5348646921876588 1.820529100813557
-0.5351949449579811 0.03389629848011096 0.8440482283855424 0.7373681291724612 0.01630016447752571 0.9994229539678775 -0.02980039798593379 0.039284915168921034 -0.844571296889393 -0.0021908974101622616 -0.5354386280789892 1.820529100813557
-0.5353211525591162 0.03528104952091906 0.8439114356183851 0.7373681291724612 0.019409268335693463 0.9993772471274498 -0.02946859729654578 0.039284915168921034 -0.8444255703882104 0.0006045400363875692 -0.5356725591309425 1.820529100813557
-0.5350403054174545 0.031916916463418786 0.8442234194940731 0.7373681291724612 0.018162448686123066 0.9994897130594589 -0.026276204939805398 0.039284915168921034 -0.8446312787462477 0.0012743358199777512 -0.5353469706944259 1.820529100813557
-0.534405806112362 0.02722380440660376 0.8447894997376738 0.7373681291724612 0.01693696443780094 0.9996253892197151 -0.02149931308112801 0.039284915168921034 -0.8450583255781993 0.002818811976500724 -0.5346667005434448 1.820529100813557
-0.5340810790180825 0.02039175376537959 0.8451873031543095 0.7373681291724612 0.01401759745128578 0.9997852373446252 -0.01526388382553648 0.039284915168921034 -0.8453170458452706 0.0036953438430041533 -0.5342522217429791 1.820529100813557
-0.5339283071699098 0.014493888676495542 0.8454055180762126 0.7373681291724612 0.005063170308854914 0.9998899488126222 -0.01394469683819918 0.039284915168921034 -0.8455145930787352 -0.003165036258753103 -0.5339429327525408 1.820529100813557
-0.5327540841700367 0.00944652804742713 0.8462173768648314 0.7373681291724612 -0.0025905775548805765 0.9999148072992161 -0.01279324242314302 0.039284915168921034 -0.8462661370444162 -0.00900784389376416 -0.5326842254472245 1.820529100813557
-0.5304088650186336 0.010487288757705049 0.8476770922256653 0.7373681291724612 0.000682350579547036 0.9999284356582985 -0.011943950754596505 0.039284915168921034 -0.8477416884330585 -0.005756764408436445 -0.5303780626649407 1.820529100813557
-0.5274654459306809 0.013682166573050781 0.8494663040209522 0.7373681291724612 0.0045790009105415395 0.9999015722555291 -0.01326192111179758 0.039284915168921034 -0.8495641447823766 -0.0031054981535469325 -0.5274761793497508 1.820529100813557
-0.5223017231393338 0.016745817444579505 0.8525963215987958 0.7373681291724612 0.006513064539679177 0.9998563460584527 -0.015648234307280028 0.039284915168921034 -0.8527358852516914 -0.0026200848739151516 -0.5223357590279172 1.820529100813557
-0.5143847321830357 0.018976797543256655 0.8573495369171145 0.7373681291724612 0.011750719933601075 0.9998172385010412 -0.015080125237806169 0.039284915168921034 -0.8574790189141829 0.0023174881117788582 -0.514513713491511 1.820529100813557
-0.5061583416649338 0.022180796532083345 0.8621552907847914 0.7373681291724612 0.01917999736593152 0.9997114845496526 -0.014459438459576979 0.039284915168921034 -0.8622272675252434 0.009217370814169422 -0.5064377347821041 1.820529100813557
-0.4967065481937941 0.020758069265848104 0.8676702758201194 0.7373681291724612 0.015394769373858622 0.9997673860355082 -0.015105459133931983 0.039284915168921034 -0.8677820037643856 0.005854603323504212 -0.49691057300342717 1.820529100813557
-0.48548389634996775 0.018558561832840128 0.8740486062957554 0.7373681291724612 0.013426499322261844 0.999815023190055 -0.013771293309386702 0.039284915168921034 -0.8741425029712283 0.005049671886433403 -0.4856432696054151 1.820529100813557
-0.4741010962273186 0.015207916002459935 0.88033906527367 0.7373681291724612 0.012932569191779009 0.9998632380604096 -0.01030794981782112 0.039284915168921034 -0.880375430830595 0.006498035565391374 -0.4742329346678041 1.820529100813557
-0.4626929687095337 0.014611059292052886 0.8863981800822498 0.7373681291724612 0.012866777344350223 0.9998695357138538 -0.009765121203930825 0.039284915168921034 -0.886425215541351 0.00688683510189912 -0.462820601048345 1.820529100813557
-0.4508837539814241 0.013789463029388742 0.8924761571633057 0.7373681291724612 0.013367128528714228 0.9998728444136088 -0.008695681636824758 0.039284915168921034 -0.892482582614651 0.008009101921774373 -0.45101074711795114 1.820529100813557
-0.43876560827097294 0.014912387867895798 0.8984778025564584 0.7373681291724612 0.014723583589991159 0.9998473722513208 -0.009404695018475512 0.039284915168921034 -0.898480916372114 0.00910235629930566 -0.43891820425328676 1.820529100813557
-0.4269844449947443 0.01869321141582351 0.9040657318909368 0.7373681291724612 0.01463955103847071 0.9997981734016169 -0.013758488586218464 0.039284915168921034 -0.9041404577154607 0.007360455811196536 -0.4271719283992461 1.820529100813557
-0.415601649932688 0.028035192219567916 0.9091145673513548 0.7373681291724612 0.017610600937535036 0.9995855098591232 -0.022774442129078174 0.039284915168921034 -0.9093762341890439 0.006544958126982845 -0.4159231037286473 1.820529100813557
-0.4029125788138897 0.032705154900578626 0.9146539382063972 0.7373681291724612 0.01718759590465474 0.9994554800148928 -0.028166114663080492 0.039284915168921034 -0.915077068000592 0.00437222038842276 -0.40325530784890734 1.820529100813557
-0.39176984206069815 0.02906725064798396 0.9196039831316002 0.7373681291724612 0.01563878885032881 0.9995668102308867 -0.024932311728784427 0.039284915168921034 -0.9199303338487274 0.004613764689921983 -0.3920547079686162 1.820529100813557
-0.3799877168941898 0.025109045599261658 0.9246506750328131 0.7373681291724612 0.013545512276732289 0.9996753632183993 -0.021579788491042008 0.039284915168921034 -0.9248923473068108 0.004324812510574736 -0.3802044737901538 1.820529100813557
-0.37058972678499835 0.025826927029773572 0.9284375176831344 0.7373681291724612 0.011793855469309108 0.9996635747264021 -0.02310069995467815 0.039284915168921034 -0.9287217879292968 0.0023889758110918267 -0.3707696500793802 1.820529100813557
-0.363623475246566 0.030040571860195375 0.9310615083290275 0.7373681291724612 0.006096305672116493 0.9995352317803021 -0.0298689719783808 0.039284915168921034 -0.93152606152848 -0.005185023838506137 -0.36363761111996296 1.820529100813557
-0.3591398566546483 0.034281660632266994 0.9326539181852902 0.7373681291724612 -0.003799599198405845 0.999263151829183 -0.03819314653618072 0.039284915168921034 -0.9332760183397025 -0.017260392252121292 -0.35874496853794935 1.820529100813557
-0.3557629877838885 0.036599990242671 0.9338592705741686 0.7373681291724612 -0.005850353794163347 0.9991260757612052 -0.041386689822863344 0.039284915168921034 -0.9345579007656837 -0.02018725955268587 -0.3552379549938183 1.820529100813557
-0.35193077119044475 0.036371608395271655 0.9353191104601899 0.7373681291724612 -0.00613372652780966 0.9991336961209789 -0.04116108203764801 0.039284915168921034 -0.9360059346436743 -0.02022284298434043 -0.3514027986989451 1.820529100813557
-0.3482014606799171 0.03474624598636889 0.9367755553867896 0.7373681291724612 -0.016021713384161664 0.9989462727129051 -0.043007545073238077 0.039284915168921034 -0.937282800162579 -0.029984039468455754 -0.34727785690502594 1.820529100813557
-0.34230808545754426 0.029967246966701864 0.9391097586222967 0.7373681291724612 -0.019704443187078518 0.9990424875506096 -0.03906204023568506 0.039284915168921034 -0.939381131143837 -0.03187588709234683 -0.3413898332888658 1.820529100813557
-0.3376212208373812 0.025171736723129248 0.9409454261064341 0.7373681291724612 -0.02667650402773038 0.9989849599662274 -0.036296196689608755 0.039284915168921034 -0.9409039671364617 -0.037355500687501944 -0.3366070278459032 1.820529100813557
-0.3321981619565111 0.021558739140161393 0.9429632028660522 0.7373681291724612 -0.031142081018861286 0.9989429791935209 -0.03380968958427057 0.039284915168921034 -0.942695365419035 -0.040597353197674144 -0.33117563758648416 1.820529100813557
-0.3260306002749513 0.019850319482823606 0.945150788234759 0.7373681291724612 -0.03919042174662374 0.9986362624642208 -0.03449240691531434 0.039284915168921034 -0.9445465359248713 -0.04828643813660157 -0.32480803771520916 1.820529100813557
-0.3200369384930599 0.02016788124030596 0.947190379261882 0.7373681291724612 -0.046099720623601875 0.9982576136498937 -0.036831407092908476 0.039284915168921034 -0.9462828191182663 -0.05545262262774192 -0.3185495768091542 1.820529100813557
-0.3136917713858724 0.024396861975816378 0.9492113914669 0.7373681291724612 -0.044477145885959586 0.9981950203731417 -0.04035448916910371 0.039284915168921034 -0.9484826071460838 -0.054877084725715675 -0.3120404613401523 1.820529100813557
-0.3066807777528353 0.02780936030435689 0.9514060857679966 0.7373681291724612 -0.04288204942837678 0.9981544217439118 -0.04299860683670729 0.039284915168921034 -0.9508459551334993 -0.05398508898332974 -0.304922252014714 1.820529100813557
-0.3001623825948751 0.02592754078811733 0.9535356871683673 0.7373681291724612 -0.04469924043224075 0.9981500852220586 -0.04121147019916074 0.039284915168921034 -0.9528402394839061 -0.05499245402667684 -0.29844816638802846 1.820529100813557
-0.2927257787311919 0.020977489528608007 0.9559662982549627 0.7373681291724612 -0.04522510795753974 0.9983367299311273 -0.03575560488441698 0.039284915168921034 -0.9551263309512753 -0.05370026632614436 -0.2912901874764338 1.820529100813557
-0.2858081924836781 0.018018040928350854 0.9581174392058205 0.7373681291724612 -0.04711475460192436 0.9983498650000965 -0.032829056536681396 0.039284915168921034 -0.9571279313696847 -0.05452428133769742 -0.28448765480525734 1.820529100813557
-0.27951596769921383 0.021382148371157296 0.9599029260983675 0.7373681291724612 -0.04910591274223933 0.9981252242804436 -0.036532807021426444 0.039284915168921034 -0.958884473299533 -0.057348412237366954 -0.2779419480375897 1.820529100813557
-0.27271304074305686 0.02432763487214661 0.9617877955090748 0.7373681291724612 -0.04805410387774782 0.9980880783314375 -0.038871467597256494 0.039284915168921034 -0.9608945834529307 -0.056818606760333165 -0.27102259207791696 1.820529100813557
-0.26604940909917835 0.025041256610520507 0.9636340837607119 0.7373681291724612 -0.05107158389512554 0.9978923515567965 -0.0400318376156988 0.039284915168921034 -0.9626055294025794 -0.05986476569579552 -0.264209773838454 1.820529100813557
-0.25854475798162113 0.024448880201557967 0.9656898365298856 0.7373681291724612 -0.05165811883661646 0.9978993110150571 -0.03909480571555078 0.039284915168921034 -0.9646170467488562 -0.0599934774168359 -0.25673865269754254 1.820529100813557
-0.250672206356565 0.02441698723508844 0.967764049598194 0.7373681291724612 -0.0473007014964057 0.9981789258485209 -0.03743628760763699 0.039284915168921034 -0.9669157608593819 -0.05516015524139856 -0.24906077305642874 1.820529100813557
-0.24308966957462547 0.025686898578197222 0.9696636508540138 0.7373681291724612 -0.0450065193439837 0.998274027276882 -0.037727704421751884 0.039284915168921034 -0.9689591455591083 -0.052812401061007305 -0.24151402553792367 1.820529100813557
-0.2362660822539616 0.026350674062422856 0.9713310354111115 0.7373681291724612 -0.04365525415893477 0.9983350054676701 -0.03770193154449429 0.039284915168921034 -0.9707072458577206 -0.05131139088275341 -0.2347223551453818 1.820529100813557
-0.22972124208714131 0.02511968200980957 0.9729322445626257 0.7373681291724612 -0.0500499226633819 0.9980392526287919 -0.037585309012318574 0.039284915168921034 -0.971968701232364 -0.05732932746760417 -0.22801357862369104 1.820529100813557
-0.22425506327005681 0.02310442158328926 0.97425656389939 0.7373681291724612 -0.05441502011789159 0.9978623774200802 -0.03618951940982905 0.039284915168921034 -0.9730101089831031 -0.06112987348953281 -0.22251846301788492 1.820529100813557
-0.2200996440142473 0.02288893629818163 0.9752088203558974 0.7373681291724612 -0.051766398255199485 0.9980419080317339 -0.035108258630415654 0.039284915168921034 -0.9741028624927056 -0.05821036340303658 -0.21848379087703765 1.820529100813557
-0.21510312658654993 0.023297219881139027 0.9763134150868267 0.7373681291724612 -0.05059823743429905 0.9981068359879923 -0.034965158695197146 0.039284915168921034 -0.9752796846552432 -0.05692085294378156 -0.2135171028253235 1.820529100813557
-0.21019960324579348 0.02445914526965161 0.9773524835022371 0.7373681291724612 -0.049415997039049905 0.9981433634874782 -0.03560737511442266 0.039284915168921034 -0.9764088211563564 -0.05578150355252564 -0.20860066593726945 1.820529100813557
-0.20421918611875103 0.023188204298330746 0.9786505153538803 0.7373681291724612 -0.04335113004160364 0.9985244307039594 -0.03270536364953808 0.039284915168921034 -0.977964827355825 -0.04910466850261015 -0.2029126116980861 1.820529100813557
-0.19876634846111121 0.021989221223340325 0.9798001902783183 0.7373681291724612 -0.03628281370029438 0.998897797622227 -0.02977830309895253 0.039284915168921034 -0.9793750538733482 -0.041468832337723444 -0.1977494369021576 1.820529100813557
-0.19410215683445467 0.02107158656014715 0.9807549851782822 0.7373681291724612 -0.03465379429820579 0.9989979901267076 -0.028321904306295345 0.039284915168921034 -0.9803690464579898 -0.03948422422481401 -0.19317745413068954 1.820529100813557
