0.9988601545903129 0.044847846626249833 -0.016342038575546024 -0.03302456759243123 -0.04536382756952496 0.9984349359343901 -0.03270476806129122 -0.0552270362076741 0.014849724909304925 0.03340882613564455 0.999331344453063 0.9696535094601416
0.9999176754457304 0.010249681019042809 0.00771922082950959 -0.00353125378924138 -0.01000137588889329 0.999452148797748 -0.03154639034664432 -0.037716654149718504 -0.008038331225170052 0.03146658947176358 0.999472380297795 1.9687803207173558
0.9993851343237616 0.0295605483740075 0.01885543084909014 -0.00022330724815807428 -0.02947539879462312 0.9995539869061978 -0.0047778788005356145 -0.027908726234448254 -0.018988256719968018 0.004219168720001999 0.9998107044446257 2.9543458845415813
0.9995528382332591 0.014805636279964925 0.025979159227760843 -0.023290293093189016 -0.015329130935356613 0.9996809855292819 0.020068505574169303 -0.02531346996708339 -0.025673743442510586 -0.020457770637881574 0.9994609239576033 3.9229331861984877
0.9995011440470418 -0.021923157555133927 -0.02273407599765216 -0.08743616680772044 0.021476758239551173 0.9995751926213226 -0.019697287924379588 -0.05117520425257683 0.023156246166905498 0.01919920652391978 0.9995473869368673 4.9013671741805265
0.9998072358762644 -0.0028223413802680695 0.019430014889266253 -0.07468561519251421 0.0023902605626438317 0.9997500326145933 0.022225187098704812 -0.09724857726611714 -0.019487884038883845 -0.022174461098943405 0.9995640628047151 5.859679589823422
0.9997388414924934 0.015208149167247269 0.01705757925832449 -0.08988602846171706 -0.015292472016506206 0.9998713264257676 0.004823991211689003 -0.05597568087777696 -0.01698201935724102 -0.005083584937320232 0.9998427717310084 6.8171933032472385
0.9986804617466767 0.0449808385171454 0.024780223803253974 -0.0972723547516 -0.044991973132206146 0.9989872424909828 -0.00010813853812708159 -0.08522529439750444 -0.024759990515156538 -0.0010069162847703692 0.9996928173140461 7.760965048022868
0.9998688837484081 0.007139333370649795 -0.01453427778511836 -0.08825372446009155 -0.006741621743107464 0.9996063294813277 0.02723116958836206 -0.11740751575615098 0.014722969521132745 -0.027129615543030738 0.9995233954885585 8.707882010389568
0.9998549744539718 0.01702755252917496 -0.0003041619858844892 -0.09646607426968248 -0.016975386976981345 0.9979065141753153 0.06240372748052293 -0.13364710555396433 0.0013661090400624207 -0.06238951507305524 0.9980508414680336 9.654902446392132
0.998963930695512 0.041068576862591695 -0.01960706923162617 -0.11902056077793087 -0.04130767745336832 0.9990749148056087 -0.01194949327729728 -0.13742395395395615 0.019098183428092573 0.012747034295150816 0.9997362514715745 10.572719470384206
0.9996321303467377 0.027120332766284786 -0.0003025377473702934 -0.14004086842468239 -0.027119648662913623 0.9996299579315214 0.002066848382175402 -0.15445448984696644 0.0003584804869298679 -0.002057884319729288 0.9999977182993355 11.502072137761495
0.9996357420037764 0.026917618809748523 0.0019557878649790377 -0.15588394643329834 -0.026848165983498134 0.999202844211662 -0.02954068554820158 -0.15890946022746905 -0.002749392635247148 0.029477414814502563 0.9995615653155143 12.426768967588004
0.9997095905706831 -0.01817123335661801 -0.01582848063765672 -0.15511744512052691 0.018167365634413606 0.9998347844999359 -0.00038798180686365474 -0.1945470146307702 0.015832916664749206 0.00010030630465602462 0.9998745464749779 13.334257699794614
0.9998131997055252 0.01604163623171749 0.0107810760876974 -0.16845460976056473 -0.015850899219108656 0.9997202300788717 -0.017550229770684145 -0.17843495734951112 -0.011059593204546837 0.01737606063458319 0.999787756433826 14.250404840220392
0.9988383066623038 0.04516224223735312 0.01680502960652347 -0.15109065867857158 -0.04535805840151254 0.9989049631495804 0.01145954332382059 -0.1774044830113913 -0.016269087715288694 -0.01220847532914015 0.9997930135358318 15.151015673934966
0.9984753627970667 0.01659109385833775 0.05264679944545543 -0.14752691140192736 -0.018385148403662236 0.9992601461016198 0.033777903001144714 -0.18538289219322737 -0.052047435081341624 -0.034694324170803946 0.9980416666511448 16.03867179702829
0.9994473792722781 0.031113564530595574 0.011699665293316739 -0.14182417693325022 -0.030970882527620525 0.9994459141898644 -0.012184787427631155 -0.2187110052555623 -0.012072293765650527 0.011815703920728955 0.999857214238165 16.933656906524273
0.9995479187332227 -0.011958110786272624 0.027585535023013835 -0.1492527927624028 0.011637772221187217 0.9998632113619252 0.01174396963364932 -0.20894652906331765 -0.02772219628925635 -0.011417627258750005 0.9995503577212558 17.807424671921847
0.9983405353415472 0.05511243128235075 0.016697167786818085 -0.16271116347959622 -0.055260833190906807 0.9984351523457728 0.008560775393052257 -0.17905490743949884 -0.01619923301485271 -0.009469269447879852 0.9998238433773541 18.667299311253952
0.9992949621154225 0.02152805453949006 0.030759089038544078 -0.1652798251874214 -0.02133611792127845 0.9997507724083955 -0.006554627439891375 -0.1989793081240559 -0.03089253033274495 0.005893725636597422 0.9995052353878748 19.535699798153125
0.9971823326178896 0.060164342811043735 0.044806778157546585 -0.20376605213403143 -0.06113601280982585 0.9979159249516601 0.020639638213869507 -0.21149416673349403 -0.043471626092901346 -0.02332079129129359 0.9987823378586531 20.38334261193458
0.9994228777891064 0.03196686126551785 0.01149048008448689 -0.2298954911643211 -0.03230571284421047 0.9990086285373797 0.030625169803633504 -0.2143018138659386 -0.010500097115700007 -0.030978704468035904 0.9994647906905241 21.227344297541666
0.9995469695680372 0.029490772111086763 0.006012485978807871 -0.25003831418748723 -0.02960327880199337 0.9993699995239624 0.019571661545641154 -0.21435378952790565 -0.005431513621519328 -0.019740785269099673 0.9997902780367234 22.05644768446942
0.9992418735237872 0.02446299863899242 0.030285968603640367 -0.3059165953432339 -0.02516805991812186 0.9994156987555953 0.023122063939737387 -0.22766784202374624 -0.02970263638284652 -0.02386677455171039 0.9992737014774363 22.886708831889514
0.999880751081513 -0.009079286348596312 0.012492004485655074 -0.3500605398963877 0.00899339954912648 0.9999355533716934 0.006914323380142316 -0.21918301778567226 -0.012553975500987581 -0.006801154291071014 0.9998979657942303 23.701625361088187
0.9999008131851933 0.0050067188747605655 0.013164215042987128 -0.3939710130487834 -0.005155314209981453 0.9999230091181325 0.011278234416157848 -0.23409477262215905 -0.013106733515987913 -0.011344982438128667 0.9998496411511231 24.522090366916856
0.9995184409914878 -0.025839543266676146 0.017181505222639976 -0.4500456915266781 0.025290927095745153 0.9991862808161535 0.03141568454499637 -0.22635537889054042 -0.017979290220227713 -0.030966020883945296 0.999358619652526 25.326068252794336
0.9991768671028814 -0.03565117567542309 0.019354118926755544 -0.4860834937951442 0.03557855125288554 0.9993584390070533 0.004083757600731349 -0.2262584472541451 -0.019487291827376452 -0.0033918056646068577 0.9998042513970313 26.14226842750303
0.9989687347981498 -0.0447782440143913 0.007508379237313127 -0.5381191827331374 0.045048263170259166 0.99815114720284 -0.04080124168463332 -0.24095596809988343 -0.005667488391676931 0.04109740316812341 0.9991389708284714 26.93078534692253
0.9999546894581461 0.0010070758784572066 -0.00947206241801576 -0.514182102368035 -0.0006208746582898991 0.9991717248698723 0.04068679168016223 -0.23867543737398814 0.009505196015765374 -0.04067906399029257 0.9991269805512669 27.721761658904395
0.9940318822859107 0.08343773832879642 -0.07027713681787304 -0.6180744663700873 -0.07917068541268042 0.9949644848973233 0.06146228637377747 -0.34055397163137197 0.07505152748370027 -0.055531578062548756 0.9956321460881838 28.434042988767537
0.9979413690625157 -0.02055620374156309 -0.060750156699225524 -0.6164995319205444 0.02182566326405229 0.9995555007886133 0.020307081235623217 -0.26786025376593803 0.06030571625452247 -0.021591187685620787 0.9979463409749392 29.15485693379701
0.9986179430395559 0.05069029587168627 -0.013885707814175563 -0.616751161530504 -0.050509406695863984 0.9986378807987928 0.013081251886932611 -0.2980837481797263 0.014529890283466724 -0.012361813273650159 0.9998179464906869 29.885646220113298
0.9993698083805631 -7.789376650821808e-05 -0.035497819194578624 -0.6316014709570922 -0.0015808765619314618 0.9989077451606054 -0.04669854140604928 -0.31137496490963823 0.03546268593076326 0.04672522478588053 0.9982780221657699 30.595314855131857
0.9991224788290177 -0.03907354035621439 -0.01508793823566943 -0.6579299756821172 0.03917860906514587 0.9992095157510791 0.006731753576596229 -0.23419455678265835 0.014812981851278065 -0.007316971002880213 0.9998634385594529 31.315749279466743
0.9961999643912862 -0.07640997237319182 -0.04180026562525215 -0.7188545466251699 0.07780734870559164 0.9964257136466795 0.03288996736261409 -0.28543825046181165 0.03913773945324725 -0.036017349831868946 0.9985844211309802 32.03749634760629
0.9995272897444901 -0.007492436302587594 -0.029819047468002333 -0.7505226175708586 0.007838133291165963 0.9999032010020318 0.011492979352705317 -0.21629531993216172 0.029730053021494028 -0.011721271828693723 0.9994891665235663 32.71960172469143
0.9964704255855096 -0.07734536760350043 -0.032626678980954525 -0.7389433394736113 0.07891776889097739 0.9956250129932692 0.05002754778543951 -0.23727008390820725 0.028614541072001246 -0.05242579263683563 0.9982147076503906 33.43186401676638
0.9998034897985328 0.005359932295263469 -0.01908842712426629 -0.7789425217692063 -0.004837342706575901 0.9996150406785369 0.027318617219544702 -0.27205051547482295 0.01922750824341407 -0.027220909660075707 0.9994444373090201 34.0973877057244
0.9983890752771262 -0.02059607194863688 -0.05286937984490319 -0.7924140681697527 0.018548390091494064 0.999069593008627 -0.038933813486375535 -0.2925288565636949 0.0536220735297037 0.03789044764563614 0.9978420944575873 34.767408958716125
0.998583085371023 -0.010354146686569237 -0.05219893097463125 -0.8194809044799102 0.00921493726468315 0.9997150707620738 -0.022018140348165953 -0.2998005325378868 0.05241203725445717 0.021505929768218062 0.9983938759825994 35.43639549015024
0.9993647528718137 -0.012476130586888552 -0.033384907078663914 -0.8629569923342202 0.011837121810665131 0.9997442003712179 -0.019270512534837962 -0.3039957247525329 0.03361679070659178 0.018863087148758544 0.9992567005478242 36.07995895600155
0.999424937302272 0.0065394734464848505 -0.03327379033121323 -0.8582875597243897 -0.006190013922438798 0.9999246854233793 0.010594502848078367 -0.3122978043902792 0.033340568884236435 -0.010382444830720995 0.9993900487646096 36.69974182528304
0.9999835217973356 -0.005607807572329385 -0.0012742706316299208 -0.8787523233165406 0.005635069250681546 0.9997309448293992 0.02249933836935242 -0.3071889889281616 0.0011477610100673135 -0.022506146828770432 0.9997459748673669 37.33120397110101
0.9997158731713089 0.000797452761051584 -0.02382545143401269 -0.8704243672795766 0.0001599987542913452 0.9991933431545885 0.04015686339789217 -0.30905559603395083 0.0238382586710112 -0.04014926266471421 0.998909221298377 37.937749162449315
0.99947538139507 -0.0026398617289153264 -0.03228170151719221 -0.8706599658761993 0.0029429514730322354 0.9999519741032905 0.009344774238120301 -0.2982119286463156 0.03225548443027693 -0.009434875128372808 0.9994350529771289 38.549831484604866
0.999806858586303 -0.01926563153587189 0.00389821791661253 -0.8457364809849608 0.01955988524131284 0.994747663300121 -0.10047105817247921 -0.30319761563734376 -0.0019420993021479877 0.10052789118948466 0.9949322738795903 39.13737035815426
0.9991196624587858 -0.009928358485633717 -0.04076080131248678 -0.8537199796063031 0.01165691930617991 0.9990330599033658 0.04239101006592153 -0.32041044260058016 0.04030051631206423 -0.04282883370459432 0.9982692110109384 39.70115102245788
0.9996707660742727 -0.009527614479410236 -0.023826438181599872 -0.8233234174660549 0.010524656285353944 0.9990589208623365 0.04207660320725238 -0.38075844094485334 0.02340312899666426 -0.04231351194651465 0.9988301750166712 40.25036666202621
0.9989954944140131 -0.022090677107237115 -0.038988706865689136 -0.8805760109406061 0.021106294733687254 0.9994524242831669 -0.0254816051126392 -0.3780920642156993 0.03953026497119053 0.024633098314945395 0.9989146244212415 40.79761713129767
0.9990820275516935 -0.0393254332057081 -0.016991988229567666 -0.7948873129406471 0.039339621097298674 0.9992257399203028 0.0005011732695689307 -0.3870364259792046 0.0169591267860406 -0.0011691724288765914 0.9998554292088446 41.31015739245652
0.9997765205913873 -0.018686109813999503 -0.009892083289774456 -0.7740189569331182 0.018595159210556027 0.9997846581658237 -0.009208345789710587 -0.3189480066024647 0.010062025586942651 0.009022341331174358 0.9999086014541069 41.82701465733247
0.998843972699221 -0.012915727173883186 -0.04630353476378542 -0.8307960874242093 0.014998855227819612 0.9988776389799952 0.04492697374192068 -0.3757570897731795 0.045671301820255666 -0.04556953336371493 0.9979165336254193 42.31964489045849
0.9998870098649958 -0.004754767755662044 0.014264460187503096 -0.824208213909436 0.0053391726209467815 0.9991360251521249 -0.04121447271211846 -0.35523256944393655 -0.014056164151072467 0.041285971537809225 0.999048422784128 42.824207952142416
0.9998245998492156 -0.00033190283481716415 -0.018728975265018027 -0.7951961079054564 0.0008589335424474319 0.9996036346930816 0.02813844387225037 -0.3481802459130728 0.018712216013716584 -0.028149593361741027 0.9994284925042617 43.30416146749
0.9998725213515992 -0.014309273658223279 -0.007092310694223846 -0.7818127616293871 0.014135965361447048 0.9996140752827302 -0.02391257539358883 -0.31935734658442383 0.007431749755174856 0.023809267268571837 0.9996888246607673 43.76610364910624
0.9999815377269728 -0.0012991412160638816 -0.005945719040861988 -0.7390912705645516 0.0010567568102808694 0.999175274263226 -0.04059052658013101 -0.30813706774064753 0.005993553002448885 0.040583489333038694 0.9991581035951609 44.23520585159831
0.9999583735558277 -0.006292403171320801 0.006616037751291518 -0.6988461485799202 0.006297540187448168 0.9999798535166682 -0.0007548710963814077 -0.27351972902604527 -0.006611148571787418 0.0007965035782435103 0.9999777580329113 44.69479135832663
0.9996183189103818 -0.009582997444754078 0.02591327452039493 -0.675053555166517 0.009125005501516884 0.9998010478495462 0.017735142388723337 -0.27508866388809095 -0.026078067030415722 -0.01749191355790902 0.999506791194515 45.11675616728796
0.9904511724607402 0.13784018190150932 -0.002565909840258629 -0.6810962347759443 -0.1377874408803815 0.9891086667898149 -0.051753949223210194 -0.3091359700347045 -0.004595819588456613 0.05161330701072207 0.9986564631171118 45.366701375199014
0.9924736800172475 0.11974515722582933 0.02563428295834249 -0.5985464644695181 -0.12010736751296303 0.9926745808006934 0.01308440845288888 -0.3264236504798598 -0.023879715627118738 -0.016064798444310628 0.9995856480444102 45.76224714251529
0.9876398955516084 0.1290793870815562 0.08891553977940223 -0.49312801017287966 -0.12131176914807569 0.9887194453150225 -0.08784712838452247 -0.17802880287771286 -0.0992517840697704 0.07597482399897225 0.9921575962623804 46.12341463009705
0.9929222061143782 0.06380329508276937 0.10017313417449741 -0.5002923279672064 -0.07477677796859998 0.9911240820713992 0.1099149319157747 -0.22454179063182936 -0.09227107845192287 -0.11662759937249675 0.9888800925743118 46.48831201228078
0.9991179715344425 -0.03417299568491457 0.024403073405295416 -0.6417733203394455 0.03497993267892272 0.9988281527392604 -0.033444438230344084 -0.21184262207377227 -0.023231589309108965 0.03426855636382417 0.9991425051746943 46.84216177341016
0.9919860568152987 0.050798928866881976 0.11568559365286889 -0.54258570071957 -0.04853721629596028 0.998572615088894 -0.022286226061298754 -0.2710469896914626 -0.11665258929905 0.016492567603486545 0.9930357269340935 47.16078081431844
0.99623417657612 0.08608003365773119 0.010378723234983876 -0.5161056646201003 -0.08604306526178904 0.9962834548618454 -0.003958955946852478 -0.20839971940143148 -0.010680946721776163 0.003051028778375836 0.9999381955622917 47.497651866539435
0.9672616442855058 0.12001133621849819 0.22361175135031428 -0.4717260571968671 -0.14325432221944312 0.98551698437492 0.09074291992932641 -0.3276470154501393 -0.20948300461333202 -0.1198054947708456 0.9704448982527216 47.77325868585158
0.9919451771443765 0.08677053521724724 0.09228035775249607 -0.3910607294071013 -0.09202907483701071 0.9942725842234724 0.054336750818486775 -0.28711297675243785 -0.0870370085521483 -0.06239155373791079 0.9942492843891388 48.03987402959121
0.9885202297638588 0.1456171061510882 0.04029191497800984 -0.27646562114051454 -0.14926064882947807 0.982552517142901 0.11095771541646247 -0.2964087095817246 -0.02343159010302508 -0.11569794299889143 0.993007921879237 48.29592459109783
0.9842394916993825 0.16306771875798579 0.06842197561611538 -0.17644166269857725 -0.16237802007785954 0.9866058165196516 -0.015561049080134315 -0.3312039582842486 -0.0700430318879334 0.004205572058303062 0.997534998479482 48.56504019599552
0.9904063180753273 0.11822426483326554 0.07154280529803046 -0.06508453190286267 -0.12399394957298088 0.9888522821400236 0.08244070244150378 -0.37425661006579825 -0.060998783113147236 -0.09052066712579174 0.994024619225132 48.799857741902905
0.9893886398202014 0.058405055964236605 0.13303756424916496 0.06425980419899291 -0.05471855601863585 0.998014057606396 -0.031202969258407053 -0.3771336488073007 -0.1345957771658963 0.023592238447125918 0.9906195886403691 49.04275365552534
0.9924114560060321 -0.0065839667657216685 0.12278508882767332 0.22087176636540906 0.013843676615154244 0.9981991352470684 -0.05836646171448728 -0.4125689491006704 -0.12217969365785329 0.05962334071487424 0.9907153809462751 49.281174418048955
0.9611210865665527 -0.017429507153580673 0.2755766570417693 0.37299007468363576 0.03125881150245133 0.9984580974789282 -0.045870678276015195 -0.41708406635006223 -0.2743522448153403 0.05270147357782782 0.9601839338331802 49.516189014103425
0.9559453479688312 0.15734126182662456 0.24781493839629667 0.5371234159055757 -0.16105651662740514 0.9869306316973787 -0.005341489731143748 -0.43555002809176085 -0.2454165943623995 -0.03480603963734728 0.9687925583736575 49.73120222609527
0.923009424555401 0.14150493473197892 0.357812772685954 0.7283504402888287 -0.1722600888438373 0.9834913630195871 0.05541665364019023 -0.4457218287259574 -0.34406404303732613 -0.11278695291191837 0.9321474260467095 49.94058152093332
0.8950856160518944 0.13526159807449398 0.42488358957735634 0.9359158977223302 -0.1353911812297224 0.9903363189812296 -0.030050094762193436 -0.41325013275226014 -0.42484227341543285 -0.03062808452296136 0.9047489980660453 50.155162768430706
0.9115130324510715 -0.007797894961271222 0.41119728741180855 1.1194278140652223 0.0031614271985985526 0.9999234488867519 0.01195435434391113 -0.4091415159172056 -0.4112590285844092 -0.009596579585415547 0.911467883916883 50.35539957278995
0.8772407073557452 0.11084330577596901 0.4670787166971448 1.4257749164964215 -0.1468221408603451 0.988303718129992 0.041216799086137054 -0.3518870409505903 -0.4570470247121418 -0.10473455031103021 0.8832544806095111 50.55018751202791
0.8870628263395731 0.13412793867851874 0.441734380438182 1.6362808873553005 -0.1573400299246719 0.9874124397959755 0.01614291060345016 -0.45166186388425295 -0.4340088062006406 -0.0838222764094656 0.8970005398335509 50.748634376186935
0.8844233581608019 0.08825845081355445 0.45826389129885176 1.8282744052691555 -0.10243693876961288 0.9947205687048185 0.0061211611938933475 -0.42266912408526636 -0.45530427309489235 -0.05235684821569836 0.8887950076875442 50.9133317658041
0.8196063038021341 0.13918688752360983 0.5557630266382411 2.028928483584454 -0.20546487112262735 0.9769237411089107 0.058343771180999225 -0.4183814296295569 -0.534817403580661 -0.1620086995154245 0.8292908491309989 51.09591758445518
0.843108656975386 0.10701456618773382 0.526987381087647 2.3733615622568056 -0.10421835049751095 0.9939347140363666 -0.0351016309637123 -0.4273633474370621 -0.5275474345000545 -0.025327267519340453 0.8491478200032467 51.263101554401345
0.7492747847193906 0.1355654018262715 0.6482355617213521 2.655654046107392 -0.19605723976457554 0.9803545402604862 0.021594882954891006 -0.41466324729828963 -0.632573150661009 -0.14327177482085465 0.7611334928554508 51.42993836322025
0.7861423827040461 0.03955241017771037 0.6167785547782476 2.9041115851988604 -0.04172482685382399 0.9990697414473267 -0.010885558859266614 -0.4098767938123395 -0.6166353356565296 -0.01717737961763532 0.7870613615170563 51.59043802968833
0.7593947363802794 0.0027839334052056548 0.6506242454301299 3.1544679069714725 0.04450213472993781 0.9974265991030156 -0.05620982342579943 -0.45812086708178 -0.649106406205193 0.07163960992098684 0.7573165956570604 51.741078869750545
0.7114529224164949 -0.0329430791485209 0.7019611936496544 3.463981385959228 0.05305982638335483 0.9985672984190711 -0.00691449170182362 -0.436285397053257 -0.7007276999001765 0.042165273424029676 0.712181554558623 51.89138993582301
0.7001681448410806 0.01651206811979313 0.7137870447304374 3.745622200759119 0.019754628749319783 0.9989016729292775 -0.042485377547527174 -0.47222083622342687 -0.7137045859521094 0.043847504570814884 0.6990729194280754 52.077229960107914
0.6777358782543577 0.0429648912322082 0.7340491278633899 4.094725024477803 0.07617011540776181 0.9888183683127791 -0.1282035602052844 -0.48883688752932297 -0.7313495037250184 0.14280075538205522 0.6668850230791928 52.21366326813538
0.7243281779736471 0.18787858189365983 0.6633627572466838 4.2595966828078415 -0.12850413649198567 0.9820837733662483 -0.13783311666763215 -0.581196746530204 -0.6773738730130944 0.014591542181440258 0.7354942150192968 52.484327414440024
0.6393911916853755 0.1265509624237709 0.7583953959167287 4.758963365998387 -0.05861982268885129 0.9915143611472171 -0.1160293371605048 -0.5439039344185804 -0.7666437440379615 0.02973113020405766 0.6413840089175047 52.615992500800935
0.5723336193285131 0.19815507007703526 0.7957189296680135 5.115800470860499 -0.11297367265999635 0.9801650418985672 -0.16282892550417696 -0.45353304692290175 -0.812201452179089 0.0032971656847771385 0.583367763119861 52.86543292682776
0.6497574240546904 0.016762195253641584 0.7599566680666806 5.462311409174375 -0.026906121984098155 0.9996374173783911 0.0009557363600191101 -0.4590793564517175 -0.7596652934191236 -0.02106848736672701 0.6499729056548117 53.12531662377692
0.643929570159302 -0.041805208502562884 0.7639416547482096 5.75619063175341 0.026924069901854163 0.999125689976569 0.03198076209094 -0.4585077359812592 -0.7646108884260502 -2.4935269988751023e-05 0.6444922078267531 53.406562855864934
0.5470169317584453 0.14327868856241063 0.8247687629974422 6.145754508386922 -0.037011666439035404 0.9884197999144004 -0.14716064263156367 -0.5951003719154273 -0.836302959152276 0.04997329713526426 0.5459853911575117 53.57892705364059
0.5325584517967091 0.17762869137975512 0.827544175293094 6.628367268234944 -0.164728151542458 0.9807862481668838 -0.10451215504086218 -0.48826609599486337 -0.8302085017372306 -0.08066101792632778 0.5515864946689283 53.676028785360685
0.4797470860461783 0.08368509424177617 0.8734067535088476 7.024317038584707 -0.14012057242230916 0.9899727581577678 -0.017888050332526183 -0.6531036475414013 -0.8661460563137314 -0.11380054059960977 0.4866625764965404 53.838731901037036
0.5097923525444515 0.1725670357747744 0.8428120751947141 7.460611943846729 -0.0935215568179733 0.984985761676131 -0.14510887898673658 -0.6600818725430613 -0.8551991034116081 -0.004845712904055388 0.5182769817976458 53.95150419590762
0.48216296353231836 0.07292065364350778 0.8730413927832142 7.927068143559014 -0.10306740354862211 0.9943310247002957 -0.026129345559311748 -0.6811722067658579 -0.8699977128763507 -0.0773835254963552 0.48694536330323307 54.027203738321255
0.447536752327205 0.05328585910009158 0.8926764762103359 8.436473584982995 -0.14742492911525312 0.9889612642785047 0.014877065812083456 -0.7331802445011054 -0.8820299202662454 -0.1382608286849506 0.45045219532966635 54.08641984332655
0.417239366386777 0.051033487646238204 0.9073625035886931 8.928231121326142 -0.1894643972236994 0.9813682944707222 0.031926976797669496 -0.7664387809362982 -0.8888276477250581 -0.18523411887284763 0.4191345262750181 54.15480398303091
0.377285111239457 0.10648249221334011 0.9199550219070416 9.433015700155881 -0.01485717688008282 0.9939358321571263 -0.1089524892071176 -0.8073393975246463 -0.9259779967278876 0.027438216276494936 0.3765792229189183 54.218825823378154
0.37000939270947986 0.1016517506337299 0.9234499388395555 9.951382868031441 0.07056583915651665 0.9880491364179788 -0.13703716803471788 -0.8768767674174551 -0.926344185925714 0.11586907505923344 0.35841431879514546 54.24317066115083
0.32866147414506625 0.13512626424189841 0.9347311628311852 10.489663063155007 0.08451225212584296 0.9815336724349019 -0.17160754112866192 -0.9110215408924495 -0.9406589998511746 0.13539704022756785 0.31117246788147285 54.26875311542031
0.2992731984917067 0.07964676366823831 0.950837401633233 11.042051454736233 -0.07307693938070751 0.995496360550053 -0.060386886966459934 -0.9655480729394441 -0.9513649959004313 -0.051412124563280634 0.30374570827273617 54.274528785381314
0.15053435568800796 0.03178167267671615 0.9880936958013573 11.572597887411316 -0.11200302101692558 0.993596132800001 -0.014895208058894565 -0.9942067379642342 -0.9822396674288262 -0.10842725989594419 0.15312995236599022 54.28920874524978
0.14037683399536016 0.14796584924537373 0.9789791982353114 12.159083284551048 0.005532070802771173 0.9886371988311375 -0.15021885479229113 -1.0577445567941401 -0.9900827110445402 0.026503024950390284 0.13796315533509912 54.287712671731455
0.1391683525415193 0.10432244787440878 0.9847582521427732 12.741401335973519 0.13682152550515456 0.9828721504672655 -0.12345859649877668 -1.0488314476121936 -0.9807711602839209 0.1519176783112533 0.12251109110074118 54.26267291345391
0.09206505454508279 0.06601659800773854 0.9935621033242031 13.378506839014495 -0.0846064858107463 0.9947100762361561 -0.05825311878491132 -0.9325228830256675 -0.9921521035578171 -0.07869873981453711 0.09716341404173871 54.23242975658321
0.11641049356236234 0.03779565749748477 0.992481689456193 14.078913303430143 -0.08218351418872373 0.9962152838753987 -0.02829836079710472 -1.009081042641351 -0.9897951798092357 -0.07827142304791981 0.11907604138238959 54.091988306438004
0.1343757441588753 0.06831822566467347 0.9885725052148164 14.550857116285707 -0.07286503951260571 0.9956010019621251 -0.05889949035426051 -1.0275296784071897 -0.9882478830639957 -0.06411772758556598 0.13876258825648324 54.17130641382625
0.046598634699542556 0.026421853173751782 0.9985641048835685 15.138602806510377 -0.10452047965600549 0.9942917013861753 -0.021431307524643575 -1.2055430016555881 -0.9934304498193505 -0.1033717496453857 0.049094195357686894 54.13548901156598
0.06253343861061164 0.12590683670866615 0.9900691168643071 15.89280412170351 0.016826950926853886 0.9917366009822182 -0.12718170878665794 -1.1696695117211078 -0.9979010213636554 0.024612950782699875 0.05989800903190066 53.94676361270709
0.09120714117452532 0.06056770098299239 0.993988244215858 16.484986587829255 -0.032176773984931545 0.9978066427183293 -0.05784788689530207 -1.2616607962353323 -0.9953119821253308 -0.02670720278872067 0.09295590797679996 53.893692986969654
0.03744774484933975 0.10362961132772126 0.9939106542867336 17.097620844061915 0.09114668226685951 0.990108168660999 -0.10666731325790306 -1.3132902678348277 -0.9951331414624007 0.09458612063774707 0.027631753775672473 53.83149796913675
0.002006765504154374 0.014089074155840342 0.9998986396253179 17.718769076055285 0.036106057896619026 0.9992476578523369 -0.014152381952782669 -1.393811281002519 -0.9993459574522189 0.03613080598165816 0.0014964804935181746 53.745821487306785
-0.01339973947870128 0.002317113029853973 0.9999074440227099 18.380305573513585 -0.007992625658281384 0.9999650290933335 -0.0024243722090573475 -1.4306072911140655 -0.9998782826730989 -0.0080243720533447 -0.013380828176468988 53.67648961475982
-0.005736629233043817 -0.030138478537557484 0.9995291800840046 19.044005261786502 -0.17590176072983818 0.983990331801433 0.02866036546523964 -1.4828290269697164 -0.9843910160240468 -0.17565455840883692 -0.01094627572216476 53.58999745300989
-0.02157014521960234 0.08110887284909239 0.9964717247485119 19.705964509756676 -0.05447042260416559 0.9951278660710884 -0.08217859992283921 -1.5452862203645203 -0.9982823825941685 -0.056050855497022635 -0.0170470956765721 53.50954840704049
-0.026954516895349542 0.07480062292286482 0.9968340872519532 20.3637628993092 0.014420559038048565 0.9971216899953391 -0.07443229662334784 -1.5841035630594122 -0.9995326919464024 0.012368615239563343 -0.027955605316192792 53.496024469572546
-0.001957366940275181 0.045562074891367085 0.9989595300733656 21.053014336021555 -0.03769938145298143 0.998247895207123 -0.04560351209466679 -1.6870311670162823 -0.9992872586237025 -0.037749433212081 -0.00023627452910151626 53.45624167696199
-0.05810130783342925 0.10671954171649477 0.9925900735560532 21.73263944965731 0.0009204714374572707 0.994274956627197 -0.10684684047305808 -1.6778893787720994 -0.9983103179239015 -0.005294297177442706 -0.05786691909231628 53.37763387494744
-0.07889225867973083 -0.0204220267946469 0.9966738829828712 22.424394741628685 0.029173898830824347 0.9993145120033505 0.022785383237315056 -1.7402156991863964 -0.9964562182158384 0.030874454406278874 -0.0782424055437019 53.31653053772313
-0.06763482015412377 0.10827457590681627 0.9918175356349893 23.105414894381685 0.042734597941759996 0.9934958881614293 -0.10554363224678996 -1.8028553834413796 -0.9967945551355059 0.03524650113893494 -0.07182200074373322 53.32068546960755
-0.10440386016389007 0.09009483380682595 0.9904456732109764 23.79693088590516 0.021335783834894536 0.9958618756570425 -0.0883385131397657 -1.8176919939607319 -0.9943061485279286 0.011909049957036575 -0.1058940900609579 53.2559374695627
-0.030512940914459594 0.09295004547612257 0.9952030577529807 24.50261703544204 0.06263911074750483 0.9938873691703072 -0.09090667286423136 -1.8758919970047538 -0.9975697481528477 0.05956481205996567 -0.03614874155051774 53.23492687365611
-0.14102152181390565 0.06686824242972503 0.9877456379138277 25.195132080343814 0.061495143306154604 0.9963812485707968 -0.058673152369824996 -1.9647252821202836 -0.9880948204472952 0.0524673881704917 -0.14462330298038095 53.194179528464886
-0.048346331817083824 0.0102142578070341 0.998778342684416 25.897810521111943 0.04605898959792389 0.9989066902428687 -0.007986089657185577 -2.0244743558687963 -0.9977681604312293 0.045616627450700345 -0.048763942732981694 53.143017182062465
-0.038213197278212416 0.03881016454987609 0.998515597955051 26.592257506529958 -0.007377450694865761 0.9992072003283212 -0.03911940689785471 -2.0734360962765015 -0.9992424256213227 -0.008861384882484691 -0.03789658925999902 53.075470720441466
-0.055579613561825725 0.10766392678954706 0.9926324909566068 27.30205824757781 0.0044496288123718 0.9941860070513582 -0.10758330795000619 -2.148242001560667 -0.9984443938339177 -0.0015625985472479636 -0.055735549594148295 53.01357058036641
-0.03541107926468097 0.06902375623188955 0.9969862853716173 28.017356584640364 0.01299100939508914 0.9975594102897684 -0.06860204501312578 -2.1800899532111844 -0.9992884417455599 0.010522582363938571 -0.03622135054475333 52.97168653728694
-0.03554149396774735 0.06959844046114431 0.9969416913591598 28.724285938473294 0.06547734714010105 0.9955906351958647 -0.06716984505376206 -2.2495639244124694 -0.9972209480737817 0.06288978871451413 -0.03994190755876207 52.908348657821655
-0.04281835014765067 0.06592030055837948 0.9969057024328183 29.436021978813237 0.05780276829992426 0.9963128344166743 -0.06339842203268935 -2.2964651758842214 -0.9974094089328358 0.05490929989212809 -0.04647085687576907 52.861034751098785
-0.08904188211782255 0.09232044961167521 0.9917400639737002 30.159675611402793 0.08852853811186846 0.9924878255985414 -0.08444168367110948 -2.359001011422191 -0.9920858527505186 0.08027846362035158 -0.09654599853019798 52.80142086899328
-0.06962722325526058 0.07984388960035681 0.9943726060956191 30.865461237377122 0.009783709227114724 0.9967984071245116 -0.07935362972512784 -2.4028333018808024 -0.9975251519224576 0.004203474786788755 -0.0701854889771095 52.75327166765063
-0.09442860163706474 0.048438923430334895 0.9943524458500232 31.577891602637763 -0.029420608045502547 0.9982434304332655 -0.051422421003060444 -2.4699756657070027 -0.9950968622015253 -0.03411021409859748 -0.09283764813903514 52.701081668188394
-0.12095089523125943 0.14628185095094748 0.9818209499207413 32.3064379655068 0.038436971214307065 0.9890306550843232 -0.14262098902371184 -2.465257707536913 -0.9919140981247978 0.020488086198388555 -0.1252468005433966 52.6413104612041
-0.11128231779143634 0.03527352852046768 0.9931625751158902 33.01341912532065 0.07581029812296049 0.9967590498169657 -0.02690686286515975 -2.542850100865603 -0.9908931032554849 0.07229770303514044 -0.1135957782565819 52.59467648473584
-0.10413476894477956 0.027954246488518974 0.9941702000554137 33.72569172191526 0.04787337236677449 0.9985869909295478 -0.023063948648486474 -2.579829975577875 -0.9934103828137238 0.04519252543460081 -0.10532591202498319 52.49600799254689
-0.051645969855638636 0.04758977350075996 0.9975308436003177 34.44342448393326 0.029967738355132206 0.9984878525266941 -0.04608391234765235 -2.686856062627455 -0.9982157726897384 0.027513695311829674 -0.052994042163977156 52.48657710312688
-0.05168740538016862 0.07786516057376137 0.9956230740456116 35.153147618819446 0.05234718552319871 0.9957963432479607 -0.07516115289526945 -2.7034654098551503 -0.997290471435707 0.04823318572214201 -0.05554616242189336 52.40597552186468
-0.10068371153214609 0.055984855114949696 0.9933420170857643 35.87543163345124 0.031269227978167065 0.9981002680655511 -0.05308365315124384 -2.6978317198686423 -0.9944270332536731 0.0257163787213098 -0.10224306421915139 52.36645995079472
-0.055782520032423684 0.061154806837733076 0.9965682499144836 36.58671189573858 0.024543631447568992 0.9979047110419492 -0.05986302530282604 -2.7920392772402858 -0.9981412830521343 0.021120092372780234 -0.05716661216448819 52.33692167776526
-0.13613975251274896 0.043369772882735795 0.9897398179643032 37.301611435634584 0.018884989627242544 0.9989732809697519 -0.04117675361250626 -2.8398973074252765 -0.9905096778889741 0.013085430306657608 -0.13681904218028645 52.30939587622677
-0.09231725905195876 0.0717120161989855 0.993143890426737 38.00578410253394 0.05193261819349691 0.9963923904077138 -0.06711923321915425 -2.867638108697563 -0.9943744897319119 0.04538030312945794 -0.09570842721223331 52.289543608585255
-0.07759935209319624 0.1260549212536984 0.9889835054542543 38.701916127796196 0.045921205112747304 0.9913737336945778 -0.12275645410414238 -2.9434687957785384 -0.9959265450083534 0.03588949537600609 -0.08271857016740905 52.26717739740671
-0.08023447175559842 0.05500319039492279 0.9952572307030101 39.4140332304451 0.05931074990387995 0.9969705476076721 -0.05031645964746021 -2.9816332152958474 -0.9950099314798713 0.054992344538176245 -0.08325370309948589 52.235049619936326
-0.06850662488045473 0.07201516593413955 0.9950480063299016 40.123077712489454 0.07390513040854425 0.9950170309112631 -0.06692476267113252 -3.0146595266521516 -0.9949095301811445 0.06895437255229478 -0.07348756385821072 52.217027988352896
-0.07413147275342982 0.10385422347353375 0.9918259432442073 40.83316578667205 0.04353878582133306 0.9939511876382731 -0.10082259014936688 -3.068210854187842 -0.9962976455806251 0.03570877242401997 -0.07820476816431161 52.186916875295694
0.09072607147766262 0.134973640511271 0.9866867163445022 41.59877465207824 -0.025040804729751183 0.9907687747911055 -0.13322954638135778 -3.133596555002974 -0.9955610641151531 -0.012620051218736033 0.09326841706572443 52.26489766130341
0.005915072329140326 0.12852718052211584 0.9916882351201451 42.35989947798109 -0.018046812430528667 0.9915578607217089 -0.12840264963640524 -3.240758976709585 -0.9998196936559921 -0.017137316620619323 0.00818463520802198 52.28644318050066
0.04581640651150999 0.12315912014714765 0.991328637692004 43.148301021734504 -0.02488435124092447 0.9922035801886376 -0.12211774463906575 -3.22749590565792 -0.9986399357546609 -0.01907359013249922 0.04852393813562288 52.332964653912235
0.12270768628378693 0.04469731636411129 0.9914357031729581 43.920119216447105 0.08039795767170246 0.9952541582060067 -0.054820142351478314 -3.2865923151420087 -0.9891810178485542 0.08643626388895326 0.11853177594984032 52.38540948758165
0.124504352365661 0.0755000982424038 0.989342297335319 44.70155398092329 0.022821254409776483 0.9966190739348461 -0.07892737704990867 -3.3390768980832304 -0.9919566272362662 0.03240482853728628 0.12236042034222458 52.52812126284026
0.09970566107247204 0.14670476452463743 0.984142404891286 45.47084466549165 -0.055233798570516496 0.9883620319280689 -0.14173792848089226 -3.5054942868607135 -0.9934828139250901 -0.04022587024213799 0.10664836377344686 52.61219371484425
0.13287118894216135 0.1424375967549609 0.9808448185462875 46.258370818284845 -0.006166556341386212 0.9897191832195081 -0.1428909758583882 -3.4739175058568303 -0.9911141778056515 0.012937648847497946 0.1323835317995852 52.68302314135425
0.08831055426410488 0.04577058394066905 0.9950407426536004 47.029766346068804 -0.03365832431303752 0.9985103583517458 -0.042942991282285806 -3.5980079037347794 -0.9955242123395237 -0.029699102385692674 0.08971957233547558 52.78111393650546
0.16360623671681618 0.09728449350001969 0.9817171214362811 47.81130458075281 -0.011175836484890057 0.9952447081322694 -0.09676254774002636 -3.6743249167958294 -0.9864624627068163 0.004859434900784708 0.1639155003642244 52.851968908202366
0.14146822247069651 0.0380474177654706 0.9892112595000592 48.56930790860339 -0.001413436399517478 0.9992678462367733 -0.03823209000864306 -3.7345419035196734 -0.9899418348945412 0.004010427646056464 0.14141844184027183 52.94377929953277
0.13471904176503863 0.07214747014266226 0.9882536628959467 49.34170114571786 -0.02830059435019456 0.9972189898503911 -0.06894404740625128 -3.8058909006824577 -0.9904796556018889 -0.018680105825586706 0.13638622064532138 53.04139129895422
0.12354823675752102 0.048643824558268184 0.9911454945747289 50.10903180864878 -0.037995948599383225 0.9982972536898629 -0.04425856071851623 -3.855494161667722 -0.9916109284734504 -0.03219146437660048 0.12518614879497447 53.135917800374074
0.15130209008214146 0.10956339215205922 0.9823967225750714 50.84951893497533 0.009766422312793835 0.993624083314384 -0.11231970924295788 -3.921491903456385 -0.9884393690409277 0.0265887008729678 0.1492673789301139 53.23821278191943
0.13499624342514716 0.12346734391737539 0.9831233946643825 51.5910350969841 0.045499236530784894 0.9903869280365719 -0.1306272225876441 -4.010109518238131 -0.9898009532177555 0.06236554803756336 0.1280808616616961 53.333392866341725
0.16685530177565747 0.091087695392539 0.9817647986696012 52.32692375638797 0.04965581086581627 0.9936836856475328 -0.10063275985859585 -4.042335316779438 -0.9847302674074992 0.06554143742612821 0.16127838084652743 53.45679485136574
0.17156004110740097 0.11139856941392762 0.9788550918890341 53.07347976092794 -0.045424473522915954 0.9934241422205978 -0.10509524199505646 -4.090108509163249 -0.9841259361255112 -0.026433850867451467 0.17549213392687696 53.58771641745122
