0.9999492878044192 0.005737002206844285 -0.008276993724398747 -0.07912108287242257 -0.006424726262371286 0.9963081668675458 -0.08560817440808126 -0.08314242927823898 0.007755302495559512 0.08565701116037805 0.9962945004978564 0.8784099816844932
0.9935941030782985 -0.07998104130673872 0.07983602795430818 0.057716280545244567 0.0881851833237125 0.9905368729219274 -0.10516689985072612 0.06675551899191534 -0.07066917091372976 0.11153356697018556 0.991244738559188 1.8919324875214132
0.9975052381523369 0.011326309225585762 0.06967793465635914 0.05751152386560942 -0.010953282639557745 0.999923574328027 -0.0057333325806515996 0.08071728900051811 -0.0697375466388101 0.004955827885545287 0.9975530634300958 2.9253618717579197
0.9974597968984409 -0.07000679615312497 0.013153024887681357 0.11328262157228568 0.07047354234524748 0.9967426076205916 -0.039212931323940346 0.037944944103919145 -0.010365008244610459 0.040040263456872616 0.9991443058469549 3.9011297226280433
0.9990371023740952 -0.02285576509609596 -0.03744972739344855 0.06342253172173307 0.022614842507577632 0.999720823181027 -0.00684431125877036 0.05316125030340009 0.037595704624770875 0.005990801905263307 0.9992750738842127 4.878368854552455
0.9994431428888857 0.027670068592105586 -0.01864863095496766 0.1227371702620681 -0.027486893529079785 0.9995720612127914 0.010008252941077525 -0.053062526286813225 0.018917579848973777 -0.009490086119105973 0.9997760066325405 5.848494052888982
0.9993022384002774 0.007310959372936851 0.036627669885517716 0.2017217737069699 -0.007492883540877975 0.9999602532309716 0.004832044545950139 0.0354588800989408 -0.036590886837268036 -0.005103119080678945 0.9993172995481018 6.775682926224997
0.9968869855042706 0.06324102470958613 0.04708408357279403 0.2451739473421446 -0.06477469140393198 0.997393376715898 0.031791373622165386 -0.06965287498644164 -0.044950833765737254 -0.03474226286650112 0.9983848945745725 7.743529319780163
0.9960430481484852 0.08856122192433527 -0.007426722449557286 0.32658416180591904 -0.0886951783053889 0.9958534207636756 -0.020226954755002562 -0.06333274829895079 0.005604603403925934 0.020805632880561493 0.9997678300791258 8.674957275423733
0.9986444894285599 -0.0025077153016916155 0.05198937485618267 0.445324690787297 0.0018849986921356588 0.9999259402678403 0.012023342272692956 -0.08560121461521443 -0.05201567531459184 -0.011909043889936539 0.9985752571515052 9.611809730575201
0.9991490806208829 0.02401413757417624 0.033532609367793516 0.5476668494999346 -0.025446669814821597 0.9987523150994837 0.04296836136923221 -0.09353061389596862 -0.032458922773646016 -0.04378509127666716 0.9985135372714126 10.531348228514627
0.995734990136215 0.05000107864673092 0.07753529230353871 0.6939500589764782 -0.055660302702113106 0.9958043907732731 0.07263295408958445 -0.08667835185325679 -0.07357825816615976 -0.07663881093711035 0.9943403504753188 11.426426887599622
0.9974211223658017 0.011680964435862857 0.07081426218208288 0.8014629504219112 -0.011106584252499191 0.9999021970292202 -0.008499421296818355 -0.09224538065090528 -0.0709066174426265 0.007690998476541766 0.9974533072506597 12.323554039105224
0.9953755921438453 -0.06087251074945825 0.07430994549416813 0.9285641335163943 0.06568345103625889 0.9957787661521816 -0.06411187986953781 -0.15004902605013307 -0.0700936143543417 0.0686963347437094 0.9951721955619163 13.247816085920261
0.9992751227666666 -0.03557407802730261 0.01355411347785853 1.0606365227941128 0.036018456653146846 0.9987695604592867 -0.03408864738133257 -0.15271011980052257 -0.012324763392563685 0.03455213624520052 0.9993268985112982 14.139070510990654
0.9985463880179358 0.004159335540342902 0.05373835598710364 1.1852240588069878 -0.0017984814869948388 0.9990340360893553 -0.04390626606025271 -0.14248248397312285 -0.053869067228320265 0.043745796660665866 0.9975893087190111 15.045995712431552
0.9921196841533814 -0.041127396501487036 0.11835146628751195 1.3489944961985252 0.037153696424155495 0.9986756345073907 0.035589041617921896 -0.18294771936485116 -0.11965840995057622 -0.0309113935819588 0.992333789949189 15.934288025067124
0.9976190454150294 0.057165331574522776 0.03857933502771086 1.4998449115809955 -0.061298339870881756 0.9913338597395468 0.1161881752286624 -0.2247379362041076 -0.031603065240779694 -0.11827638492483837 0.9924776788605869 16.832857132133615
0.9906655421433961 -0.015979344918548095 0.13537519767559045 1.6446387797995987 0.011345128539127195 0.9993251888557392 0.034935010761010014 -0.24036497733980317 -0.1358420832243972 -0.03307306165013004 0.9901783177884389 17.73574447651308
0.9938512918080151 -0.011199002525644715 0.11015530905939214 1.7742506297397616 0.010796682907297971 0.9999326903490188 0.00424810658680068 -0.1377352409503703 -0.11019546875385643 -0.0030326735679257364 0.9939053081441653 18.639648437753376
0.9873444570426939 0.03310931213350392 0.15509576589034987 2.106647971619754 -0.04500054365020761 0.9962574564695309 0.07379723233324288 -0.20236834185246358 -0.15207193733065366 -0.07984268135110838 0.9851392145839933 19.534595489788966
0.9852823071270375 0.04238392836133463 0.16559703463251887 2.075434449815445 -0.04091525718310483 0.9990872565179779 -0.012271739608573595 -0.20304476484411643 -0.1659660112441968 0.005315683379548731 0.9861171465003028 20.432712555213094
0.9880839886724805 0.05624932923635917 0.14326913236821576 2.220888618288909 -0.06563750142972091 0.9959363502391458 0.06166445230757261 -0.2915074152947247 -0.1392183524226031 -0.07033348514724172 0.9877608269291603 21.34094810513313
0.9856194025055826 0.05900064338596734 0.15834556351404447 2.5663931407689193 -0.05090856488994088 0.9972049803420446 -0.0546858775358794 -0.22363149323919654 -0.1611294862102633 0.04583831727784202 0.9858682149977006 22.253686905265035
0.9913968093678814 0.009141953686946706 0.13057101921165465 2.7315423528027116 -0.015860638867731626 0.998597641053406 0.05050932010312981 -0.2820860064715597 -0.1299261575828615 -0.05214571786127343 0.990151512489117 23.139198303587794
0.9865776836459133 -0.003998662007603615 0.16324363642731513 2.89631295613844 0.015418842026064966 0.9975146920868166 -0.06875098822212357 -0.331959179379588 -0.16256301341399898 0.07034521925974985 0.9841873890662579 24.05665779151315
0.9852694730632667 -0.024754094142035072 0.16920786114374245 3.041796688509255 0.02335256765579546 0.9996745575092537 0.010268235123886806 -0.3822686881076618 -0.1694069742223429 -0.006165539880720622 0.9855268962351103 24.924331665421395
0.9859966963262997 -0.03480196651115548 0.16309303467830596 3.206080679532791 0.02917997591475057 0.9988986900065373 0.03674147668287339 -0.40791799692157443 -0.16419209397349407 -0.03146792310383543 0.9859263289374771 25.885580063267412
0.9913631486196948 0.007048237684210937 0.1309558318838529 3.3437686012140655 -0.012858985615288443 0.998967211337854 0.04357932033450218 -0.4354767703466769 -0.1305134244487864 -0.0448868906657833 0.990429913262422 26.809862137255674
0.9915528893213955 -0.07638501706788899 0.10482460038526674 3.541057114555199 0.08243553473728052 0.995096839139428 -0.05465037371599517 -0.46417327722985535 -0.10013615838158668 0.0628300086299356 0.9929879857279945 27.736061096629665
0.3153664579420237 -0.035504846199159744 0.9483055024317177 4.658616558745436 -0.04285673866499655 0.9977473810581767 0.05160832059692647 -0.4205316730249942 -0.9480017444969412 -0.0569168174381071 0.31313441340832 28.110146310072192
0.33872016515749154 -0.06156242368926418 0.9388709392381799 5.7959602812580675 0.009000218452396007 0.9980234716246749 0.062194062146852434 -0.4330874762187361 -0.9408441195524558 -0.012616338894164698 0.3386047300815087 28.46494495280921
0.2903521192036733 0.004191468399864901 0.9569106548196575 6.936370019205826 -0.017155196662108928 0.9998524753738992 0.0008257895955868898 -0.3900546472516662 -0.9567660926594137 -0.016655762682750774 0.2903811668200843 28.787262561523747
0.2707944873352416 -0.11241882225848997 0.9560503526863292 8.07858631317958 -0.01612255317503503 0.9924885820797862 0.12127008259525163 -0.33288568319339146 -0.9625021652967802 -0.048253241824881055 0.2669479331058748 29.139133240498
0.2622527729879878 -0.02282879750546467 0.9647291080429585 9.193478559897198 0.03933636859795998 0.9991420846365191 0.012949904478490783 -0.2790886385032973 -0.9641971491782098 0.03455279305205593 0.26292575862021234 29.53118752688522
0.2543683272543069 -0.08746453192286155 0.9631441390498918 10.36688891122465 0.017820574201280404 0.9961567587828637 0.08575601599095875 -0.22901448271720426 -0.9669432197024788 -0.00464983063531523 0.25494937043179045 29.85074439849926
0.32002750623907017 -0.06679620636854341 0.9450505726710977 11.514606408659201 0.010911946048149877 0.9977051742795419 0.0668226747560809 -0.22743985191255486 -0.9473454152303603 -0.011072752234727196 0.3200219538360831 30.2211048610291
0.2534321093498385 -0.08208631565167433 0.9638640596961907 12.688652349315598 0.03178673000673603 0.996561734677708 0.07651318830059144 -0.20834882885100797 -0.9668307911308204 0.01124719071497335 0.2551699719000497 30.544854636410427
0.26142374648726574 -0.07509799102631239 0.9622982070840466 13.837863363068971 0.003372330063320071 0.9970336545025712 0.07689261597498934 -0.13120011916224839 -0.9652182454022606 -0.016856367685678924 0.260901502770923 30.903637282014447
0.3019661788590702 -0.10380529732483953 0.947650151645295 15.014877898063059 -0.02468037174511785 0.9928695382550932 0.1166229585798885 -0.11488297221849725 -0.9529991166435682 -0.05860454748325454 0.2972510441158469 31.250476573827275
0.2937163363288422 -0.017264358705794163 0.9557366679859244 16.185294931232736 -0.029125251610120497 0.9992110143863803 0.027000438142257062 -0.09357326414365841 -0.9554488178018317 -0.035766543338343795 0.29298174597713117 31.598737511244526
0.28311090567432295 -0.030072576381339488 0.9586155528045901 17.364908247399402 0.006964282069285721 0.999546383869349 0.029299837563593983 -0.08647845565758161 -0.9590618977848789 -0.001619034588090479 0.2831918916236278 31.976216572273714
0.2898686243760176 -0.07357306403644043 0.9542343043987896 18.54632450605807 0.021381017223314574 0.9972898063855561 0.07039779395863277 -0.03527158705882222 -0.9568275931146468 -3.6098103907125325e-06 0.29065606750677114 32.31120980068415
0.26633583388295895 -0.06014382655387049 0.9620020096434954 19.747408744176067 0.027567129489866383 0.998118374487126 0.05476969139178933 0.008050931614000112 -0.9634860073658124 0.011932504442527202 0.26749265688073487 32.670214563499435
0.21125584930495717 -0.059552565575787794 0.9756148732510075 20.945223663323922 0.020488099796488444 0.998192658387851 0.05649433351770321 0.0662204794554615 -0.97721605127446 0.008053738132345334 0.21209412761966578 33.018703964261235
0.23620836852773375 -0.07329021268359795 0.9689345045992821 22.116045829541495 -0.04501629904757733 0.995255501671417 0.08625528636043525 0.09856341866319174 -0.9706591302150396 -0.06399206777064659 0.23178839645184826 33.3922420601498
0.25561702102960926 -0.06792649014089967 0.964388849654476 23.32271802509899 -0.027021489846824717 0.9966369500371239 0.07736009384329108 0.11888773604477554 -0.9664004274911407 -0.045833781318877956 0.2529218669313772 33.69582896020184
0.26177525764287196 0.011929028144129251 0.96505509460048 24.517004478867953 -0.02220267692511081 0.9997333958465917 -0.006335106840988163 0.2179167436031113 -0.964873444820581 -0.019768435211550216 0.2619702979088497 34.04077972625482
0.245636298259141 -0.09662842441536632 0.9645339182285645 25.72301548680449 0.013569873492946267 0.9952645425275859 0.0962512552283131 0.2602539356327144 -0.9692670818853268 -0.010554196629313959 0.24578430674905227 34.38306082418536
0.24424412361126704 -0.04357170736217151 0.9687343481263098 26.93407580126813 -0.04013308544109334 0.9976798792903695 0.05499226422341128 0.26726795141714 -0.9688829400618014 -0.05230983821832362 0.24192875360294036 34.67287608532372
0.27670617636375355 -0.05519688415588673 0.9593679788185709 28.118754162390225 -0.02816951800521215 0.9974540013212599 0.06551296601320794 0.3026648715019514 -0.9605416074308292 -0.04515277745475671 0.274446788320468 35.078615182856126
0.26536456019751636 -0.0746419001161942 0.9612544719162662 29.336775680631398 -0.03209781870320177 0.9957621603882556 0.08618239487097093 0.34994288265200424 -0.9636137136630096 -0.053723926320772324 0.2618441198850248 35.34576894595153
0.22363056189406166 -0.0952932972385347 0.9700043722216675 30.534117521835583 -0.015547629317119241 0.9947336760068933 0.10130715795399552 0.4490212838793627 -0.974549973239913 -0.03773664452630074 0.2209712376194697 35.701809659615876
0.25852818629556484 -0.054151818372871606 0.9644846708467865 31.71994934618151 -0.005729820836814382 0.9983239899691001 0.057587632505943856 0.4573248083208795 -0.9659867260770499 -0.0204143507518373 0.2577845842237722 36.07567826882671
0.21520829841719558 -0.033183690972335124 0.9760041771358485 32.930800957440105 -0.07128008259677619 0.996222917562174 0.04958834098043796 0.5374212614614938 -0.9739633178211822 -0.08024148535468477 0.21203007358374432 36.39615787455335
0.2263029663343396 -0.07906308861336869 0.9708428906306057 34.12692111586597 0.008896568018573912 0.996826538882602 0.07910535803034371 0.594299038594467 -0.974016337714171 -0.009264605875114235 0.22628816469482513 36.74015005963275
0.23954897513907494 -0.03830704842333084 0.9701282293551241 35.30477383828606 0.0040510371649763255 0.9992520314347065 0.038456754722490716 0.6393666721507109 -0.970875834389763 -0.005282250675931547 0.23952495603355722 37.06118461301635
0.24940254661809613 -0.04110979316706139 0.9675268872165603 36.50044582574555 0.04596568165822064 0.9984749453750601 0.03057604912756986 0.6808079414235145 -0.9673083968741237 0.036847290899617226 0.2509118072695489 37.39727924111115
0.23616217235462922 -0.017468504312582542 0.9715565874135281 37.705613720616256 0.047587100895905975 0.9988466181827297 0.006391899993950429 0.7288522794040376 -0.970547734228762 0.044724038340005684 0.23672103521883628 37.74602476068708
0.2540392790781053 -0.02536549618633987 0.9668611891732414 38.908461548625816 0.02899029817235695 0.9994065612725097 0.018602233995439577 0.7644680862607997 -0.9667593372929105 0.02330389713506789 0.25462384937862764 38.07364641506881
-0.3698899747134165 0.00917890805066465 0.9290301854322472 39.989042239399424 0.04785104395599891 0.998812233492836 0.009183337087651046 0.7753003525000095 -0.9278425387099114 0.047851892324325865 -0.36988978315865384 37.61158370602189
-0.30122613412457655 0.0012673042789727786 0.9535518555647602 41.094670051116246 0.03024901822062642 0.999508500897956 0.008227234778543958 0.6950822806600195 -0.9530728712017197 0.03132226711157674 -0.30111633912182456 37.36130716377831
-0.29570593306654763 0.011506952768189506 0.9552096745626079 42.1421206589831 0.0494131219781687 0.9987730553286308 0.0032651475578372746 0.5886344672416177 -0.9540002246787034 0.04816541970708815 -0.2959116347514093 36.95056491723743
-0.40438280526531634 0.019199555645477567 0.9143882408799555 43.1580685825607 -0.02849681152207265 0.9990296755833226 -0.03357935228155143 0.532034446500879 -0.9141458159798577 -0.03963606449432182 -0.40344323199398235 36.51125441949871
-0.38130198895042516 0.059468454237899065 0.9225357593956859 44.21408359703148 -0.04200613804386914 0.9957834455120622 -0.08155211752895743 0.4895842820565055 -0.9234957334453756 -0.06984814972719837 -0.3771961004725561 36.10938089564383
-0.35989222762787676 -0.04040542168168052 0.9321185104816556 45.26441127434637 -0.0066659134466513295 0.9991476243649668 0.04073725796438322 0.4941610211029688 -0.9329701179703367 0.008447596348351129 -0.3598547332107492 35.7055127789382
-0.36303456463453876 0.08553330753914551 0.9278415216904204 46.33432073816004 0.12381740206057486 0.9913752873590091 -0.04294443413882824 0.4376138956073766 -0.9235124508991374 0.0992926290565552 -0.370493938915516 35.35375222836154
-0.4094644372561405 0.05799385179284169 0.9104809272947524 47.38842197259012 0.03017406468848514 0.9982924157388761 -0.050017120679885105 0.4178821439211615 -0.9118270099948729 0.006992683824459265 -0.41051508880986237 34.991200781926366
-0.393519658746532 -0.02132696346176542 0.9190687515089845 48.43847342830826 0.06731185800101208 0.9963789828163406 0.05194198915153055 0.36551847062937437 -0.9168486715401404 0.08230442250113104 -0.39065909365540585 34.57938052598492
-0.4038632175116915 0.04745011558152518 0.9135879373454829 49.48399889384375 0.0525474216743106 0.9982083110300674 -0.028615906915107132 0.29504049865305754 -0.9133090196724698 0.03644978526529505 -0.405632937103059 34.229241889250595
-0.39047773369253735 0.1397664108573853 0.9099408887818783 50.534870533397964 0.07517992988307029 0.9899481388749388 -0.11979396622331713 0.24797846893774445 -0.9175375806459718 0.021632431393662093 -0.3970602699064251 33.83841605086839
-0.39879080133498646 0.12937202959868388 0.9078704235290885 51.580998060168994 0.0562121988825552 0.991585740997527 -0.1166097800781095 0.22835030066398265 -0.9153175298583371 0.0045304982384660785 -0.40270749439707637 33.47450206508219
-0.40784932474450136 0.020818904558218727 0.9128118276562921 52.62611340548609 0.036231709315265696 0.999321565542683 -0.006603464553332153 0.17352058260662484 -0.9123301415512574 0.03037951779419634 -0.40832686617400427 33.112596689723084
-0.39543481846861805 0.007214570551058608 0.9184656692033867 53.672840837817525 -0.0019747856522138794 0.9999601281453665 -0.008704952832848351 0.11860177957599805 -0.9184919698971381 -0.0052560151507692835 -0.39540473879689103 32.732454593127386
-0.42826802730720936 0.005179367439026449 0.9036368751495775 54.72068174048155 0.002151696782103312 0.999986551114303 -0.004711863131663738 0.0782847020184505 -0.9036492481330608 -7.358844017619638e-05 -0.4282733506268204 32.349424389116024
-0.4193979920259457 0.03349668731914285 0.907184230139622 55.74302072905988 0.04129505887643942 0.998988475245785 -0.017795457318781675 0.04392760361391723 -0.9068628004883805 0.029998852013827713 -0.42035694581159483 31.958575097766747
-0.38180526690236566 0.065189994888167 0.9219408516400953 56.77598712729127 0.04168878617781189 0.9977088326748822 -0.05328286940693488 -0.01931223839188967 -0.9233021589863062 0.018090922156391433 -0.3836481117776877 31.57365355398987
-0.35394220009971 -0.006065658641257371 0.9352475917983402 57.8075525203423 0.03637802419552338 0.9991329371568262 0.0202471505821308 0.007967119955737068 -0.9345596017216526 0.041188782113089 -0.3534145822992231 31.1825727328385
-0.3943529774176116 0.013981753808147339 0.9188526383229701 58.843496515587645 0.01013743580681823 0.9998895627768929 -0.010864092589276697 -0.0957623124035597 -0.9189031809169377 0.0050305230810347235 -0.39445109945605794 30.811924370517794
-0.3876363852155128 0.026884098476091276 0.9214202132018531 59.86329917384846 0.043006757482802214 0.9990135795512651 -0.01105534014290335 -0.20591944091903525 -0.9208086368518695 0.03534184817886571 -0.3884101440360846 30.41144854822313
-0.3853658389466548 0.07122008757446296 0.9200113045444588 60.91445106389713 0.0681498186791792 0.9964908938799241 -0.048594593228844754 -0.2467616234794051 -0.9202439167071785 0.04397191750749734 -0.388867118895354 30.124389647305435
-0.4311084799668199 0.09965623204909932 0.8967798197468788 61.890581481123654 0.06588690168331726 0.9947055930380814 -0.07886465132125976 -0.3082960059932617 -0.899891377909878 0.025086835451277215 -0.4353919964518525 29.643630047063255
-0.3981166018967527 0.07268072264260293 0.9144509910547978 62.905726642057296 0.08026642451171807 0.9957929072294124 -0.0442009148139691 -0.20509010526809957 -0.913816484456788 0.055802604689514514 -0.4022754453962248 29.243617960184203
-0.4002949040425093 -0.0016416160039078136 0.916384867883175 63.96105743817145 0.053795979915441876 0.998231674504907 0.02528735697455417 -0.3329620250699471 -0.9148060326976466 0.05942022564579686 -0.3994986749014606 28.971575158674298
-0.452992763337122 0.05902857116480775 0.889557820122565 64.96438462988844 0.03692654602409419 0.9981916027606332 -0.0474329868296409 -0.4007741372667296 -0.8907491707001534 0.011361504083384516 -0.45435323598031124 28.603210450443555
-0.41429492601136075 0.027243909958371722 0.9097348046778201 65.98045571195884 -0.0015407947829159324 0.9995294268067139 -0.03063469865317481 -0.42109948993107327 -0.9101414372950707 -0.01409351431912748 -0.41405792939687514 28.245989783750808
-0.41893689682545115 0.10282096581115759 0.902174959006673 66.99108637846714 -0.023138111515587693 0.9920364852220988 -0.12380700160479151 -0.4899680543746604 -0.9077205515957161 -0.07274194209440307 -0.41322154105870534 27.887704172197328
-0.42151614218866834 0.03779765278612794 0.906032786663381 67.99565718224409 -0.010162025035449135 0.9988712910777854 -0.04639839405053809 -0.5128131520030345 -0.9067640107027493 -0.028764799480443252 -0.420656210139518 27.519652494540622
-0.43730601954166975 0.1272639895456571 0.8902624632254882 68.99904957547433 0.0765448499275137 0.9916113709576903 -0.1041523345858193 -0.5523287282943156 -0.8960493451409542 0.02259857813324631 -0.4433789657422312 27.144221638641632
-0.4293357517325765 0.05611423707073036 0.9013999866169088 69.98289119479615 0.09495280442908025 0.9953410429646253 -0.016736396978935263 -0.5912831687117969 -0.8981396741455583 0.07840493442226223 -0.43266363830090826 26.755708342669507
-0.49657587553957216 0.023675456914004942 0.8676703486862567 70.7272044804409 -0.015952918308980758 0.9992101470871557 -0.036394705058765915 -0.6353748350258671 -0.8678467466801227 -0.03191461187196756 -0.4958059783305069 26.317184785292078
-0.49251610746793223 0.01449302413343349 0.8701826231047215 71.49604551757074 -0.00278172962421349 0.9998300029902789 -0.01822677430538292 -0.6648752999923848 -0.8702989245511461 -0.011397596638182501 -0.4923920826317925 25.928720667134623
-0.5189103352023055 0.030698612748505615 0.8542772504362142 72.22501182965652 -0.009273236690312771 0.9990939902596353 -0.04153545364128912 -0.6296488055164507 -0.8547784159604953 -0.029475096164684616 -0.5181555409687628 25.444016031763173
-0.5838359154666141 0.007192551809875848 0.8118397948037734 73.00145669257778 -0.010024650565436092 0.9998206530417605 -0.016067244101312963 -0.6799084539929383 -0.8118098248098781 -0.017519048908096316 -0.5836591279077138 24.98157367685131
-0.5069064387252364 0.11127517380252697 0.8547886636423214 73.79713039217337 0.024236209641051498 0.9930807439123999 -0.11490531064077328 -0.7179380423216715 -0.8616603389752143 -0.037529408410212795 -0.5060959297050122 24.60719458410432
-0.5118868007937155 0.04136951348251638 0.8580561916009375 74.56112087256486 0.017729131337198407 0.9991357743735045 -0.03759481972171669 -0.7303575431847271 -0.8588699853189516 -0.004031703987456124 -0.512177879260383 24.101531781526244
-0.502169172302114 0.06218966745519507 0.8625303061739524 75.37522853761138 0.05882081723798614 0.997557191476393 -0.03767956201987454 -0.7266434977695617 -0.8627666579112103 0.0318132229701921 -0.5046005342480842 23.73358875604892
-0.5785324632255794 -0.0034651762871637432 0.8156519741683657 76.15434135711432 -0.01608634614288031 0.9998449483722123 -0.007162184245231937 -0.7994757406428813 -0.8155007544203406 -0.017264420747863413 -0.5784985269113294 23.262668111363645
-0.5126941727691723 -0.030675077879341553 0.8580231268578606 76.94543275090159 0.05607726295918242 0.9960312233249258 0.06911679203841384 -0.8297750496695875 -0.8567380561310312 0.08355136675106506 -0.5089392484504742 22.802498614986575
-0.5344158259635231 -0.012188208558471067 0.845133796477913 77.73858317716206 -0.013615175573574376 0.99989042034637 0.005810550273688018 -0.8522841218463603 -0.8451120750535382 -0.008401399223839028 -0.5345232300024636 22.354739911794766
-0.5074302897433182 0.06887770336455969 0.8589355764244172 78.54011031517572 -0.012551391176842711 0.9961036778677019 -0.08729211716292706 -0.8956185705718158 -0.8616014357448804 -0.05507550658628966 -0.5045886847909956 21.896763749044496
-0.5246183867513298 0.05847456374143641 0.8493269306309501 79.35062655138776 0.02853853619727621 0.9982855822164941 -0.05110221610864725 -0.9105980637325324 -0.8508590774273306 -0.0025706173035691736 -0.5253877697555137 21.454047018733817
-0.5043681504650545 0.07839611925319091 0.8599225422675055 80.14477064449471 0.019040861378301233 0.9966376578451702 -0.07969198682231837 -0.9305840115092643 -0.8632787995859776 -0.02382043762875718 -0.5041650397033202 20.998657585486797
-0.5097589209769657 0.06623414169895524 0.8577638616630525 80.95108806467255 0.047805078166174415 0.9976723050033371 -0.048627507973134504 -0.9601882264234434 -0.8589881188045488 0.01621716141169789 -0.5117387045659646 20.559770232405448
-0.5506155910430824 0.005758388965365814 0.8347390450159323 81.74055840456411 0.02037821208915257 0.9997709127273364 0.006545130802455695 -0.9828249509440954 -0.8345101950600715 0.0206143384620151 -0.5506068195301047 20.095463029129427
-0.5261180983240781 0.020836333645056656 0.850156194609789 82.54195947818425 -0.009094795713491689 0.999504755606652 -0.030125013052931235 -1.0043275017870854 -0.8503629224068392 -0.02358131612983107 -0.5256680588049527 19.63649924549079
-0.5614133383136308 -0.001682767092178514 0.8275338018931723 83.34941557478862 0.014887584820190628 0.999815551237756 0.01213307554525359 -0.9933830844607414 -0.8274016486922391 0.019131647968960927 -0.5612847567053986 19.181078393845816
-0.5569948020145896 0.029033270371481318 0.8300083259567789 84.15263818016608 -0.011355401591556567 0.9990291250651646 -0.04256583520911244 -1.0012315297223906 -0.8304383843579739 -0.0331340319523511 -0.5561243674161214 18.728986308546475
-0.5635172163148974 -0.00036057487589459053 0.8261042175898741 84.96144777592245 0.03325385494730768 0.9991794849291789 0.023119823282783433 -1.0768855044488745 -0.8254347902692228 0.04049956762470314 -0.5630428743514106 18.26307149052039
-0.555416569301589 -0.03310839278634923 0.8309128897120732 85.75302019089949 -0.016654777614053616 0.9994495618753426 0.02869111100384406 -1.1336120625976451 -0.8314055074483263 0.002096845145607343 -0.5556622820990362 17.78307793203524
-0.5293704551804773 -0.00301188495447046 0.8483854142713353 86.6173608751027 -0.017838123927002427 0.9998121407870181 -0.0075810731738885076 -1.1671683828907917 -0.8482032718818491 -0.019146805100212234 -0.5293247545183041 17.395915247696365
-0.5437570207502848 -0.008109688989965813 0.8392034894747341 87.38478616538168 -0.005996002738879298 0.9999653241018172 0.005778126506559934 -1.2012353563013405 -0.83922131579506 -0.0018899732699876558 -0.5437868124906386 16.875641734383954
-0.5409471022025277 -0.0004984332273609526 0.8410564461439647 88.19345594583433 -0.009389802520655076 0.9999410747963324 -0.005446718700397065 -1.1126928512368237 -0.8410042395991787 -0.010843744806548369 -0.5409199279905115 16.403181945252307
-0.5404564746725591 -0.00670844879532876 0.8413452068661115 89.04164731920693 -0.026340002463855098 0.9996129727701094 -0.008949700594522153 -1.201228811813643 -0.840959612385996 -0.02699796384626896 -0.5404240248233171 16.002274400224366
-0.5942642975027569 0.02919440894537378 0.8037397542844296 89.85199054900033 0.023811514713492875 0.9995415319012894 -0.018700961801353316 -1.2683591832159737 -0.8039172950660491 0.008024944740170872 -0.5946870347317877 15.549216688371553
-0.5663423025858771 0.05255171512672944 0.8224929634691569 90.69031861295925 0.043834180946668286 0.998473198546257 -0.033612863108698064 -1.291863681516497 -0.8230036607596134 0.01701691784219086 -0.5677811948329301 15.086495346767508
-0.5501692041614622 0.08217331449309503 0.831000213354288 91.52372635842323 0.02671251873240699 0.9963690215427626 -0.08084059904349802 -1.3317130885805457 -0.8346258770161034 -0.02227790264759591 -0.5503666294309703 14.614604711796346
-0.5560392506457469 0.03639563633902709 0.8303587603043059 92.3275953336154 0.05322319799711297 0.9985495603283902 -0.008127420486333347 -1.3807311615756475 -0.8294502450706925 0.03967518389734223 -0.5571698637375883 14.148568686315066
-0.5435903444789213 0.12444490295432388 0.830074071957007 93.13555568973082 0.08630379360504505 0.9919931504726415 -0.09220213026586711 -1.3916758324755492 -0.8349019465828961 0.021518354065979347 -0.549977987152999 13.67069881928682
-0.5432934128067067 0.11044953182782764 0.8322458350374393 93.95504574576317 0.06275015013895219 0.9938777302242315 -0.09093659451888053 -1.4197357253259497 -0.8371945735402124 0.002818297201905071 -0.5468979699708034 13.196581858511616
-0.5629616061171503 -0.011566374881980115 0.826402078253271 94.79248624143379 0.04554437343211588 0.9979485060835251 0.04499307901005465 -1.3996990366228572 -0.8252272836657557 0.06296734422192592 -0.5612798932348927 12.602797246366704
-0.4938841792835881 -0.033210932744622466 0.8688932024885718 95.66955225179976 0.02682820510853709 0.9982125246800617 0.053403098102826646 -1.4699257271271104 -0.8691137995849387 0.04968578984596559 -0.49211035383632223 12.163441452873451
-0.49911594995191666 -0.004338605726720286 0.8665243164130949 96.45710113432293 0.04617480389247683 0.9984335187489364 0.03159563306182416 -1.554718239429238 -0.8653041590029545 0.055781478006255734 -0.4981337308576122 11.651365927942688
-0.5762137390278588 -0.0052413825712956785 0.8172822038901334 97.25532217469639 -0.044286200785479186 0.9987105003541583 -0.024818477124988778 -1.5844384733642394 -0.8160983930629234 -0.050495080955742025 -0.5757028177227241 11.136251591732282
-0.5591301096187964 0.025707013116340473 0.8286812511005341 98.01346010169235 -0.03595352696387896 0.9978270252940709 -0.055212855351922746 -1.6148332447739517 -0.828300062455671 -0.06066519128447637 -0.556990857911372 10.582859634082103
-0.5495047565709429 -0.00173164404214041 0.8354887610531082 98.83588560725529 0.034646047412300374 0.9990904062720098 0.024857582312118487 -1.5663270689994526 -0.8347720073621215 0.04260574484249618 -0.5489449161122884 10.101409653375638
-0.5489239990759616 0.04860474551978004 0.8344578886214983 99.65418526576153 0.09768200802910948 0.9951977443359331 0.006289903062907047 -1.657575018483195 -0.8301450460991118 0.08496421310754926 -0.5510357153784277 9.593906345700807
-0.5415400435277724 0.06413176573954425 0.8382251748845915 100.45653469605786 0.041308172491901586 0.9979114314999732 -0.04966183314701606 -1.634166918221651 -0.8396595421892318 0.0077316833030755 -0.543058145117415 9.128169943947803
-0.5631394921697321 -0.009881492930161433 0.826302737734497 101.25437267012117 0.054356421777965014 0.9973199403462973 0.04897146009282073 -1.6833019931846844 -0.8245722656380616 0.07249262795965196 -0.5610931048645262 8.630425941253879
-0.5561719474065544 0.054707334418485035 0.8292646250805966 102.0346400041045 0.029467163377039994 0.998501644768346 -0.046108996756460095 -1.729408713448763 -0.8305447497188907 -0.001208451900859994 -0.5569506558510239 8.149066861752338
-0.552489810634056 0.09894621893720436 0.8276258821682737 102.83249234357977 0.04430609634132484 0.9950115115518365 -0.0893809241996952 -1.7800905336931874 -0.8323413417157861 -0.012713172211594308 -0.5541176236302 7.673210116143936
-0.5592921171639241 0.08509605126238604 0.8245913749664632 103.61016741088827 0.044241790844440826 0.9963636599740432 -0.0728148949767458 -1.7913570076931973 -0.8277892977369768 -0.0042433924341613695 -0.5610231250735296 7.182918096484705
-0.5507531999293122 -0.007977247601082515 0.8346299912054275 104.3793509579425 0.01960026273462703 0.9995549197945084 0.02248732798258389 -1.835297343978215 -0.8344380581043838 0.028743934542096408 -0.5503516949265457 6.71255161661182
-0.5617370971760255 -0.04746417079906361 0.8259531052534688 105.13373883527541 -0.039220712702711845 0.9987581735854107 0.030720258721155146 -1.8661467956138855 -0.8263856836610454 -0.015137770248549974 -0.5629010787398313 6.2414702606678025
-0.5528958866260881 -0.044055548802687604 0.8320848472979684 105.8965822116377 -0.04668744417320589 0.9986704213499171 0.02185314581065212 -1.8924544978073856 -0.83194143430245 -0.02676541123646904 -0.5542175902537032 5.767611973688967
-0.5498195176394832 0.01884542404228322 0.8350708316942881 106.64783068770177 0.039262269461352736 0.9992234320204457 0.0033007578667004485 -1.917032838913356 -0.8343602954025501 0.03460160016096258 -0.5501324398874939 5.3086916994877456
-0.5136498169341646 0.06317231861306442 0.855671122368744 107.39289439757698 0.018523636019094635 0.9978697981159267 -0.06255100975348765 -1.9554706358692338 -0.8578000186467445 -0.01627917280030315 -0.513725793821061 4.848581602738594
-0.5332434306450683 0.03396201073207587 0.8452798184223673 108.13416795717164 0.0463757458455254 0.998864792807912 -0.01087675459624405 -1.9824762580528414 -0.8446898038686111 0.03340052855328575 -0.5342130797980008 4.39167847853353
-0.5251556337841586 -0.027897279580281185 0.850548792267684 108.87294338158854 -0.009685907450908342 0.9995936873587202 0.026805434037115227 -2.031835834687902 -0.850951158698726 0.005838682592588947 -0.5252124427213959 3.9439910307172976
-0.5358467595325044 0.005081756941129939 0.8442999301054946 109.58949927135517 0.03060860053634055 0.9994414222214031 0.013410631071457409 -2.1244205264113782 -0.8437603301852823 0.03302888394007687 -0.5357029706150536 3.5005809864825057
-0.5235089348701731 0.04787830157845676 0.8506738559990524 110.34357949361033 0.03424013567781753 0.9987954937636176 -0.03514345814977231 -2.166635779774818 -0.8513319796027586 0.01072927706572088 -0.5245177001911299 3.0887333156825356
-0.5503477485956104 0.016869751083172985 0.8347650645812701 111.01932952636396 0.04126262669493067 0.9991236699646869 0.007012535846510952 -2.204954716221985 -0.8339153923139041 0.03830393584536004 -0.5505615330325927 2.5997739595257787
-0.5177077257197233 0.08962249478204189 0.8508504363813844 111.71601883040529 0.05481856789592923 0.9959294754595623 -0.07154923080752741 -2.1385170210603723 -0.8537996056085118 0.009600820186936946 -0.5205133354766087 2.1504515650037916
-0.519741961464488 -0.025229801159079055 0.8539506405863031 112.44299983574538 0.010435933660183408 0.999301708963315 0.03587580878679443 -2.228032170367676 -0.854259630403187 0.027557933129475885 -0.5191157085655744 1.7628980793169617
-0.5618040967306057 0.08379723366893327 0.8230152650208744 113.14931220040866 0.062222519536597756 0.9963187110653637 -0.058968397875800646 -2.2626393240648603 -0.8249270539740412 0.018081403652566563 -0.5649499917321524 1.3636077269017175
-0.5391013668555896 0.013873691891304198 0.8421265836315688 113.83881179924678 0.03211237037843259 0.9994758350232104 0.004091305146688992 -2.2942523576656195 -0.8416285657727707 0.029248310848575994 -0.5392642842635427 0.9412196232021639
-0.5404224349043935 0.0656125226094706 0.8388316485803727 114.53379691971051 -0.01340105390757654 0.9961571352706534 -0.08655207396706471 -2.3205009959604563 -0.8412871887992287 -0.05801591398558079 -0.5374663658139044 0.5329134561770736
-0.5254778017515492 0.04247538627966179 0.8497463547188598 115.19744691738131 -0.012868798859285905 0.9982419330464338 -0.05785607166155379 -2.33334268393258 -0.8507100591902946 -0.04133729993701981 -0.5240073449111748 0.1187445500803932
-0.5216362922481754 0.07403797934025662 0.8499493527005155 115.89322676332682 0.0475964708747983 0.9972013406607783 -0.05765370802541424 -2.367391119667791 -0.8518393544402928 0.010380328938264244 -0.5237003319574807 -0.2846164535517808
-0.533768422717061 -0.010153431025355283 0.8455697042111855 116.559139751317 0.03408243380275079 0.9988570679495034 0.03350870659800246 -2.3954320246121332 -0.8449436606025983 0.046704964462814524 -0.5328122853280555 -0.6724699346208336
-0.34209708880534706 -0.010320264373338101 0.9396079215877726 117.45846369486122 0.05756793901658595 0.9978312061432649 0.03191937698073056 -2.4135030187745388 -0.9378995592027718 0.06501082347343644 -0.34076106529691114 -0.9470083844373398
-0.2313505183952836 0.06939119233719182 0.970392586740325 118.35975458071447 0.09768757360399426 0.9940688312270977 -0.04779463284652945 -2.4224552338075265 -0.9679535912633055 0.08373798969584419 -0.2367570235196881 -1.2630482985351121
-0.2871129670292871 0.016046388698526443 0.9577623034499209 119.22727080553081 0.04307863479625258 0.9990643796684291 -0.0038244848811827058 -2.5840597854272422 -0.956927609644741 0.04016103772759047 -0.2875356236920548 -1.46605294636053
-0.31388503828355274 0.03579655200994329 0.9487859410542796 120.08857704551974 -0.05812073503870576 0.9966905957712539 -0.05683191570307737 -2.5667415075550486 -0.9476804498109258 -0.07298282539041741 -0.3107657738360626 -1.7228211108110636
-0.37727378352004975 0.006022010851894134 0.9260821777737056 120.92866736807564 -0.05787279836068945 0.9978711527400445 -0.030065460614067504 -2.642725308691918 -0.9242917810228054 -0.06493787742483582 -0.3761221471184342 -2.1007316616366136
-0.3056760430533291 -0.03831911816061353 0.9513641648827094 121.77284115373048 0.006549096126416714 0.9990815849389916 0.0423453203848745 -2.6430549736352966 -0.9521130915283262 0.019174529714319318 -0.3051443794244639 -2.2956795964406576
-0.36591732533554633 -0.023543747283931753 0.9303494909545731 122.61022161320653 -0.045466086470914 0.998938510402097 0.007397134542309763 -2.7173691140992884 -0.9295361275299991 -0.039592609276126706 -0.36659938195661845 -2.618781694993256
-0.25409561096292727 0.09209317956589946 0.9627846275793681 123.44157196470425 0.05122072966577799 0.9953408135516626 -0.0816892398887286 -2.661810301351161 -0.9658218961604331 0.028557656465063763 -0.2576288398025786 -2.858627414276722
-0.29992019669786124 0.032837572459771404 0.9533989415685274 124.26031661691252 0.00195806631433223 0.9994264796686347 -0.03380692083356657 -2.729973560528201 -0.9539623237840835 -0.008272558045847807 -0.29981251396094755 -3.1056786137454706
-0.2979950523347696 0.09413276994434136 0.9499147028775408 125.05414981139472 0.04662726606975275 0.9953734007284756 -0.08401024558866863 -2.7502753934871103 -0.9534279838851804 0.01925729025334544 -0.30100553194330587 -3.3722057363748865
-0.32259403892258415 0.02807234624064235 0.9461210291313067 125.865118688302 0.020377788332922264 0.9995344286165905 -0.02270907165744974 -2.792622645415182 -0.9463180770828307 0.011954045874625474 -0.32301593105792004 -3.6176847532220755
-0.29183989977264246 0.020958197281418914 0.9562375223780596 126.68227136821918 -0.007497623193198293 0.9996790709485633 -0.024198573029176107 -2.8252496717230082 -0.956437835397351 -0.014231615881479047 -0.29158913229673955 -3.848482594949475
-0.30364073284853016 -0.0759787378745971 0.9497523409197336 127.47131589708434 -0.0764223345405544 0.9955458628638747 0.05520952726453308 -2.839173310361749 -0.9497168025976835 -0.055818428259590526 -0.3080947774208376 -4.088977085307812
-0.2609553703063237 -0.11338143977450113 0.9586693466254533 128.24978651010758 -0.11746089899210659 0.9894292146129731 0.08504585034615197 -2.9265876541024705 -0.9581781195188095 -0.0904129913557618 -0.271514780837498 -4.32681797969501
-0.22396994899849773 -0.0096732977389126 0.974548029392491 129.05090752076285 -0.09648563329150031 0.9952584467818445 -0.012295399973450727 -2.944017759949997 -0.9698082619157762 -0.09678368530550237 -0.22384134408620876 -4.554381944321428
-0.2841598445222062 0.010683149029890246 0.9587173855856811 129.81227510661543 0.05012941099480013 0.9987357840988869 0.0037290610713741662 -2.96679675214655 -0.9574655606675881 0.04911959219798434 -0.2843361738181381 -4.8052962763617675
-0.17634657831331257 0.07652656495618836 0.9813488378296048 130.59934379009934 0.004263452264497034 0.9970233244231901 -0.07698274945529586 -3.015751961874834 -0.9843189481774826 -0.009391709357058714 -0.1761479434959741 -5.002948958083278
