0.9995194818401612 0.022817774040030697 0.020979862007022555 0.006888792125358524 -0.023341913438001776 0.9994127242314644 0.02508708275777421 0.03674429698169273 -0.02039510933261552 -0.025564737361979492 0.9994650987998147 1.2094291448735783
0.9962926385998517 0.05979972245920144 -0.061846353696459175 -0.12629228790055222 -0.05462056803029358 0.9951106120105709 0.08228890211927223 -0.04871819456702074 0.06646481668645707 -0.07860574372098732 0.9946876721850464 2.366522788962581
0.9996043709953143 0.0019910677252083933 -0.028055964363672435 -0.0655724102157732 -0.0014951514325213385 0.9998424748474279 0.01768587043840658 -0.05696111790754895 0.028086758949155043 -0.017636924766711748 0.9994498851150594 3.5598387717885984
0.9890017532118041 0.06412478588537665 0.13327994590009667 -0.02676255919899394 -0.06838891185281268 0.9972751925308474 0.02766129241646623 -0.08331416377639869 -0.13114300896605027 -0.03647193643547775 0.9906923382422904 4.7632412910119
0.9977545424401557 0.03089561532615833 0.05942502834373565 -0.012466384947426457 -0.02463827138344579 0.9943461227013211 -0.10328961154000453 -0.11280379977413839 -0.06228024230773068 0.1015935498446221 0.9928745751846296 5.951430320697435
0.9971930377568071 -0.022729845564200983 0.07134002782434674 0.06767687323980821 0.019087445061670233 0.9984993352401904 0.05132978634200301 -0.04708797973524097 -0.07239968812145361 -0.049824006004312464 0.9961304400456792 7.188463211054332
0.9926022961364451 -0.11874113174191803 0.025322427555534505 -0.03684487795943191 0.1186448208507062 0.9929227316665911 0.005277823894216575 -0.12534916101915924 -0.025769908300264464 -0.002234404568195876 0.9996654036538534 8.394031524607266
0.9904394574356283 -0.020174313684228867 0.13646493403797372 -0.008041827230913024 0.021653403411525846 0.9997216958618608 -0.009362742321715974 -0.08714420750542932 -0.1362380680284809 0.012228160398905799 0.9906006566286566 9.626113891569146
0.9883536210547302 -0.13069766940544633 0.07794381925455912 -0.013960180817683356 0.11929431368554108 0.9834485919465188 0.13637350813374693 -0.09358879537162727 -0.09447743855660123 -0.12548699549977374 0.9875864658672796 10.85401153560881
0.9984510131804843 0.007168813358434044 0.05517410981517097 0.0007154664130107308 -0.007401558122316223 0.9999645470016932 0.004015180825378261 -0.14028639660665335 -0.055143369310485725 -0.004417335028926438 0.9984686755088161 12.091302871654246
0.9984962957712058 -0.015143030931937163 0.05268620260917573 -0.0046354211524460035 0.021145227716992107 0.993105439019784 -0.11530163196641448 -0.16210600259074714 -0.05057693783761957 0.11624231486897983 0.9919323049446825 13.324560165346734
0.9950023175860704 -0.07088738938225382 0.07032329645940374 -0.028699708485385937 0.07516698430405166 0.9953521900929222 -0.060199187269078774 -0.18157422023907574 -0.06572908352420266 0.06518432165572599 0.9957061272229629 14.559954643179934
0.9971733974378026 -0.0366592922183363 0.06558438637664027 -0.004305449417797707 0.03492070662056582 0.9990126955262209 0.027462309199239417 -0.19041212830437632 -0.06652638307164083 -0.025094430350845527 0.9974690521117794 15.797288894584751
0.9972142383007501 0.0030013463400620044 0.07453022776298168 -0.012906377096416143 -0.004721580966422288 0.999726254069181 0.022915575445114668 -0.19272526491846545 -0.07444104750130222 -0.023203637904223407 0.9969554261023501 17.033658981252383
0.98886812254166 0.018947339308532825 0.14758331394185334 -0.008973878489062425 -0.03373648839873523 0.9945788723363062 0.0983601344690204 -0.20172292833087602 -0.14491958280063097 -0.10224414354887396 0.9841465590199705 18.27743339531235
0.9928599288853682 0.004839539393436328 0.1191878369306245 -0.012777369871556647 -0.009126443580509876 0.9993298450772901 0.035448113706811564 -0.20231511493921672 -0.11893640974028041 -0.03628277200962268 0.9922387267655853 19.50889778129782
0.9978750865185687 0.01025574200321863 0.06434385333131891 0.017418179469270673 -0.010744629234966031 0.9999159437828538 0.00725660467765446 -0.21738930797642192 -0.06426402263247029 -0.007932535152202377 0.9979014030860726 20.744163513109118
0.9968169728873363 -0.008516415267516547 0.07926785751310843 0.01588395612181389 0.009283193875713238 0.9999135714573337 -0.00930977587837494 -0.12467592172145626 -0.07918172024381885 0.010016002208283385 0.9968098790035106 21.964078903156533
0.9983870504531036 0.012567818729237722 0.05536557973995053 0.015632514135760733 -0.01773647249717925 0.9954258382468216 0.09387661100598747 -0.21364699968052164 -0.05393250406488263 -0.09470718213762301 0.9940431754490558 23.1901302336912
0.9971932844593856 0.015590171659597574 0.07322909242047959 0.042309422477031705 -0.020754046991568003 0.9973104040995466 0.0702938646559612 -0.38012432182424777 -0.07193624201192517 -0.0716163690829666 0.9948347967198242 24.409454345574918
0.9995874066485636 -0.026652881385012497 0.01070702495913634 -0.14560125331690899 0.026924931478346643 0.9992960624769617 -0.02612331492989821 -0.3831326572193333 -0.010003225908326628 0.026400823240114685 0.9996013865554966 25.633161544638494
0.997317671564718 -0.04470523351292993 0.0579560530167804 0.08637497286034128 0.04307732616946528 0.9986495791998483 0.029040694448578423 -0.40381648180347596 -0.05917605861328744 -0.02646620527248281 0.9978966550026468 26.837654113640394
0.9980281577200126 -0.02337134440652504 0.058254413211614106 0.08151841641609636 0.021868448027328187 0.9994147570139804 0.02630426664179464 -0.17989810301770426 -0.05883508594408715 -0.02497846446488992 0.9979551638099419 28.052280425975198
0.9997326641833425 -0.005152457940026571 0.022540016460778568 -0.09917678930668329 0.003931115999188614 0.9985387039185313 0.053898080705164685 -0.3418369188982118 -0.02278478607329233 -0.05379506368870936 0.9982920137145854 29.261070251326156
0.9910700068433093 -0.000278009361837472 0.13334228229034353 -0.08704943435839298 0.001565385447520772 0.999953173053546 -0.009549935525729148 -0.32888941871333394 -0.13333338296795114 0.009673387447446516 0.9910240332916318 30.475631713735183
0.9976257827147154 0.0079963121743164 0.06840216849239737 -0.10437885877650906 -0.012234609149551384 0.9980154973279927 0.06176877392434799 -0.33529882495413343 -0.06777250147592825 -0.06245899451627941 0.9957438235046757 31.658494949203575
0.9983763957588239 0.03258445974876291 0.04672071675928586 -0.10476861334356129 -0.0273147929410287 0.9936334615359166 -0.10929979964639101 -0.338698822474946 -0.049984742120181724 0.10784617404286248 0.9929102317427773 32.86212158189273
0.9993949708335983 0.02026523859596907 0.02826680698557546 -0.1173166574686599 -0.020403909301303327 0.9997811164728713 0.004625973355235082 -0.3674782691375637 -0.028166873067195827 -0.005199927153149673 0.9995897098406018 34.03050613388229
0.9950926478036226 -0.08786637250540867 0.045498602944666046 -0.1258851229748941 0.090885578388524 0.9934544199870905 -0.06919629360809303 -0.3455256396236682 -0.039120760484443226 0.07299189054705074 0.9965649753094307 35.222484588478494
0.9994244724101954 -0.016275539923537356 0.02976290892705045 -0.13891872143347805 0.015659120200440867 0.9996604330826389 0.020828117619671793 -0.35990823998385574 -0.030091790935776973 -0.020350068788224637 0.9993399615839408 36.41341781601021
0.9999387329569628 0.01101568751221588 -0.0010642117313408844 -0.15792092131364044 -0.011018817389295036 0.9999347755295189 -0.0029804167784970065 -0.3643360914318516 0.0010313144457422129 0.002991961896740438 0.9999949656394613 37.597427402198065
0.9994385229715224 0.006417313064293424 -0.032884714976544764 -0.21369832189206922 -0.006263010094915828 0.9999688260532573 0.004793136793695545 -0.38634616791246423 0.032914454697573724 -0.004584487461871434 0.99944763139267 38.76853028624895
0.999336971410108 0.017720820236394597 -0.03180468029354084 -0.20363715810230548 -0.018018161421564087 0.999796293417456 -0.00908680701920718 -0.41712212375739055 0.031637181498101935 0.009653845945773605 0.9994527696469987 39.97342266941456
0.9974437413021902 0.051566416478754096 0.04946549518786871 -0.19612811061139887 -0.05178133280097266 0.9986536470759322 0.003072342656019662 -0.4568973051049884 -0.0492404677452179 -0.00562587735224782 0.9987710811742571 41.16897357275564
0.9995946000982007 0.02224030284697129 0.017775037815573966 -0.20810812120193029 -0.021151374153080636 0.9980181351139168 -0.059264440343915384 -0.4820331420036484 -0.01905786721188547 0.058864453567409075 0.9980840247961539 42.357134236153136
0.9985606934362329 -0.018822410541627425 0.05022156878378073 -0.1792162314964404 0.01711133852936589 0.9992655081229349 0.034285549487319496 -0.4882889847852379 -0.050830018446351925 -0.03337684520981332 0.9981494087451681 43.543096457436306
0.9978069541912301 -0.059722977747565145 0.028537618718738205 -0.23896952601861088 0.05940700019418941 0.9981640797746301 0.0117953681458063 -0.5134881196461337 -0.02918967911458264 -0.010074165878212254 0.9995230965639519 44.71535409617731
0.9982395303077284 0.025218741661815033 0.05368242529499136 -0.21725781881415923 -0.02451544291128014 0.9996052306668078 -0.013719636165855158 -0.5331110236658148 -0.054007225668870174 0.012379436830594608 0.9984637779454266 45.90613809028333
0.9984194394261249 -0.040042975395540616 0.039435145277358453 -0.21992729708214928 0.037657376081039674 0.9975186409896906 0.059483909075257045 -0.5231183479598049 -0.041719204850388325 -0.05790487033355952 0.9974499890661437 47.09036681049653
0.9989876136194267 0.016553895604409237 0.041828984697614785 -0.21722844522520424 -0.016354050764852114 0.9998531044215986 -0.005115382309678856 -0.5686268136458472 -0.041907519399720476 0.004426131715851747 0.9991116633918058 48.287507943529576
0.9981823867871834 -0.006966165521455318 0.0598610293205987 -0.1918402836545336 0.00949315215607849 0.9990710017849637 -0.04203410506519949 -0.5772235970959123 -0.0595126029528731 0.04252597738111479 0.9973212812766504 49.45353553608638
0.9968569397675352 -0.032974678062844105 0.07203374091013276 -0.20070368692559698 0.0359411224940131 0.9985417146684047 -0.040280669247844784 -0.6015915167659214 -0.07060045480498589 0.04274304231186008 0.9965884581235128 50.624864010288796
0.9957685794378389 -0.02310864782102691 0.08894309521139727 -0.17755115095725765 0.022828818268493117 0.9997306504191614 0.00416223534244855 -0.611069019583351 -0.08901532516818718 -0.002114156543314392 0.9960279860410837 51.79326406620988
0.994274991741079 0.01817661412951637 0.10529387010940174 -0.14477734886182864 -0.017552035768933206 0.9998223749203718 -0.0068554491504967 -0.643153091506675 -0.10539978049381421 0.004968081407045852 0.9944174934044221 52.965310038715764
0.9907341545306341 -0.000780324015600552 0.13581301015165045 -0.13663636090138087 -0.00457881065088259 0.999223062626529 0.03914279170402355 -0.6275078599809748 -0.13573804259317446 -0.039401964486482005 0.9899609162675689 54.13811618006737
0.9921052514937706 0.02737544117985697 0.12238342520228056 -0.10942451521924218 -0.02756616558766672 0.9996198981977246 -0.0001348186393139687 -0.6746548492595441 -0.12234060338460363 -0.0032398865209667493 0.9924828596245718 55.302210288602794
0.9947635329625524 0.012293266849330083 0.10146101055865754 -0.08203963760862848 -0.010841785780985063 0.9998309545065005 -0.014844885509859353 -0.6827475787217405 -0.10162635524781201 0.01366713436633264 0.9947287268934195 56.46444802598789
0.991999849650372 0.007127245018454703 0.1260374875092254 -0.05820676549654541 -0.007881693899731517 0.9999538043517547 0.005488223558228766 -0.6833095639799589 -0.12599255508114204 -0.006437705180764909 0.9920102715022038 57.617904585996314
0.9930255806265404 0.00857288740436093 0.11758677395194664 -0.03793079997318649 -0.01374748797849599 0.9989689067806885 0.043266411843122264 -0.7157796381540593 -0.1170946181695488 -0.04458117863585475 0.99211960753576 58.76056266321311
0.9923535772883133 -0.0037342915100582502 0.12337090538517322 0.0033670682969227372 -1.0766038703278498e-07 0.9995421143417007 0.030255812522761428 -0.7888594429154858 -0.1234274053121492 -0.030024478179293136 0.9918992655898665 59.907894221779586
0.9929391898838057 0.01186557957707507 0.11802932177956248 -0.04075210720366895 -0.01047142247105243 0.9998679004581116 -0.012425114849467048 -0.8064175055008697 -0.1181611666441112 0.011101450542719011 0.9929323457531714 61.05057858392844
0.9920861372725764 -0.010893640172288556 0.12508546046974028 0.03582741571231518 0.01063094906807541 0.9999395866104506 0.002767414919111053 -0.8457455089501886 -0.12510805663914326 -0.0014157358508045067 0.9921420848879069 62.1906224662155
0.9898436868479399 0.002569372510901985 0.14213662975366242 0.06383679830463473 -0.0032068691500819193 0.999985726542963 0.004256199560420692 -0.7823059771522582 -0.1421236722646164 -0.004668785063406423 0.9898378710565667 63.328130490636326
0.994252112196226 0.009551448851575616 0.1066370236068634 0.05127759692224987 -0.008760077748227435 0.9999304509450635 -0.00788713159195157 -0.8376989033463019 -0.10670494508524248 0.00690765027375722 0.9942667075849396 64.44978427202972
0.9828366480902162 0.022409408865215395 0.1831116849101992 0.07889125419747989 -0.021415159869659632 0.9997431673324365 -0.007405594774662336 -0.8708158857213351 -0.18323062096086465 0.0033571253692651383 0.9830641972939997 65.59196054289542
0.9885193770804089 0.041810075088330824 0.1451940299847767 0.09989047965708875 -0.04147568148086726 0.999125219340663 -0.0053307088901098755 -0.8854946686449217 -0.1452899017276919 -0.000752511114895466 0.9893888138303993 66.69526321295815
0.990149291967884 0.013117633929329678 0.13939962295912356 0.12007373507536623 -0.004413479550400662 0.9980309397430361 -0.06256690057843663 -0.9161846509728788 -0.13994587329441466 0.061335340570428214 0.9882575956170123 67.81269953068127
0.9882196066198138 -0.01650504916650598 0.15214972898347054 0.15737408134610742 0.020964828536925845 0.9993948331027751 -0.02775420807724924 -0.9192579717922962 -0.15159957616282982 0.030617048864119964 0.9879676672724911 68.93230939241658
0.9854198335962435 -0.055446417059569195 0.16085208726019 0.18988552038047934 0.06646003024482852 0.9957398337806141 -0.06391478965398288 -0.9535108834077486 -0.1566229926033618 0.07367314228538402 0.98490682454916 70.04732297613486
0.9894152980653907 -0.038669116028813524 0.13986427351284503 0.23209773249162846 0.041922902061672485 0.9989126562685191 -0.020391860224127905 -0.968821594948214 -0.13892366453375918 0.0260395375864918 0.9899606581397759 71.16041181737874
0.998476429541793 0.04111585347013676 -0.036801333645055875 0.20612566068535135 -0.041405998837130455 0.9991167339937983 -0.007156610549841425 -1.0132753886841488 0.03647458030066555 0.008669506272865482 0.9992969995522799 72.33904541286054
0.9996773763429129 0.023998357369130224 -0.008321898034299469 0.16270854513999358 -0.023771535076824845 0.9993697762213511 0.0263606990816698 -0.9761483557414252 0.008949267774210826 -0.02615436851952686 0.9996178811300669 73.5453303288453
0.9971265044402249 0.07101739140385846 0.02636846935582163 0.22832017927572318 -0.0704508814863838 0.9972763913286311 -0.021826464602202663 -0.9801888524108839 -0.027846711504094502 0.01990606833294398 0.999414007187835 74.78083300604686
0.9933136724668367 0.04713676799365929 0.10538550710945625 0.24619702869775184 -0.05092729355324613 0.9981379654331201 0.03356984797507734 -1.0386311427148354 -0.103606906012985 -0.03871238653277191 0.9938646833531555 75.98348200710016
0.9996913191400815 -0.021879490178041496 0.011772266590256585 0.20836785741580657 0.022747512158422634 0.9965749226361219 -0.07950406419867406 -1.0311000414323228 -0.009992437115959792 0.07974731926398887 0.9967650500153009 77.22430283621117
0.9985387872379534 -0.012777984565670225 0.052507574757898 0.287334532885118 0.015126734476128372 0.998891223043261 -0.04458058312678047 -1.03441614352619 -0.05187970741511156 0.045309714601759164 0.9976249667999211 78.44512448105374
0.9971697025321237 -0.06977391171943459 0.028003883847142533 0.25256524301665717 0.06916240688641262 0.997357393715178 0.02224213649905411 -1.0217995182249016 -0.02948180210733811 -0.020242366720201712 0.9993603547246523 79.6549874746372
0.9900805884509032 0.034891760921463656 0.13609932148130777 0.2990505808810609 -0.0384930899094624 0.9989725170731899 0.02391890721530187 -1.106579958121998 -0.13512491491559953 -0.028920527589337306 0.9904064363251688 80.89732370729256
0.9962218709777411 -0.06515265227544421 0.057420794162423065 0.35995298597010483 0.05874403943049264 0.9925232082760818 0.10698944258869206 -1.0928030658903432 -0.06396211909009564 -0.10321209531059274 0.9926007048982062 82.11572303038523
0.9971471147496175 0.04635976640058632 0.05956874617578897 0.41775643662208545 -0.047039574674689236 0.9988423259449234 0.01006023240569017 -1.1332120069944351 -0.059033397329824246 -0.012833617872653774 0.998173534468487 83.32664174236703
0.9969767344549878 0.020031241557488786 0.07507444460196785 0.49766180415432926 -0.012586093213826989 0.99507106981116 -0.09836197559617857 -1.1482924764225333 -0.07667472350481576 0.0971197147801801 0.9923148675888066 84.58313432317226
0.9961821581305488 -0.00011859457734744325 0.08729905883139921 0.5723655792847144 0.0029908650406611967 0.9994583565078464 -0.03277148598461477 -1.1508046418575901 -0.08724789090595451 0.032907473808118946 0.9956429843881515 85.80478156936377
0.9969094154574042 -0.02506364655231069 0.07445443511999285 0.6623950331425326 0.027163587548494034 0.9992573762050475 -0.027326865389148514 -1.17578590558814 -0.07371423543926678 0.02926486325247122 0.9968499525674528 87.00697563890162
0.9961263629972255 -0.003869013335942029 0.08784834428084327 0.7951763585512047 0.007943754417294946 0.9989060467486172 -0.04608175881521992 -1.1563277592691423 -0.08757395492281393 0.0466011055989781 0.9950674288898437 88.22106898493786
0.9892402135415995 0.019570837381724958 0.14498556532120085 0.8868955024767177 -0.024111370426967118 0.9992701579988835 0.029626257099347967 -1.1807705555296277 -0.14429994445507727 -0.03280328420335364 0.9889901512335953 89.44577454650076
0.9923617214666354 0.044199318904210735 0.11517233127509113 1.0159302607391851 -0.04302574230420727 0.9989937464105676 -0.012657096525160156 -1.1987837779965216 -0.11561587879191138 0.007605046346726911 0.9932649095294529 90.65819509571695
0.9877975414795069 0.051137071345253055 0.14710896946288424 1.1392110951063161 -0.05340993133278737 0.9985059575703602 0.011539232739731817 -1.1975367662102423 -0.14629910638270016 -0.019255503662538184 0.9890530045005878 91.86857226278318
0.9901993434782804 0.04766526106508469 0.13127572120517647 1.2825073533993323 -0.05506439973186359 0.9970580477029535 0.05332057158021828 -1.1028431996407646 -0.128347981013683 -0.06002661367280954 0.9899109303780824 93.07981983878528
0.9846005019009634 -0.02282889687253755 0.17332260394741744 1.4285614174143904 0.012619947161199737 0.9981319618090811 0.05977663180123241 -1.1783166345856952 -0.17436347293598992 -0.056668779360091896 0.983049376894595 94.30913820897014
0.9836869841961603 0.023293442329423236 0.17837422622864715 1.6332294840960406 -0.03473366529160016 0.9975158014867933 0.06128393133822478 -1.2283510268985376 -0.17650360342994645 -0.06647979649921638 0.982052423903623 95.52376746818287
0.992364383506501 0.043237440010027474 0.1155140080003339 1.7091680974924486 -0.04510021074572997 0.9988903934061801 0.01356004838613173 -1.2860183009989368 -0.11479953612695618 -0.0186662131115669 0.9932133142756512 96.72401359668058
0.9875905222532849 0.007303925177707989 0.15688098975861364 1.9568437867380972 -0.009034072371591349 0.9999059171584537 0.010318155290230557 -1.2792899324057836 -0.15679087381300652 -0.011607384219470527 0.987563638041544 97.9396273051356
0.9816789770413502 0.05258176345861232 0.183143594214459 2.1038088298773134 -0.06148556195562147 0.9971692065392067 0.04327841450038545 -1.1421758257087602 -0.18034950534203859 -0.053746196095464764 0.9821331126631788 99.14409468321932
0.9871955764723784 0.07179925634131691 0.1424422426717649 2.222319698379766 -0.07122544819106932 0.9974184206066468 -0.009129716601311738 -1.2389407840466908 -0.1427300299888793 -0.001132693839178291 0.9897610338891679 100.36033105007469
0.9682964128684677 0.022642839367203505 0.24877578372222844 2.3581860835033464 -0.03482946239017109 0.9983933487499336 0.04469397814249816 -1.2662919380939863 -0.24736410050706661 -0.05194174505471431 0.9675293822733837 101.54551706521357
0.9841843249228462 0.02072417770419945 0.17593110853344163 2.504481519588756 -0.02197937318173042 0.9997449205561958 0.005188731764235945 -1.278650016351085 -0.17577870776242654 -0.008973521457862094 0.9843888309358915 102.75330457506661
0.9802513649997391 0.010321812750569781 0.19748608435241632 2.63277094738576 0.009923683889970503 0.9948112231367667 -0.10125251986927881 -1.3289046138032377 -0.1975064914541792 0.10121271798652673 0.9750626750176391 103.96653597204538
0.9832999209456286 -0.032498825330122695 0.1790673720576774 2.8042689776514997 0.02962973546849171 0.9993864466363832 0.018674341120035725 -1.3184381773620104 -0.17956440668643087 -0.01305675700717019 0.9836595923433675 105.1547298574957
0.9790367593687435 -0.09080463924260594 0.18232271721299242 2.948260208952936 0.10517096496886832 0.9919363398570282 -0.07071978336544799 -1.3628290705073394 -0.17443085177521964 0.08841233066334696 0.9806921975813617 106.36856088499333
0.9807338146495805 -0.05267913072912309 0.18811200361397895 3.1400855179813423 0.06680693409106493 0.9953377600131125 -0.06956650781898334 -1.3673499954416135 -0.18357028509890722 0.08079341951169755 0.9796807757905771 107.54405424633786
0.999143356915823 -0.013604483220138693 0.039084310789925907 3.1824451466273795 0.013761467929616746 0.9998982756134968 -0.003750418934597608 -1.3898760973308415 -0.03902931570575913 0.00428506365956132 0.9992289223477626 108.78304954810868
0.999456475467882 0.019547288961316613 0.026547506892590816 3.2012022239046156 -0.019420807038896138 0.9997988286588189 -0.005013948844851637 -1.3888278306083714 -0.026640178842446568 0.004495649507492416 0.9996350226547915 110.03380789122255
0.9987507971542339 -0.015814111306640583 0.047401181947223314 3.321701524065165 0.016490376719759208 0.9997672657356612 -0.013909962461753496 -1.4074240857829627 -0.047170179505810615 0.014674249304514294 0.9987791192671361 111.24792780449506
0.9893893736583028 0.05289682004182912 0.13531705991531126 3.356269689330809 -0.04723434352327235 0.9978821930252812 -0.044721928084418494 -1.4799492299060948 -0.1373961340421332 0.03785578717598507 0.9897925692986689 112.4947191969844
0.9957547677558692 -0.0054238055863142535 0.09188654856423215 3.3253258434530073 0.013712322125232625 0.9958641187076009 -0.08981444488095497 -1.5019792298694798 -0.09101938308921714 0.09069313834826258 0.9917108021343211 113.7321311257985
0.9884089498015832 -0.041565475060767514 0.14601428771779099 3.422322065869784 0.03729494473476408 0.9987961257468074 0.03186520840988919 -1.478778395194936 -0.14716299900977498 -0.026050261825202415 0.9887691965734899 114.9625476255909
0.9934597968336532 -0.10702195939508986 0.03980006614444931 3.368408724017744 0.10643672818001575 0.9941817473519948 0.01654936080563251 -1.5184566336531589 -0.04133964752149173 -0.012204935192819805 0.9990706489588388 116.22723400951617
0.9852881262140696 0.02086849256708707 0.16962289745837736 3.3899623949856865 -0.024090436201018424 0.999565935087308 0.01695870022400146 -1.5770892909109875 -0.1691953688707663 -0.02079549531027341 0.9853631630210168 117.44911696727976
0.9961509716134261 -0.02755723437015918 0.0832102972601657 3.410174462495582 0.01930371463253454 0.9949585206902049 0.09841196026882199 -1.5544454550647628 -0.08550275827552561 -0.09642690045302395 0.991660839051133 118.69995494024988
0.9953779547345514 0.030536564087042466 0.0910514056171001 3.4249809431129723 -0.034892952516369674 0.9983019917605245 0.04664354540841819 -1.614608850977001 -0.0894724684589854 -0.04960500856651124 0.994753290532014 119.91988536792383
0.9956655587882529 0.042010377997502006 0.08297792577555387 3.407920564180819 -0.03602402063071369 0.9967271620836243 -0.0723687744744217 -1.6431597095755852 -0.08574659459361993 0.06906589659669048 0.9939202744456872 121.18103873716854
0.9970973841076538 -0.025162280812887766 0.07185944066437928 3.4208917901554012 0.027029022788276392 0.9993188677438218 -0.025124444569457345 -1.7107485212222773 -0.07117830932144151 0.026993808129811583 0.9970983257011765 122.43768225769101
0.9952344699264418 -0.03987054373838016 0.08898765417107318 3.4257545731144896 0.0394382115123833 0.9992001374577703 0.006611958384988036 -1.7165975302127299 -0.08918010115071773 -0.003070934755367942 0.9960108269641317 123.66880471322342
0.9959609069333972 -0.018391508494502044 0.08788479537628487 3.438669857149102 0.019502711602965187 0.9997401480168774 -0.011801944752065726 -1.7376038967315195 -0.08764490529163414 0.013468267305327871 0.996060773679754 124.9075051780071
0.9874101001691709 -0.03351669502315998 0.1545899033613216 3.429665360816872 0.019596401664893546 0.9956848085261178 0.0907069364971796 -1.7418096630683393 -0.15696301651455008 -0.08653553798271066 0.9838060279465629 126.1502523645304
0.9926471757806173 -0.022047821271905063 0.11901928824588158 3.4595736802977575 0.019235742587826926 0.9995092247872676 0.02472450179189838 -1.7638495207564837 -0.11950599996113391 -0.022253282052375804 0.9925841001761434 127.38916851213605
0.9952740472578656 -0.036371347847828674 0.09003781923897425 3.4381694139639265 0.03509688213268634 0.9992606160396607 0.01569825828585025 -1.7871879750778583 -0.09054221600728452 -0.01246402198783855 0.9958146633724945 128.6555297278506
0.9934750478482335 0.03547986102406282 0.10839105935128385 3.451369443222011 -0.042537233631217634 0.9970744312047648 0.06350722485910829 -1.7485198340139974 -0.10582072858094467 -0.06770349818467625 0.9920777682457425 129.89683262333287
0.9939758451756306 0.00269155069165873 0.1095668186308929 3.428875032870218 -0.014610556520051237 0.9940297970198823 0.10812631266899553 -1.7657742905925438 -0.10862165723459785 -0.10907577359121448 0.9880809175904497 131.14552888556827
0.9931954739956049 0.03383078090323497 0.11143761340208791 3.477176632063874 -0.040288071741829884 0.9976056682792287 0.05621216157634848 -1.874261140323504 -0.10926909565735277 -0.060319270241798305 0.9921803963408159 132.37952340430414
0.9944652297008669 0.024782305016918096 0.10210219026387468 3.372236446644007 -0.028196672605547236 0.9990857589859599 0.0321340794489539 -1.9090832227721013 -0.10121249001013298 -0.034835166292321515 0.9942548121918408 133.61299205424828
0.9925145100986752 -0.037544487103656675 0.11621304451024575 3.468144600479019 0.03325637593961588 0.9987003769423167 0.038620924008165 -1.931911911275777 -0.11751201620541497 -0.03446700210119343 0.9924731937562807 134.85550192405736
0.9927677944523627 0.0034759187741475106 0.12000057195487447 3.4519083749144093 -0.0048869529938893935 0.9999223208361094 0.011466263592435475 -1.8140487667420562 -0.11995139663937339 -0.011969774189997751 0.9927076485357618 136.07594369435247
0.9958077808114781 0.03736063904376041 0.0834934686558837 3.349468749656949 -0.035432772083919276 0.99907282649026 -0.024454268498959913 -1.9199028845270634 -0.08432968539242669 0.021393345356299116 0.9962082701159322 137.31796922320595
0.9822234005504493 0.03950544932468434 0.1835119175078185 3.321712612558277 -0.041764012073847 0.9990917105650241 0.008457327731449436 -1.9558828775978996 -0.18301112609343767 -0.015971179039676636 0.9829811481800613 138.54973487600182
0.9938605782539405 0.01737537187093792 0.10926738043771181 3.271367107768097 -0.020387284641861913 0.9994406878478577 0.02650802361059836 -1.965001981782064 -0.10874568129648704 -0.028572944486288963 0.9936589214383594 139.76388483418032
0.9937335185424341 -0.01381887814868424 0.11091819379441739 3.2352690401366395 0.016388826507143996 0.9996171754282583 -0.02229157175159563 -2.028434221537902 -0.1105676892427159 0.02396970077967657 0.9935795529555529 140.98620398129455
0.9955342301476306 -0.012037388370457047 0.09363124942140409 3.1983241232840864 0.010356558216923925 0.9997767588204408 0.018416824943540584 -2.0376060574544423 -0.09383203997278848 -0.017364881835100248 0.9954366366899982 142.2072478573694
0.9930754842496731 -0.06480408572465729 0.09798788720193381 3.16295617301909 0.06835304659707345 0.99710521358252 -0.033302541705740214 -2.0839955322241916 -0.09554609482110528 0.03976970802666343 0.9946302843766662 143.4166690293475
0.9957261593371891 -0.0013062903200180096 0.09234620836742953 3.137882561338243 0.0021704160695836315 0.9999547939409834 -0.009257677091872828 -2.107678270895537 -0.09232994299604129 0.009418540832203162 0.9956839665407077 144.63415163092395
0.9993462539139273 0.014981531345892233 0.03290270124991527 3.1721263640501727 -0.01571424457954763 0.9996317135656276 0.022124492667176417 -2.075730254621906 -0.03255912628996468 -0.022627068469384476 0.9992136942001107 145.85491840811451
0.9971077498104376 0.04567018326595608 -0.06074815940609622 3.0509157380154144 -0.04243079251693809 0.9976612990066688 0.05358688025393406 -2.169000801868784 0.06305341472238883 -0.050854301299161846 0.9967136973778062 147.05153309248018
0.9984923295003713 -0.013575801624551208 -0.05318585133267725 3.0642533844938717 0.015979737556271665 0.9988574810012508 0.04503747395344136 -2.1570467067276207 0.052513669641872165 -0.04581946820591167 0.9975685332063098 148.32318950207065
0.9984910230507207 0.04236575947027919 0.034939784693672205 3.076033081908576 -0.04454307019190831 0.9969494604507527 0.06409119775343826 -2.205074184643473 -0.032117928725922264 -0.06555081207510824 0.9973322502055004 149.55192423767426
0.9976755085391553 0.04594926585343742 0.050321107613770344 3.0729254840135622 -0.04543920108209346 0.9989039299329654 -0.011234375556167742 -2.2287517454988612 -0.05078216612767829 0.008921713899279685 0.9986699465958696 150.80682205341972
0.9981223000054701 -0.00541973933355567 0.06101204717230276 3.0627431361874335 6.969277315906273e-05 0.9961775965562187 0.08735092836960381 -2.176710153212939 -0.06125225696190968 -0.08718265999697627 0.9943075140127628 152.05766248687934
0.9964706262806002 -0.083940737086948 -0.0004613675939857081 3.0095886557234426 0.08388690889860231 0.9956024633183066 0.04169790132124447 -2.224162760697346 -0.003040813167050875 -0.04158943631309462 0.9991302016512956 153.28908471092177
0.999975954637624 -0.006816676794025788 0.0012618664220958836 3.0171926140133376 0.006820501175565783 0.9999720756140072 -0.0030532246178068705 -2.2371951753167427 -0.0012410177566711234 0.0030617608472224864 0.9999945865377265 154.54345065892588
0.998513117691983 -0.05280024813850834 0.013552004883289576 2.918301301690659 0.05196731894968225 0.9970877088137973 0.05581659357460656 -2.2330208386698054 -0.016459667727584813 -0.05502934009189167 0.9983491066138462 155.7864185751244
0.9983758621731849 0.0018870801712557203 -0.05693896733508372 2.8666570687340345 0.000979494800630001 0.9987349357937146 0.05027486488991295 -2.2645658587693354 0.05696181278742974 -0.05024898324704963 0.9971110666199248 157.0542347688845
0.9993022349477515 0.010634388117127292 -0.03580394197028492 2.802121715516677 -0.010636128907349787 0.9999434214228945 0.00014191399006073218 -2.29066916374786 0.03580342824901969 0.0002390032934040321 0.9993588669804053 158.30078255026885
0.9969287286221906 -0.007025188160956376 -0.07799824371006062 2.6556680402357022 0.006387353830946416 0.9999441141416241 -0.00842399722216835 -2.3272235459732933 0.07805307041036023 0.007899925845767286 0.9969179489709586 159.5416567147251
0.996257076675453 -0.052974348000123704 -0.06830464750550157 2.575482312009027 0.05676114629040648 0.9968857373968767 0.054744792182662844 -2.321489173921117 0.06519186409947934 -0.05841693750774493 0.9961614175808896 160.80896298537647
0.9957789368180733 0.03408440741098979 -0.08522048699531175 2.484196526653969 -0.03175404013297706 0.9990877801556223 0.028553141746278363 -2.332934138558938 0.08611597001808054 -0.02572652105760769 0.9959529473983368 162.0665034659291
0.9994676367811538 -0.021069572434203446 -0.024909544101488972 2.3477125338806335 0.023627164978044023 0.9939469559467088 0.10729025707868528 -2.3501634186902156 0.022498207805247975 -0.10782168546978005 0.9939156917954985 163.30436337895415
0.998836394946822 0.015164021021623465 -0.045780758391501655 2.2590769012526017 -0.013724685873620359 0.9994066076046448 0.03159207334893948 -2.3408922799470075 0.04623265879065256 -0.030926985151736124 0.9984518768873581 164.55999128843297
0.9860356076241285 -0.01906919507522021 -0.16543915963068617 2.1627243574739565 0.021378849377198573 0.9996971114727201 0.012191125339601034 -2.3549692876754698 0.165156586071419 -0.015557780644627614 0.9861446877350019 165.8141590787822
0.9826762789075058 0.006464977391318052 -0.1852174510747741 2.039579963568638 -0.001313769766946639 0.9996092682939182 0.02792092717900968 -2.324293313118643 0.18532560111059337 -0.027193898535128287 0.982300870947784 167.05042525004467
0.9806662288902906 0.009750054503321066 -0.1954447573972941 1.8701228698000747 0.004250728017228382 0.9974609619419004 0.07108835444642787 -2.321851957270388 0.1956416439132125 -0.07054473249011353 0.978134896368671 168.30641348446161
0.9787392182563682 -0.00444545363374238 -0.20506035655804453 1.7444860205089583 0.003874111121690547 0.9999874118558956 -0.0031876037086281082 -2.4153683820812097 0.20507195902281194 0.002325409193390805 0.9787441809298004 169.5412257322755
0.9717505616219216 -0.01851278615966268 -0.23528300401621652 1.4585200843029862 0.014327396341835528 0.9997074656401026 -0.01948595089149029 -2.410452564039416 0.23557493027616364 0.015564494728191563 0.9717315917158159 170.78354163771934
0.9773606191807694 -0.05388530430151658 -0.2046034293400886 1.3726415752267749 0.05572697399383802 0.9984407662303788 0.0032456314366741037 -2.442107768363244 0.20410952646487568 -0.01457408038890594 0.9788396114769867 172.01250136505047
0.9696525833769957 -0.0008558629622224338 -0.2444853866629187 1.150828286710545 0.005933740958696359 0.9997816898824313 0.0200338892555449 -2.3439408610099006 0.2444148826731376 -0.020876623832663643 0.9694460373401618 173.23977869102612
0.96036633247552 -0.028684476707938583 -0.2772610277091238 0.8586903866191369 0.053616577866020615 0.9951259111062961 0.08276277573547072 -2.406061645302163 0.2735356437593591 -0.09434837390941242 0.9572234449401661 174.46330094897854
0.9695632837861261 0.04784091394937361 -0.2401213337651635 0.6408340954768299 -0.04671110366578404 0.9988543196554588 0.010397803835121467 -2.399678596655373 0.24034368741192597 0.0011350066786483984 0.970687236596008 175.7210392571671
0.9522579856255843 0.09251703600434988 -0.29093864663204 0.4050756365796828 -0.06755915960035276 0.9932097413196465 0.09471094512512125 -2.409745232242795 0.29772549289527145 -0.07053368482942356 0.9520423403367982 176.9220035374114
0.945657340033264 0.0748913404557324 -0.31642289994367306 0.1690355165406734 -0.07856829066355585 0.9969080773959343 0.001141205322139985 -2.4065038841925976 0.3155300313131727 0.023781621607789977 0.948617584394538 178.16995729672922
0.9477744271915561 0.06191991474019125 -0.31287302306701614 -0.07827341985857572 -0.04596601409772015 0.9972507958554849 0.058120298848237495 -2.414824591104309 0.31561169539552963 -0.04070340677397974 0.9480150726733557 179.36546590613975
0.9492650927615917 0.020560919023976783 -0.31380408142027844 -0.306614059935288 0.0006000650635555417 0.9977401049614105 0.0671886619761948 -2.4221674482248687 0.3144763980276261 -0.06396815540186798 0.947107574559178 180.57723047869183
0.9372883866952304 0.053369240090815014 -0.3444447323173774 -0.5900680997008036 -0.01001838840352534 0.9919249312523812 0.1264300442078287 -2.448888049503101 0.3484108151454715 -0.11505063533289346 0.9302544505717144 181.80198436972827
0.9995818042323709 0.02685141591583424 0.010739169825845107 -0.6007929917942398 -0.027226452255826823 0.9989644560634159 0.03645107274272332 -2.4124848714144846 -0.009749278066819536 -0.03672821907898954 0.9992777923551767 182.68561569262135
0.9953359492732311 0.05333914555206379 -0.08038280471473046 -0.7137487916268568 -0.04786160120794266 0.9964958234616064 0.06859508610678103 -2.5767519398772625 0.08375994319492386 -0.06442790654475491 0.9944010426221491 183.58774293838246
0.9998798607775554 -0.0010761143968480102 -0.015466662436877538 -0.6197211810740302 0.0004320392189995046 0.9991348138475107 -0.041585838750993975 -2.560120533463459 0.015498040749512708 0.041574162057866654 0.9990152734447489 184.4720631263126
0.9939353012887496 0.07041392330589052 0.08446660828037171 -0.6250735994109603 -0.0782443436770456 0.992559811650189 0.09328873385409372 -2.6074729870240234 -0.07726932919163867 -0.0993320021717868 0.9920497572725836 185.36749276284408
0.9980175635715827 0.007163329953613832 0.06252792307675675 -0.6362496864127714 -0.002099565333418227 0.9967380626793213 -0.08067695529885965 -2.645930832315838 -0.06290187020449407 0.08038573974254304 0.9947771631700212 186.25378936123897
0.9964735431335568 0.00795522581204847 0.08353025724137278 -0.542389471221302 -0.008438267743998763 0.9999496191090749 0.005431368677135429 -2.5901647148547826 -0.08348283542650405 -0.006117065624894479 0.9964904989467113 187.19087918121727
0.9945883014242143 -0.10372833773930147 0.005886788395458792 -0.582148549893369 0.10379705668364882 0.9945147160982029 -0.012907182982068494 -2.6570409607695344 -0.0045156489288009196 0.013448364411244315 0.9998994285442852 188.10828806987246
0.9932464326999004 -0.02622045441385202 0.11302266744741299 -0.5430394664680974 0.025124981943120427 0.999622594464712 0.011106250609729052 -2.6855298358843003 -0.11327121819517418 -0.00819155142501206 0.9935303953113898 189.003839655201
0.9927555961147542 -0.08597373860347471 0.08393422610029688 -0.5136664602723633 0.07863859537471127 0.9930907341207296 0.08710172217386392 -2.663842295283404 -0.0908427574093232 -0.07987025523576752 0.9926572684207868 189.90664159191599
0.9991931010721751 0.015375674739119985 0.037105889744916055 -0.436902638182572 -0.016893421780120103 0.9990186587312369 0.040942358163760906 -2.6820742421035506 -0.036439952663365305 -0.041536168030641724 0.9984723298063876 190.78792805006898
0.9984979491959035 0.007944296000436285 0.054211117589542474 -0.38407585419335977 -0.003310436258488535 0.9963721682921134 -0.08503815701942731 -2.7152255118335082 -0.05469001046114602 0.08473096591370974 0.994901896151004 191.67939713241051
0.9969722212243745 -0.04656282036177349 0.06227684581422691 -0.3287536207539545 0.052796363959503226 0.9933293615918916 -0.1025147220486436 -2.7527064686919127 -0.05708803836436736 0.10549232431622979 0.9927801580308914 192.56594865171738
0.9973173880708464 -0.041161642524341284 0.06052981326518588 -0.23938500691597564 0.03973802192170848 0.9989087560280695 0.024538370541151974 -2.7706649429674823 -0.06147379369858996 -0.022067209215993294 0.9978647843067189 193.4364970800594
0.9966108381115393 0.013146193971197383 0.08120422772468042 -0.15416555171538338 -0.01496299258160651 0.9996502300675282 0.02180530356475497 -2.795146942333532 -0.08088916237844394 -0.022946460341964903 0.9964589907072253 194.3140220245455
0.9826385711977214 -0.004490952018134907 0.18547609388313746 -0.03743725010515786 -0.003108895145351516 0.9991680277258072 0.040663645017461086 -2.8111912552561478 -0.18550439885832704 -0.04053429266734023 0.9818071123779573 195.18648222047673
0.9872315668972309 0.030145691873305725 0.15641349762981757 0.05724359821728786 -0.034398645118550696 0.999106475733231 0.02455459725877516 -2.8421701528702665 -0.15553351958551895 -0.029621486207725787 0.9873864535398286 196.03437976262092
