0.9996033947312927 -0.013543337876668659 0.024690711630769042 -0.006636187386347505 0.013859928002896541 0.9998233349355667 -0.012696507948093865 -0.014415070314262837 -0.02451439619694545 0.013033684639447634 0.9996145094204157 0.2817114591535845
0.9992184907619004 0.037784729976664565 -0.011606976354777046 -0.016489982511907243 -0.03758469857940448 0.9991489378935688 0.016993832376726158 -0.04594665746215813 0.012239205778536594 -0.01654430610724439 0.9997882214635959 0.5492280125426187
0.9998144310305433 -0.0076382433460880335 0.01768504287969447 -0.01305184499136358 0.007694960611222264 0.9999654594712587 -0.0031412490550819508 0.020396381912566465 -0.01766043805792221 0.0032767525549709203 0.9998386728969308 0.8312424421360838
0.9995773209387534 0.028773468433727883 -0.004155355483911805 0.016538202949649118 -0.02878578758529307 0.9995812918004432 -0.0029359011651372384 -0.002852886524033537 0.004069139863272603 0.003054276123502053 0.9999870566653022 1.097473621370211
0.9996995143612604 0.008575173408248702 -0.022964045525093537 0.03563165688420823 -0.00888442530460734 0.9998707612977802 -0.013398794304122948 -0.03668867001836301 0.022846181031527846 0.013598791221349462 0.9996464999636585 1.395716309540428
0.9995860736955801 -0.027936760518592733 0.006871585376125847 0.05761243431358908 0.02817053756065884 0.9989301708576039 -0.036673349505352316 -0.01628627196094307 -0.00583969901043232 0.036851746397474225 0.9993036809213324 1.667245268825735
0.9981009206420272 -0.061259123441163105 -0.006470858425150003 0.054612145163314356 0.061154089046000316 0.9980103896605019 -0.015344038668063054 -0.01807090569847593 0.007397946681027227 0.014919180358822988 0.9998613346071171 1.9692630767850983
0.999881699394469 0.011651544005057359 0.010041351419345068 0.0266085270919374 -0.01152292484705675 0.9998520254029568 -0.012772998887264506 -0.021202973215473007 -0.010188690380349355 0.012655782812361195 0.9998680021631554 2.261452436444126
0.9970610551541086 -0.03576570564605135 -0.06775003021856013 0.047590524396587945 0.03771612631173798 0.9989036371664843 0.027731164267043397 -0.04449267593628112 0.06668392731185996 -0.030204931902571557 0.9973168583389271 2.5748260021132334
0.9973323714152353 -0.015134312828507912 -0.07140793725120467 0.03859265942415066 0.014982597968464215 0.9998842169170521 -0.002659796663012031 -0.05680800127308814 0.0714399239655343 0.0015828256050703985 0.9974436484969477 2.8619191646439335
0.9969669678523038 -0.019221632853481198 -0.07541481181989092 0.018235996904830108 0.018013910680895803 0.9996988909425008 -0.01666212682447151 -0.06533597296835712 0.07571237737408895 0.015253075079756692 0.9970130288080365 3.168211698511937
0.9958739083587368 -0.00216707121191042 -0.090721896213962 0.011491187510518015 0.001473677144262271 0.9999691965384743 -0.007709361184463129 -0.04414639497774233 0.09073580874077841 0.007543857580525624 0.9958464255220087 3.485893011079371
0.992516851430801 -0.03474710998858908 -0.11705954883447131 -0.008650734375914505 0.032699300592177155 0.9992775257510084 -0.019369622343386697 -0.058171092115146275 0.11764801508451755 0.01539691190727843 0.9929359897044686 3.7862565517203555
0.9943202947244308 0.013822517148513989 -0.1055276718154998 -0.03599249501813402 -0.013387219445688981 0.9998987108664137 0.004832221352224825 -0.07272596511370846 0.1055837768010116 -0.0033920529417902226 0.9944046259210956 4.096794128385925
0.9917898476691976 -0.012859240086591305 -0.12723025585412187 -0.06916965468931954 0.014274479950960735 0.9998459050224345 0.010217897631046023 -0.08772490761148079 0.12707925626018166 -0.011950152163333122 0.9918205767635758 4.423044204668871
0.9865667997728721 -0.024200816428605845 -0.16155578005785748 -0.11627291062432955 0.022652002982062026 0.9996781588914635 -0.011422144994454151 -0.07637540827770949 0.1617802103532323 0.007609147726100977 0.9867974789230799 4.728219985914885
0.9868644474527509 0.021028897430964366 -0.16017599016898484 -0.15368799779360814 -0.024217048061803664 0.9995450630205411 -0.017977807831731443 -0.09787784337260393 0.15972506703010317 0.021620649763888472 0.9869247440742462 5.045189857421843
0.9836250747247742 0.03030596923034047 -0.17766052066143487 -0.19306301979399768 -0.03281917102133617 0.9993982831444006 -0.011223798888837695 -0.051620108964075394 0.1772134715397669 0.016870681754460094 0.9840278276562935 5.354786872812469
0.9808204570822888 0.013528370787352601 -0.1944433443261299 -0.25423550509308573 -0.007382852576014401 0.9994510886219526 0.03229574182821233 -0.14043076134735008 0.19477352126147685 -0.030240776999490092 0.9803819514974111 5.668859481718157
0.9756021456966154 -0.012177577323524194 -0.21920802887369253 -0.3152490546076424 0.026870747630904822 0.9975770026287886 0.06417232073034312 -0.11449044730537729 0.21789542535001455 -0.06849693671476471 0.9735654848402493 5.9703993796356984
0.9645825600315016 -0.012051731357332465 -0.2635056748048619 -0.39647674453594844 0.0101854360618795 0.9999124439079299 -0.008447568306937523 -0.1482091523717263 0.26358441143770556 0.005464457569208887 0.9646208569953859 6.284591197847145
0.955521737988158 -0.030681959950710814 -0.2933203463206619 -0.44652521497953346 0.03280427595824839 0.9994591075440248 0.002317720034102239 -0.12200852994090043 0.2930905797140266 -0.01183679275837244 0.9560114028713734 6.596871852755174
0.9580535149728586 0.0003097916104925526 -0.2865891946276214 -0.5369431960745485 -0.00668348803797504 0.9997516009087766 -0.0212618782797899 -0.09451412909275808 0.2865114197024719 0.022285433387413633 0.9578176057260637 6.904395580166548
0.9448635931280892 -0.017268438664569712 -0.3270085494404761 -0.6706785547366 0.01130430417769905 0.9997334544822883 -0.020130392345117976 -0.13275673729141796 0.32726900755305915 0.015323871437126478 0.9448069515300012 7.218034267263916
0.9499344181924917 -0.0076460068061857825 -0.31235579026682414 -0.7851479040678602 0.00825649002896633 0.9999657149461396 0.000631905576094856 -0.13046920032247017 0.31234024990713716 -0.0031792306137387524 0.9499649787127163 7.529069423495218
0.925611652293634 0.01718500195843206 -0.3780843091771164 -0.9121990786561811 -0.012481463398591661 0.9998112683042986 0.0148876070333549 -0.12985707541395153 0.37826879654702533 -0.009061096360040996 0.9256514538915925 7.836039542950097
0.9194784814388332 0.006468550728443465 -0.39308711505518806 -1.0312190041981513 -0.020965599088560178 0.9992486352851006 -0.03259767684547132 -0.11862596580630091 0.39258090383928723 0.03821416997960414 0.9189232346357873 8.142410278102266
0.9012229494629743 0.03688827285397321 -0.4317828744717744 -1.1806929097087207 -0.043489631054762265 0.9990391666403531 -0.005421762561126269 -0.14568017123394153 0.4311680039014188 0.023664295477560576 0.901961281614248 8.453966140493906
0.8953860903126085 0.003248235385980875 -0.4452787871003722 -1.3534977421127814 0.0023260029212062825 0.9999256334294484 0.011971521253662073 -0.14165834771612798 0.44528455986991555 -0.01175485265640241 0.8953119479714777 8.773021697716858
0.8876471191374532 0.03777149517181109 -0.45897266371698653 -1.52613913858365 -0.017014692915561656 0.9986401826619361 0.049277639938658455 -0.15157377398347988 0.4602098351606884 -0.03593187547525193 0.8870827514647114 9.076733588858213
0.5134007245398089 0.05378704608261762 -0.8564617041989315 -1.8851466105218158 -0.04275072351642225 0.9983976558862535 0.03707418050501866 -0.07191465029264643 0.8570834731500346 0.017580448309821157 0.5148774932356163 9.313038625496057
0.46596656249191315 0.08062929687281047 -0.8811209225576809 -2.2990994128503037 -0.05807835016154946 0.996478843005295 0.06047163951641349 -0.1642794740134935 0.882894146694786 0.022996289933239624 0.4690086156262854 9.385030644336084
0.3878840889604754 0.011140968482780532 -0.9216408266760974 -2.65709855856467 -0.04087672716113 0.9991510498597441 -0.005125547895360885 -0.17139115406867161 0.9208012975504075 0.03966177995116701 0.3880101787207181 9.549669778745054
0.4767495166414596 0.11295052782462349 -0.8717523029449972 -3.0562936213896426 -0.02733736865955036 0.9931358112901606 0.11372742460931891 -0.11941175882864534 0.8786140070161466 -0.030388077108274708 0.4765647664221358 9.694479634231463
0.43448460000127265 0.015343040482975709 -0.9005485686591836 -3.46492686953632 -0.016659171961072403 0.9998207470880537 0.008996898483335835 -0.14334906742263584 0.9005251851895051 0.011093380783774302 0.43466229752819163 9.786724605892111
0.3859639803633504 0.04143389304416566 -0.9215828988283781 -3.900652155810362 -0.00978259463607429 0.9991185082919903 0.040822857947921155 -0.09436056486811353 0.9224619826015009 -0.00674067898234425 0.3860290650353388 9.892101800446413
0.30947231508323564 0.0427209767044931 -0.949948317220505 -4.398352155657637 0.017866293019754544 0.9985527221227134 0.050727263039841666 -0.1131556849986553 0.9507405959874188 -0.032670736468234346 0.3082611348684805 9.977383218777115
0.3582420510106792 0.020787247376870096 -0.9333973024804535 -4.86755174962887 0.04326777921718248 0.9983082752787446 0.038839223628358045 -0.06281183282242223 0.9326256126534477 -0.054299869795402536 0.35673656374596086 10.057026299785688
0.31588412936180305 0.08377615930508664 -0.9450919389102084 -5.381326599179439 0.057126083544875784 0.9926077316526798 0.10708174514177224 -0.06111400802706196 0.9470764629509574 -0.08781482158183282 0.30876320309445426 10.129395689467604
0.2627549434214946 0.08753672750709127 -0.9608835320102791 -5.87803489449586 -0.003888307367365618 0.9959640024067209 0.08966931178649638 -0.05420939604352876 0.9648547651167625 -0.01982484152242378 0.262034812649733 10.20484844056172
0.2461964340902707 -0.014361542298540244 -0.9691135449407747 -6.412602719593005 -0.037472780010996104 0.9990015641239056 -0.024324147193673117 -0.04852742343610389 0.968495277688226 0.042303897280084816 0.24541243350901043 10.265238475115046
0.21325974168209766 -0.015594856405650375 -0.9768710682966327 -6.981481313369333 -0.059095216775696506 0.9978359349998716 -0.0288305511155679 -0.032611968880289624 0.9752066615571442 0.06387680354738443 0.21187663007852242 10.302593165311144
0.19069665725661283 0.036140013368815595 -0.9809835296214144 -7.526644722195191 0.012019255545436633 0.9991612052693729 0.039146160491800495 -0.016875434129490996 0.9815754255549732 -0.019255731862347646 0.19010230374014706 10.352192657013026
0.18427773646615395 0.0593467874531608 -0.9810808711342468 -8.068857157437801 -0.009404328300836333 0.9982361814226359 0.05861811331343349 -0.02198106129170818 0.9828292160005545 -0.0015756044558248778 0.1845107985908324 10.394806750141331
0.21372156018758195 0.04859379994062174 -0.9756852660371321 -8.650412591217869 -0.002046376778690554 0.9987821215365258 0.049295887673699745 -0.0008712789471824189 0.9768924719620493 -0.008538972350181214 0.21356069236957437 10.422081204164957
0.16797097575919112 0.06772886861334672 -0.983462532434507 -9.23759658684564 -0.009504688207447726 0.9977019131622513 0.06708615263170747 0.023627518087628946 0.9857461158052087 -0.00192101942378064 0.1682286836708005 10.469463826315156
0.1480676100709843 0.02569348660774591 -0.9886434284601486 -9.83192139124246 -0.04246959633664742 0.9989054951083757 0.019599584938335638 0.0399605056573169 0.9880649310509694 0.03908522480227339 0.14899671935882114 10.505837236193898
0.13985175490877552 -0.08224289813775633 -0.9867510290840699 -10.413936092691761 -0.07185651451027349 0.9930741044177074 -0.09295409059242654 0.064335862444316 0.9875617040839906 0.08390428089568364 0.13297344631314795 10.521322182679121
0.14043262953686714 0.043408679931585877 -0.9891381926260814 -11.021646309651521 0.00904058368339473 0.9989405563738557 0.04512240218137077 0.08211797703357088 0.9900489562438208 -0.015279042252848905 0.13989138736408713 10.560696874057136
0.1459427006728772 0.0803491331115796 -0.986024718742972 -11.643916815988868 0.016700135382143155 0.9963541844280726 0.08366267478003746 0.02520390562113181 0.9891520738488518 -0.02867670017824421 0.14406875725741156 10.580676559771995
0.10830464075257722 0.023615152666376104 -0.9938372253038379 -12.311160757898241 -0.008145134754658558 0.9997053350744135 0.022866969717147072 0.04149222026250826 0.9940843784447575 0.005618340556444494 0.1084650539657109 10.552755998846166
0.12705613184745335 0.026894227851783085 -0.9915308572666065 -12.902393676574938 -0.021945899145553255 0.9994638665410269 0.024297232147219367 0.07513501092231961 0.991652715230074 0.01867292520979212 0.1275782089199552 10.6557698743344
0.15398015987112493 0.02926542569597801 -0.9876404438197782 -13.539462253857723 0.03213064948305058 0.9988843305749413 0.03460800479817734 0.18257244848817694 0.9875513777498078 -0.03706247322874757 0.15286802979340403 10.69556835896967
0.13001264744904675 0.06852919112828917 -0.9891412753041018 -14.273148258753354 0.03486984660364569 0.9966755023445665 0.07363447103433447 0.1283646614831494 0.9908989838466362 -0.04406461438335555 0.12719079652727439 10.615273182470276
0.23331633806807991 0.014775571391485847 -0.9722886248044811 -14.971062789150922 -0.03938465570119158 0.9992076722847513 0.005733676224710166 0.17231763366660013 0.9716029698352477 0.03695549334895419 0.23371338358971747 10.629925550467838
0.1535341625909887 0.03200008196184104 -0.9876250587725849 -15.660082323409368 -0.032489874065742615 0.9990985775481575 0.027321034477164458 0.2029865406862687 0.9876090628275399 0.027893103023311504 0.15443542007885308 10.636635384142723
0.14155157038307184 -0.029907552066053732 -0.9894790004316085 -16.35512830361739 -0.03345285065604862 0.998828113389391 -0.034975779997535726 0.2475687077149175 0.9893654790479296 0.03805176981741984 0.14038517312136573 10.654458694395672
0.16566373485159466 -0.017674491566726225 -0.9860239045512593 -17.076954514662134 0.017980121116442944 0.9997273259624337 -0.014899243910412837 0.22755195443885906 0.9860183744217222 -0.015260564186620477 0.16593633005988379 10.671525119649484
0.1350702351446411 -0.06538429011021078 -0.9886763511020114 -17.80410922102196 0.032466941938993285 0.9975765895637851 -0.061537339363021186 0.3102593944281326 0.9903039535274727 -0.023787435092555362 0.13686571049706805 10.661539753797243
0.12510904028948724 -0.05277171880145238 -0.9907385501615532 -18.558089391110094 0.006158393556184396 0.9986064976059223 -0.05241312458251298 0.33668964393278883 0.99212387980712 0.00045599760269395196 0.12525966762268834 10.666923341436778
-0.027025101672233137 0.06975283581523699 -0.997198172530256 -19.43090444472126 0.0203369492084043 0.9973944056030172 0.06921542409349352 0.37041170630679415 0.9994279286522486 -0.018409418856335177 -0.02837324229029901 10.611927933072502
-0.14403341387785004 0.08906548628299367 -0.9855565556385945 -20.26721563400929 0.018538648128885928 0.9960094637525708 0.08730082132839995 0.40986800411622126 0.9893992243949583 -0.005696654116475539 -0.14510980342260982 10.402454742405384
-0.12416776617887733 0.08172443594452315 -0.9888900302531326 -21.087377925219826 0.02596496110329082 0.9965288195809139 0.07909550747873187 0.37284039628306137 0.9919215281648133 -0.015855382697950723 -0.1258587341168633 10.36034665033333
-0.014987856537658885 -0.003542946749264628 -0.9998814035709848 -21.92647333428244 -0.08208880589719672 0.9966223460039998 -0.0023009032138537238 0.3880593935903739 0.9965123800618654 0.08204458891768518 -0.015228064997906566 10.270664148370283
-0.08013672400967249 -0.06709104343393017 -0.9945234571785063 -22.754174101769735 -0.0455258215522699 0.9969374358046271 -0.06358549698656887 0.4038683767645204 0.9957437607113863 0.04018096515196663 -0.08294567616589796 10.258389105135473
-0.10033978866503547 0.06623949932800274 -0.9927458209742189 -23.587129782093207 0.032511423699736496 0.9974668277059593 0.06326848914720284 0.501310771540648 0.9944219757523771 -0.025927237893732163 -0.10223915407883981 10.196021541701295
-0.04992370157459176 0.058312612275835736 -0.9970492830311867 -24.441386766969202 0.06887214498235247 0.9961187148276193 0.054809674141024216 0.47514187683431064 0.9963756234572141 -0.06593262874569265 -0.05374604727556071 10.052658302492192
-0.053174065079488214 -0.024217909443130334 -0.998291551195076 -25.27323880458027 0.009801924247489012 0.9996450349721345 -0.02477282988174086 0.5718820406956049 0.9985372168291093 -0.011102453321901708 -0.05291780691059942 9.939817637387526
-0.051242593832657425 0.1340029387756692 -0.9896552018249234 -26.143241198615996 0.07324725594092585 0.9887924366176323 0.13009351847280193 0.5759191276692702 0.9959965699290587 -0.0658232066869441 -0.06048363664507963 9.85109349051734
-0.06491889722442111 -0.029997650763108598 -0.9974395657152386 -26.9850031812238 0.024660330048893384 0.9991945593737617 -0.03165544824350345 0.591943587971596 0.9975858544714681 -0.026652229958058167 -0.06412685667885228 9.744464382959036
-0.05648162778932574 -0.08759535550506244 -0.9945536129030722 -27.855432110157814 0.03599212622311849 0.9953176621298285 -0.08970666121361748 0.5963873527210171 0.9977547417038083 -0.04086288249179662 -0.053064417389100914 9.649575601893604
-0.04406835567383419 -0.06831611191982113 -0.996689971055547 -28.712412776103662 0.07032826036431374 0.994971903559954 -0.07130787953763763 0.6238911023990324 0.9965500725664932 -0.07323790047877285 -0.03904222012123001 9.578831673756925
-0.05043016537155104 0.04820828427131043 -0.9975634161648866 -29.579554159519677 -0.0338305561196802 0.998178656212045 0.049948278439725304 0.6452923512197719 0.9981545091698398 0.03626702530212678 -0.04870740036654628 9.488315550852173
-0.03443258953917205 0.07164701748124026 -0.9968355487170459 -30.437112925810283 -0.07478237427114111 0.9944460341874947 0.07405841174963453 0.65338096110374 0.9966053005027431 0.0770957552803866 -0.028883415282826824 9.418947214468744
-0.030780588624033784 0.11269898533137779 -0.9931523063415703 -31.27815203377223 -0.08581588643340705 0.9896561780007392 0.11496194911517837 0.7062823515345659 0.9958354886533137 0.08876684599848149 -0.02079083309812335 9.34532805003948
-0.017617035873200196 0.04784983299789455 -0.9986991754534797 -32.13786069985586 0.002418063355026443 0.9988532855272862 0.047814576487721853 0.7080838215578171 0.9998419501607937 -0.0015725694913858823 -0.017712534394382938 9.268316540474888
-0.07369719587835033 -0.03617545654921632 -0.9966243370425328 -32.99540908023615 0.011642051188219144 0.9992425584905358 -0.03713137095721094 0.7517765020170715 0.9972127747676801 -0.014339232746952903 -0.07322021848635062 9.221160444552282
-0.07935830742248828 0.049381183457747765 -0.99562230152086 -33.84844436133298 0.013860686544713487 0.9987303587364036 0.04843055513316824 0.7860510065318294 0.9967498545506926 -0.00995664513823858 -0.07994200911648613 9.154990618460978
-0.04418052842983088 0.08620111237694347 -0.9952976733897165 -34.70404947774044 -0.07112279253958283 0.9934711226336993 0.08920002039266539 0.7835964197558491 0.9964887159747415 0.07472925701451952 -0.03776121332644328 9.093883632216528
-0.010909375300706537 0.09541132172358162 -0.995378156651959 -35.571472537489896 0.015165738694900925 0.9953386637280384 0.09524133357773074 0.6542725928245394 0.9998255438051661 -0.014056625507808911 -0.012305502218658735 9.015977079854347
-0.009907945282299097 -0.03338373209467401 -0.9993935003661262 -36.40298550878151 0.021010136102702793 0.9992149510410129 -0.033586047114768196 0.6972309635505198 0.9997302330514186 -0.02133016602018549 -0.009198765750048372 8.855229194511674
0.024157233606674235 0.001222975847331529 -0.9997074281593058 -37.2775171762832 0.04151695077856304 0.9991353044654873 0.0022255184681421857 0.6990022884476661 0.9988457849848715 -0.041558572053742415 0.02408557779307112 8.955458885278913
-0.00804560785494013 -0.04817413688363937 -0.9988065529681436 -38.11729567141148 0.01837044453635497 0.9986631746559348 -0.04831518516377718 0.8928431274950963 0.9997989433132198 -0.01873724897716613 -0.007149867226260288 8.94295778773526
0.013879715577098006 0.07659716834283789 -0.9969655143582962 -38.953701806161305 0.0038925218224367115 0.9970498425751172 0.07665785320851985 0.8043985647930434 0.9998961614737567 -0.004944702349845383 0.013540618137100209 8.770269351942225
0.12498526328722431 -0.018735486261335248 -0.9919816908783744 -39.79377791908393 0.02526197560482301 0.9995576249282189 -0.0156956618255819 0.7890153481359206 0.9918370053504623 -0.023097694904606954 0.12540328328372097 8.74359693807374
0.04155989748494047 0.053960336167602825 -0.9976778370616763 -40.63082527136311 -0.02670151851491618 0.9982438789788771 0.05287867012270208 0.8230409406130841 0.9987792225397231 0.02444188040406179 0.04292774459572888 8.702773831667521
0.05283733780741314 -0.0993293670794721 -0.9936507948426151 -41.45074368769987 -0.046564595911424235 0.9937132831463484 -0.10181166961529665 0.8370640685732995 0.9975169599221004 0.05164840752184265 0.04787994171931199 8.676319257885678
0.05379993940965045 -0.006991888318894299 -0.9985272602886706 -42.29903846631859 -0.07124263495629549 0.9974002845105628 -0.010822485226396596 0.8536516888171308 0.9960071206207906 0.07171996542657223 0.05316196368372259 8.652279154727795
0.06579227115284318 -0.07013269787536523 -0.9953656570665966 -43.11644102550672 0.05119306405427959 0.9964505065576129 -0.06682533155588863 0.8632185904657912 0.9965193311812515 -0.04655923311501199 0.06914906033077801 8.617744721420637
0.08689410456798213 0.05463429785120736 -0.9947183106849791 -43.96444059007196 -0.0038428127686586143 0.9985059958825112 0.05450665776254389 0.9019485030229835 0.9962102076026813 -0.0009137936986198665 0.08697424561394669 8.60608066465148
-0.04609675605206872 0.020689939117040333 -0.9987226610957172 -44.86287014253983 -0.010516657796102443 0.9997199606447201 0.02119601045335228 0.9236975983551446 0.9988816083925136 0.011480296206407458 -0.045866250656295474 8.516726298562583
-0.11068878735195499 0.05604048372535217 -0.9922738507204973 -45.763646344393536 -0.009137458340108436 0.9983093425372208 0.05740064563926395 0.9698412946662192 0.9938131005649542 0.015420473183577763 -0.10998958081261496 8.435164723891873
-0.09954037368295464 0.060545897218791535 -0.9931897334458964 -46.66459602663209 -0.012010604258701638 0.9980011464350022 0.06204295094192207 0.9770614303918889 0.9949610237853268 0.018104591889518778 -0.09861421112414061 8.369273040778669
-0.042892749085969045 0.03363081842403472 -0.998513454297577 -47.54511620312807 -0.06114079954651867 0.9974716186944682 0.036222136762888865 0.9775638797133703 0.9972070960676847 0.06260358656067776 -0.04072807676607511 8.288961838686697
-0.08739601510197267 -0.01801061976652596 -0.9960107893016135 -48.41490208373446 -0.03171536406268988 0.9993799397053531 -0.015288638223057132 0.9993433799186481 0.9956686453058274 0.03025268517919628 -0.08791303389927332 8.212965599772055
-0.05133914281339634 0.04443979197235101 -0.9976920043730637 -49.2751585983322 0.018370038063021794 0.998882387617158 0.04354753806621285 1.0285444358357732 0.9985122998829629 -0.016091944994343507 -0.052098119196407326 8.178255354128614
-0.06106044039522228 0.08868401855492107 -0.9941864542212359 -50.10324877134772 0.049598755964470276 0.9950840577787665 0.08571786291748659 1.0300804410127005 0.9969009806052384 -0.04407644191655348 -0.06515888175344105 8.063796150130411
-0.042668971166683244 0.017565678726356598 -0.9989348047374067 -50.94022467270513 -0.014761933598754304 0.999725135770232 0.018210131450290306 1.0508809411862572 0.9989801913454117 0.015523221630600511 -0.042397931845316324 7.98176484833527
-0.08023948468605402 0.07886387325800383 -0.9936508707173579 -51.75777002453736 0.04287847178179895 0.9962154422092565 0.07560489417552628 1.0727904355747846 0.9958529214731154 -0.036539733371486645 -0.08331737162002686 7.90793691346238
-0.11408217848413818 0.009545071158950591 -0.9934254307466592 -52.577754166067045 -0.052637406360328674 0.9984911677009415 0.01563848255706426 1.0909021135750976 0.9920758736176137 0.05407541838453431 -0.11340761811912915 7.812372225612102
-0.06866179137142232 -0.012205575857019021 -0.9975652964137072 -53.389830430208015 -0.04007275432476751 0.9991518526979921 -0.009466798445942653 1.1027243826443522 0.9968348465795766 0.03932518884870811 -0.06909266170696667 7.7401069161416025
-0.09116826861153435 -0.00681119072439703 -0.9958121774534556 -54.19081475098703 -0.024758503074437492 0.9996829464179231 -0.004570976756946904 1.0791487279403484 0.9955276703842687 0.024238096630518177 -0.0913079947543941 7.677197206142383
-0.06957894127952373 0.05721362810309381 -0.9959343903967786 -54.987035880060944 -0.006007212894907038 0.9983117868034659 0.057769891676599745 1.108916211146694 0.9975583508650937 0.01000236169428554 -0.06911777712657755 7.604049111435218
-0.06060376824883381 0.03814931745201593 -0.997432579745262 -55.766112290369335 -0.022842929923962554 0.9989545885979972 0.03959546859572303 1.1226189356012404 0.9979004772713702 0.025183922505390883 -0.05966896382443874 7.554301852570916
-0.04955259059235671 0.05852602538329349 -0.9970552559430806 -56.55479397231676 -0.0419534155124018 0.9972785420626445 0.060624179417700624 1.145516281464587 0.9978899888867137 0.04483396538616132 -0.04696236112564118 7.483849250835015
-0.06966737026016678 0.09159486515210992 -0.9933563189933918 -57.3310247740564 -0.04102472286155375 0.9946702789476283 0.09459322890249479 1.144576798528768 0.9967263457058992 0.04734223582240352 -0.06553840262142986 7.448656149877124
-0.12633769823948224 0.0297225262875991 -0.9915418779456238 -58.07922701177334 -0.014195959055784241 0.9993944275513756 0.031766705645445543 1.1866955887604806 0.9918856993291408 0.018089225251211784 -0.12583925115487762 7.393525453656918
-0.061449299998375444 0.04044000881840268 -0.9972905933085796 -58.82363952688843 -0.05188998005612397 0.997698173599962 0.04365380884750801 1.2122126795884727 0.9967604485299033 0.05443189281065941 -0.059209416705307355 7.370718808603943
-0.07900189188409099 0.08195841367340188 -0.9934996013044873 -59.56651192900648 -0.032118277908949326 0.9958878435108949 0.08470944476976842 1.2358020563820231 0.996356912048312 0.038601708700877084 -0.07604465552550657 7.33513763200199
-0.06262928587176163 0.0649254030442742 -0.9959227896157581 -60.30043173147892 -0.034717848696126326 0.9971360721584411 0.06718776111888683 1.172462660716267 0.9974328158369925 0.03878422443985651 -0.06019584338768941 7.3396909288364185
-0.10005708406482414 0.004969833298317935 -0.9949692552891939 -61.02367286244346 -0.018831774345781597 0.9997988767365237 0.006887743694035263 1.125520252320658 0.9948034597788116 0.019426209318031816 -0.09994336665685373 7.255317312326748
-0.07523395153429643 0.05572478320757946 -0.9956076231921414 -61.74122313124326 0.00531452817432764 0.9984454771389188 0.05548202981993889 1.161982722810546 0.9971517374872602 -0.0011170494615231111 -0.07541314448891936 7.335827302257618
-0.04366573067137328 0.017758353292166202 -0.9988883236571481 -62.44271869233188 -0.02538155169424721 0.9994994946439402 0.018878763251866014 1.2684303025101027 0.9987237151341049 0.026177696311203074 -0.0431931334778778 7.3265642253272825
-0.06379337569355097 0.023116688267416613 -0.9976953253506153 -63.1246648681522 -0.03975565248164975 0.9988791625852849 0.02568613070312399 1.1946621777098354 0.997170934106362 0.04130264053290192 -0.06280284860994353 7.298941847094174
-0.01744606737285347 0.0015154748332133778 -0.9998466264155484 -63.81213456052301 -0.04369383598267928 0.9990423094914703 0.0022766652998449577 1.2347396762576976 0.998892617356664 0.04372686071729556 -0.017363132702124674 7.307806537149249
-0.022911322260627757 0.028319729274659405 -0.999336281004238 -64.48459039351835 -0.07749949086563082 0.9965403460751439 0.030017298709580916 1.2216173267304904 0.9967290891810666 0.07813579893628804 -0.020637282765353787 7.338126230066166
-0.017733753624954343 -0.04468785736746341 -0.9988435551534465 -65.17509907481407 -0.032341081758232686 0.9985035064233255 -0.0440984438824161 1.2258345796012071 0.9993195415768122 0.03152165698998517 -0.019152459329897963 7.366937880044772
-0.016130118077081337 -0.002813314698990754 -0.9998659124285243 -65.80592637941726 0.01146898297622211 0.9999296685475529 -0.002998507910910712 1.22896340553036 0.999804110754852 -0.011515808666166598 -0.01609670784762684 7.40486457027659
0.001057472123105905 -0.023281262032426402 -0.9997283645451838 -66.45037116643364 0.04508286976587915 0.9987135247072534 -0.023209934991432948 1.2142581551380967 0.9989826797455237 -0.04504607965538216 0.0021057091920341185 7.4514229893303
0.012421838343273416 -0.009172944053846423 -0.9998807395459022 -67.07712359381684 0.013434917756982882 0.9998691249240097 -0.00900592418232607 1.2236070701678523 0.9998325752060061 -0.013321442700450641 0.012543462694685455 7.501022894293095
-0.00037710163796397984 0.007030961027765327 -0.9999751570961429 -67.6083026012862 -0.08310197372506281 0.9965161466868814 0.007037991835861618 1.225995508858548 0.9965409905615182 0.08310256343750372 0.00020849967727471627 7.500859032077784
0.02558537620038343 0.024592723952000486 -0.9993700405162146 -68.18552709559813 0.029747423718148876 0.9992358674757909 0.02535101390062417 1.3210376225834235 0.9992299554523725 -0.030377312309506785 0.02483425889436301 7.544319896925322
0.07784035255386841 -0.0008698441472500473 -0.9969654027665773 -68.75528883819949 -0.05266260478923031 0.9985998806513448 -0.004983010504315413 1.3407467282209466 0.9955739825739313 0.05289067093992631 0.07768556841999642 7.645904044542302
0.1575201372305966 0.04986981130460177 -0.9862556969241659 -69.30985034152876 -0.04673245182709937 0.9979815022813479 0.0429988491037235 1.288885305007512 0.9864094012689207 0.0393169572733296 0.1595327406847525 7.709945486476037
0.09772167274015303 -0.024345394053622856 -0.9949159099608946 -69.83229288941435 0.025263450416830282 0.9994392298736944 -0.021974663507451798 1.2844771945454316 0.9948930877617984 -0.022987620022745528 0.09828193445804947 7.748131897556892
0.1832720008569794 0.04707567971820262 -0.9819343896152245 -70.33511284139064 -0.0234586710518964 0.9987777166268841 0.043504775551878525 1.2978031949554816 0.9827823184815537 0.015061660798829181 0.18415234520726226 7.908919571907826
0.14350360858418032 0.05509173750300521 -0.9881151280140857 -70.81433540992222 0.0007539266440129124 0.9984429141872394 0.05577706228962815 1.3396831777630986 0.9896495179058756 -0.008749186582208125 0.143238642949972 8.008867579757828
0.3037233399433971 0.10153733882050953 -0.9473342562300548 -71.29969421901068 -0.09634396885011001 0.9924814147363251 0.07548763503345703 1.2805426682699073 0.9478765670313871 0.06834258385028735 0.311222316514723 8.176775517573017
0.23768998299815686 0.0991164632914826 -0.966270816135414 -71.74394391788204 -0.01606929810843024 0.995045267364279 0.09811521557845204 1.29145663621677 0.9712081483560138 -0.007793720564239304 0.23810505218911615 8.358257523461788
0.2768949641224439 0.08999972040281419 -0.9566760792447571 -72.23087352531518 -0.050822206432675945 0.9955821811752493 0.07895014777313826 1.2863702799084606 0.9595552604280436 0.02675948442464581 0.28024570927942544 8.58014956965348
0.3202202971476814 0.010254001555354426 -0.9472875530560023 -72.63405852386079 -0.036124364396336574 0.999346280953981 -0.00139392042824105 1.2922247083502558 0.9466541097552904 0.03466651688902024 0.3203814203126233 8.841678972182489
0.3588869493033262 0.031042150606591757 -0.9328646385910145 -73.04588704176629 -0.005577940777945618 0.9995002405911739 0.031113624163958048 1.2899135627171188 0.9333643725303137 -0.005962820161468055 0.3588807855794843 9.085027545930748
0.3898322423455025 0.03274714449334949 -0.9203033949646626 -73.44243821554471 0.02423294128133098 0.9986566083511721 0.04580005597313238 1.297574236741328 0.9205669943386613 -0.04015601082181054 0.38851503075234256 9.371152077002924
0.43815303144183193 -0.00992864992152268 -0.8988455008382383 -73.83789331112973 0.05373547673812787 0.9984399910885174 0.015165246738519085 1.2858945051710338 0.8972928266183784 -0.054944606180535295 0.4380030809734086 9.681488305165578
0.49120759165507616 0.039242392162435934 -0.8701580477050501 -74.20003243240684 0.018926884166904735 0.9982678582192454 0.05570420339476931 1.2962867818157735 0.8708368772034385 -0.04383172276969758 0.48961407125708284 10.000765694237899
0.5126501350841371 0.075273933627418 -0.8552915089854135 -74.55485692182991 -0.04899456394711445 0.997090965424649 0.058386996376987535 1.3102030804806666 0.8571985547625858 0.011972524804774792 0.5148468915649245 10.29322849252719
0.5616380188160994 0.06768106676257438 -0.8246101505864946 -74.8870618644295 -0.049693587452578125 0.9976087269530328 0.04803412585854749 1.2787076266876682 0.8258893792302605 0.01400003744061677 0.5636583695977982 10.674651143127507
0.6097932830775412 0.08104773347766321 -0.7884055480777151 -75.20483595311947 -0.06698845280141272 0.9964685827545051 0.05062423084110804 1.3509583931253033 0.7897244300177845 0.021943744929684185 0.6130691821343481 11.022733440307887
0.6089260902901478 0.0899823002936257 -0.7881066511747618 -75.5146803283703 -0.04694080618413679 0.9958914954501678 0.0774376651156581 1.3286016090921762 0.7918368224247571 -0.010159463809008602 0.6106482271641416 11.402022461891868
0.6407564057232057 0.13158939359918823 -0.7563830718921144 -75.80508575547061 -0.11423574326410882 0.9905760138094529 0.07555963075626919 1.3195895382013347 0.7591978628613455 0.0379906598748456 0.649750213682436 11.881152885992385
0.6234097417893633 0.07059397493214375 -0.7787019172786684 -76.06618614354947 -0.08113788196146073 0.9963798819072485 0.02537079058796711 1.2635296763606807 0.7776740397791171 0.047365822208248226 0.626880843646938 12.215947763455194
0.6538557947986225 0.08523744439932388 -0.7518025466228541 -76.31164759970879 -0.07180342704781134 0.9961399585085977 0.050491117044799416 1.2912560352824052 0.7532043788736202 0.020968082743355806 0.6574523013443665 12.71765942988604
0.6981407942564531 0.09174841617426141 -0.7100574279257686 -76.5467190168573 -0.08873939240314739 0.9951964978068878 0.04134190322878679 1.381843742228612 0.7104398023113059 0.03414758999958002 0.7029290538741624 13.14548085047663
0.7028287770776623 0.02939726244917465 -0.7107512944061986 -76.75004211636744 -0.04641864842247283 0.9989115001218397 -0.004585409111500656 1.330663936638485 0.7098429254134964 0.036214866617084826 0.7034284114731563 13.580747763253846
0.79322275855057 0.05387531283492581 -0.6065434835297778 -76.94474213489922 -0.05673067890769947 0.9982844572475322 0.014480140276397385 1.3451841829361346 0.6062831245280713 0.022923639924806043 0.7949184266554707 14.034083682228182
0.7644976610907641 0.0598635417697979 -0.6418407699590309 -77.13443743009611 -0.07027567971287768 0.9974839406904155 0.009328391038403236 1.3292082055416161 0.640784365384415 0.03797425812536303 0.7667811801224993 14.498548218380394
0.7670841136885113 -0.011176425136149757 -0.6414490949997216 -77.28449243603629 0.004972515115572652 0.9999217369289414 -0.011475891433229895 1.2884851878780046 0.641527226377685 0.005613349851457596 0.7670797439060242 14.944839442323941
0.7810063002547916 -0.009195302355790106 -0.6244553601379227 -77.41399483325475 0.022178162962237867 0.9996692292237042 0.013017803373008448 1.309605770113082 0.6241291774348852 -0.024016271462381295 0.7809519921037595 15.47283913511739
0.7812363308430068 -0.0045725127846567015 -0.6242185345901424 -77.5506330212456 0.011613447774255471 0.999906516643001 0.007210255155500528 1.2748786667624705 0.6241272831812974 -0.012882253620819085 0.7812164919673122 15.967414891529515
0.791009278950321 0.0014562593807670723 -0.611802330292378 -77.67701765940681 -0.01169074709373168 0.9998505101660117 -0.012735216013451218 1.2629207518731478 0.6116923966755823 0.017226092851173765 0.7909081482483897 16.518301102335037
0.9783352673531832 -0.026878453015805277 -0.2052743317351433 -77.81446059910054 0.033839161693709985 0.9989625214846091 0.030473749658440453 1.2928687304001147 0.20424232912244716 -0.03675985960121135 0.978229967750882 17.249316478362026
0.9657257339182311 -0.1011861099820953 -0.23902944556611008 -77.96890292858184 0.10072265242932671 0.9948133326697514 -0.014185839537014126 1.3085402569549316 0.23922514731306252 -0.010376050800101424 0.9709087251394909 17.91943306064968
0.9716815892110472 -0.04188745105045501 -0.2325515609185336 -78.13725712621276 0.049540312781309694 0.9984026090015923 0.027163309106400652 1.1937704673692298 0.23104234005330723 -0.03791476918121004 0.9722047075949498 18.59313246553616
0.9727230951429177 -0.00263050116148718 -0.23195421637055616 -78.29497653006513 -0.005643182053826204 0.9993713532774074 -0.034998719377385815 1.1778951576980399 0.23190052000418346 0.0353530306118551 0.972096907791348 19.261086942755476
0.9896967645864223 0.047176279543948846 -0.13518361834340686 -78.34432548184864 -0.0392043971367311 0.9973650690228224 0.06103926565345165 1.1821318554469082 0.13770706569128607 -0.055110577385452095 0.9889386605892664 19.958557011385597
0.9829057527151993 0.01037161539859503 -0.1838167803173805 -78.51435578636776 -0.0002966695771285814 0.9984998324158568 0.05475266446424346 1.174251905049446 0.184108946943994 -0.053762182417867704 0.9814344652018269 20.625095533198213
0.9881133604229049 0.08064431788388803 -0.13087543237618612 -78.5082922551859 -0.07464331774308491 0.9959490998864868 0.05013604656200649 1.1370999028994146 0.13438849708017261 -0.03977112371301098 0.9901303326634787 21.314788144593866
0.9753757122608929 -0.03949392290117739 -0.21698467189709147 -78.5943753476486 0.03619453653270321 0.9991609939795982 -0.01916040835030038 1.157853635996647 0.21755939463675622 0.01083494065898909 0.9759869875953053 22.00758621342749
0.9938574981260727 0.02396023439694232 -0.10804202163549048 -78.72023864989885 -0.032310145504412635 0.9965682343821185 -0.07620804636819434 1.151987066506894 0.10584532030577018 0.07923080759204805 0.9912211324355605 22.65957948497224
0.9950297288282351 -0.05234930776072997 -0.08470706332908871 -78.76685668351062 0.04958537704597511 0.9981768186247361 -0.034412014713981184 1.1623457898220655 0.08635410534626513 0.030040752276316918 0.9958115322598315 23.344911030743376
0.9983932468559313 -0.011820594272180964 -0.055417470497852485 -78.85457259858045 0.015860830974859748 0.9972026448968864 0.07304229367090787 1.1375872186042717 0.054399072747436106 -0.07380390999032321 0.9957880345954724 24.04953100637746
0.9975005037251765 0.04488341849402471 -0.054572169328023036 -78.92791586370876 -0.04259209001974307 0.9981902685399445 0.04244949084700228 1.1239189723192886 0.056378714705980944 -0.04001904921624084 0.9976071382649003 24.741161128303347
0.9977537675506067 0.056027231309507985 -0.036718749205515676 -78.97168878815754 -0.05350328840227697 0.9963543484893961 0.06644748294465293 1.124944609237987 0.04030777934885875 -0.06433365989880396 0.9971141104292642 25.4348414453895
0.9981989470804233 0.04899120839770708 -0.03462111205787035 -79.02847950396577 -0.04747488121067579 0.9979316515515383 0.04334065180540791 1.0891819549311035 0.03667283927057051 -0.0416189634650713 0.9984603401382962 26.12832639245127
0.9978261466821858 0.03889054909704455 -0.053201541717963936 -79.08401208161806 -0.03953673210038083 0.9991558625017088 -0.011147504499000923 1.0640517767614655 0.05272312722659748 0.01322669179054226 0.9985216134710756 26.821277683233895
0.9991071238391399 -0.03932193300682135 -0.015447929678292576 -79.15623387083498 0.03979632932301692 0.9987045583718985 0.031706700756641296 1.067643765235981 0.014181170356057855 -0.03229316527248438 0.9993778724652507 27.511212151097872
0.996605258969768 -0.06032718840148208 -0.056022191908482746 -79.1925592105329 0.05691561773394095 0.9965370536498496 -0.06061658827504897 1.02198130003468 0.05948504721802954 0.057222283615850515 0.9965877911676474 28.209167070490402
