0.999991238 -0.002852991 -0.003066820 -0.000294707 0.002846608 0.999993801 -0.002083406 -0.000218154 0.003072745 0.002074657 0.999993145 0.038264640
0.999971151 -0.001447301 -0.007457518 -0.000884511 0.001419733 0.999992132 -0.003700663 -0.000355677 0.007462816 0.003689968 0.999965370 0.081063949
0.999940276 -0.001555978 -0.010819287 -0.001576121 0.001500258 0.999985576 -0.005156336 -0.000497296 0.010827155 0.005139797 0.999928176 0.116954997
0.999874771 0.000044337 -0.015824726 -0.002848894 -0.000140164 0.999981642 -0.006054474 -0.000706714 0.015824167 0.006055934 0.999856472 0.167112648
0.999800146 -0.001056318 -0.019963374 -0.003694879 0.000937144 0.999981701 -0.005978054 -0.001343636 0.019969324 0.005958152 0.999782860 0.199132308
0.999705076 0.000589959 -0.024279028 -0.005417702 -0.000754841 0.999976695 -0.006782502 -0.002369572 0.024274461 0.006798828 0.999682188 0.244309902
0.999574006 0.003186452 -0.029010801 -0.007083308 -0.003410250 0.999964774 -0.007668115 -0.002528483 0.028985344 0.007763783 0.999549687 0.284812748
0.999429584 0.003588289 -0.033580318 -0.008807234 -0.003800388 0.999973238 -0.006254466 -0.002861818 0.033556975 0.006378517 0.999416471 0.331483632
0.999285817 0.002752813 -0.037685834 -0.010576388 -0.002881231 0.999990225 -0.003353706 -0.003482512 0.037676234 0.003459892 0.999284029 0.373723716
0.999152362 0.002185598 -0.041106645 -0.012917832 -0.002220206 0.999997199 -0.000796287 -0.003967650 0.041104790 0.000886878 0.999154449 0.421294451
0.999045610 0.003967348 -0.043498449 -0.015213965 -0.004022094 0.999991238 -0.001171129 -0.004618808 0.043493420 0.001344966 0.999052823 0.464550406
0.998950779 0.003403157 -0.045669857 -0.017603733 -0.003467617 0.999993086 -0.001332292 -0.004949001 0.045665011 0.001489260 0.998955727 0.512911737
0.998909950 0.000195917 -0.046678122 -0.020528885 -0.000281598 0.999998271 -0.001828994 -0.005444574 0.046677683 0.001840145 0.998908281 0.561125994
0.998764634 -0.000035577 -0.049690984 -0.022067728 -0.000017499 0.999999404 -0.001067683 -0.005726390 0.049690995 0.001067234 0.998764098 0.605363250
0.998697579 -0.001640815 -0.050994724 -0.024586517 0.001579162 0.999997973 -0.001249270 -0.006282967 0.050996669 0.001167114 0.998698115 0.653352797
0.998600066 0.000556753 -0.052892447 -0.027356936 -0.000744619 0.999993503 -0.003532225 -0.006746538 0.052890137 0.003566664 0.998593986 0.701617777
0.998523474 0.000802908 -0.054316308 -0.030163413 -0.001147273 0.999979436 -0.006309118 -0.007211071 0.054310128 0.006362117 0.998503864 0.750467718
0.998416841 0.004992569 -0.056026105 -0.033472441 -0.005455579 0.999952197 -0.008114266 -0.007766595 0.055982918 0.008407075 0.998396337 0.799857378
0.998357832 0.005962790 -0.056974676 -0.036809493 -0.006422696 0.999948204 -0.007892416 -0.008394067 0.056924663 0.008245386 0.998344421 0.849891126
0.998289764 0.004932737 -0.058250956 -0.040016223 -0.005286557 0.999968469 -0.005921530 -0.009529611 0.058219910 0.006219349 0.998284400 0.901826322
0.998199344 0.005498762 -0.059731092 -0.042953685 -0.005775553 0.999973357 -0.004462298 -0.010215103 0.059704963 0.004799243 0.998204529 0.951077342
0.998163939 0.005317517 -0.060336430 -0.046724528 -0.005595190 0.999974489 -0.004434049 -0.010972811 0.060311314 0.004763501 0.998168230 1.003031492
0.998026609 0.004336944 -0.062642761 -0.049228366 -0.004683393 0.999974549 -0.005384782 -0.011433821 0.062617809 0.005667537 0.998021483 1.053292513
0.997935951 0.003222260 -0.064136654 -0.051949643 -0.003578597 0.999978781 -0.005441796 -0.012672669 0.064117759 0.005660083 0.997926295 1.105335474
0.997953057 0.003442801 -0.063857913 -0.056432795 -0.003742963 0.999982476 -0.004581429 -0.012570170 0.063841023 0.004811069 0.997948468 1.157918215
0.997954786 0.004235822 -0.063782915 -0.059775494 -0.004289246 0.999990582 -0.000700683 -0.013735181 0.063779347 0.000972830 0.997963548 1.211165071
0.997998536 0.005000731 -0.063038833 -0.063172400 -0.004835829 0.999984503 0.002768184 -0.014117320 0.063051701 -0.002457799 0.998007238 1.263940811
0.998070300 0.004027408 -0.061963797 -0.066069208 -0.003759492 0.999983072 0.004439735 -0.013860920 0.061980627 -0.004198215 0.998068511 1.317665577
0.998204172 0.003607809 -0.059794310 -0.069883756 -0.003210605 0.999972165 0.006737591 -0.015185024 0.059816953 -0.006533516 0.998187959 1.371146560
0.998242378 0.003422354 -0.059164360 -0.072563089 -0.003186094 0.999986589 0.004087154 -0.015930528 0.059177551 -0.003891467 0.998239875 1.426140785
0.998320997 0.004967175 -0.057710808 -0.076220088 -0.005041939 0.999986649 -0.001149953 -0.015710123 0.057704322 0.001438997 0.998332679 1.478809237
0.998353064 0.004940462 -0.057155043 -0.079098813 -0.005216491 0.999975443 -0.004681290 -0.015507165 0.057130512 0.004971729 0.998354316 1.533647180
0.998443961 0.002270802 -0.055718470 -0.082623146 -0.002461040 0.999991357 -0.003345889 -0.016506091 0.055710394 0.003477808 0.998440921 1.589126110
0.998422801 0.000296341 -0.056141078 -0.085454464 -0.000194891 0.999998331 0.001812524 -0.017297223 0.056141522 -0.001798724 0.998421192 1.644805074
0.998375416 -0.002950655 -0.056901492 -0.088488199 0.003233867 0.999982834 0.004885809 -0.017532075 0.056886099 -0.005061883 0.998367846 1.700707793
0.998237669 -0.009995755 -0.058494631 -0.090566590 0.010260425 0.999938428 0.004226076 -0.018091466 0.058448788 -0.004818808 0.998278797 1.756623387
0.998148263 -0.012079170 -0.059616450 -0.094261743 0.012124408 0.999926388 0.000397132 -0.018423777 0.059607267 -0.001119211 0.998221278 1.813139200
0.998049915 -0.012318696 -0.061193753 -0.097648665 0.012126178 0.999920309 -0.003516417 -0.018759346 0.061232191 0.002767514 0.998119712 1.868458033
0.997951150 -0.010555575 -0.063103788 -0.101635009 0.010295476 0.999937117 -0.004445520 -0.019484065 0.063146748 0.003786729 0.997997046 1.925997019
0.997881174 -0.010837715 -0.064153336 -0.105298489 0.010680607 0.999939084 -0.002791399 -0.020433189 0.064179681 0.002100288 0.997936130 1.983280659
0.997844219 -0.007587140 -0.065187141 -0.109247528 0.007595821 0.999971151 -0.000114676 -0.021007806 0.065186128 -0.000380722 0.997873068 2.040258169
0.997771800 -0.007091657 -0.066340931 -0.113125831 0.007152040 0.999974191 0.000672746 -0.021041581 0.066334449 -0.001145720 0.997796774 2.096610546
0.997712433 -0.006218192 -0.067314312 -0.117495105 0.006489309 0.999971688 0.003809722 -0.022031913 0.067288719 -0.004237831 0.997724533 2.154905558
0.997745275 -0.006991229 -0.066749357 -0.122210912 0.007500774 0.999944568 0.007386140 -0.022638893 0.066694021 -0.007870158 0.997742414 2.214734554
0.997733951 -0.000394710 -0.067281857 -0.126547828 0.001018239 0.999956846 0.009233369 -0.022943502 0.067275308 -0.009280954 0.997691274 2.269440413
0.997693360 -0.000231913 -0.067881994 -0.130208418 0.000786129 0.999966562 0.008137808 -0.022848828 0.067877837 -0.008172401 0.997660160 2.326393604
0.997694731 -0.000246018 -0.067861401 -0.134141833 0.000713545 0.999976158 0.006865285 -0.023433039 0.067858100 -0.006897881 0.997671127 2.383487225
0.997709155 0.001890593 -0.067623042 -0.138712183 -0.001597108 0.999989092 0.004393820 -0.023664298 0.067630611 -0.004275753 0.997701287 2.440091372
0.997632980 0.001615176 -0.068744905 -0.142516121 -0.001300837 0.999988496 0.004617058 -0.024278169 0.068751574 -0.004516704 0.997623563 2.496947765
0.997552991 -0.000238554 -0.069913700 -0.146395817 0.000623786 0.999984741 0.005488331 -0.024385095 0.069911323 -0.005518512 0.997537971 2.553248405
0.997457862 0.000248327 -0.071257994 -0.150171667 0.000205651 0.999979734 0.006363505 -0.024962857 0.071258128 -0.006361983 0.997437596 2.609966993
0.997454464 0.002551805 -0.071260832 -0.154650792 -0.002349325 0.999992967 0.002925053 -0.025424479 0.071267799 -0.002750192 0.997453451 2.665250063
0.997392595 0.002959201 -0.072105654 -0.158838868 -0.003046019 0.999994755 -0.001094107 -0.026091097 0.072102040 0.001310889 0.997396410 2.720765352
0.997341871 0.003936559 -0.072758026 -0.162951201 -0.004119778 0.999988735 -0.002368289 -0.026745385 0.072747879 0.002661741 0.997346818 2.776492834
0.997331321 0.002614385 -0.072962046 -0.167048231 -0.002528345 0.999996006 0.001271582 -0.027661242 0.072965078 -0.001083715 0.997333884 2.831872702
0.997322500 0.000427608 -0.073127426 -0.170929000 -0.000116324 0.999990940 0.004260937 -0.028071923 0.073128588 -0.004241022 0.997313499 2.887449026
0.997295499 -0.001092626 -0.073487930 -0.174895942 0.001462657 0.999986529 0.004981641 -0.028816449 0.073481500 -0.005075655 0.997283638 2.942353725
0.997335970 -0.004273146 -0.072819985 -0.179430306 0.004566425 0.999982119 0.003861437 -0.029547550 0.072802186 -0.004183677 0.997337639 2.996639967
0.997232556 -0.007046816 -0.074010454 -0.182716489 0.007247815 0.999970734 0.002447603 -0.029925086 0.073991045 -0.002977244 0.997254491 3.051450491
0.997129858 -0.008411066 -0.075241253 -0.186705932 0.008714245 0.999955177 0.003702020 -0.030691504 0.075206742 -0.004347065 0.997158468 3.106040478
0.996998370 -0.012176412 -0.076458894 -0.190466285 0.012787629 0.999890029 0.007509555 -0.030572191 0.076359048 -0.008464742 0.997044444 3.160268784
0.997008264 -0.012327748 -0.076305740 -0.195289209 0.013328272 0.999831557 0.012616680 -0.031036306 0.076137356 -0.013595958 0.997004628 3.214312553
0.996928334 -0.011171492 -0.077518262 -0.199179113 0.012373090 0.999810338 0.015037882 -0.031233765 0.077335566 -0.015950831 0.996877491 3.268579483
0.996807873 -0.010086508 -0.079197831 -0.203321874 0.010988655 0.999879539 0.010963496 -0.031322982 0.079077713 -0.011798777 0.996798635 3.322140455
0.996760845 -0.008347880 -0.079988495 -0.208219782 0.008638626 0.999957263 0.003289477 -0.031849444 0.079957619 -0.003969813 0.996790349 3.374595404
0.996666491 -0.007010078 -0.081282265 -0.212207735 0.006885157 0.999974668 -0.001817070 -0.032111298 0.081292942 0.001251372 0.996689439 3.426100492
0.996624351 -0.001984723 -0.082072675 -0.217384219 0.001946494 0.999997973 -0.000545799 -0.033078190 0.082073592 0.000384203 0.996626198 3.478804350
0.996558785 0.000578136 -0.082887128 -0.222103819 -0.000430596 0.999998271 0.001797874 -0.033897150 0.082888030 -0.001755997 0.996557295 3.529771566
0.996454179 0.003124496 -0.084079273 -0.226512894 -0.002863032 0.999990702 0.003230122 -0.034580730 0.084088586 -0.002977947 0.996453822 3.579947710
0.996360123 0.004153030 -0.085142367 -0.230921879 -0.003903853 0.999987602 0.003092881 -0.035373509 0.085154161 -0.002749240 0.996363997 3.629049063
0.996209264 0.005421510 -0.086820208 -0.235496700 -0.005095880 0.999979138 0.003971821 -0.035774834 0.086839929 -0.003514339 0.996216059 3.677778721
0.996082187 0.006383727 -0.088201791 -0.239756361 -0.006000417 0.999971390 0.004610283 -0.036632873 0.088228695 -0.004062973 0.996091962 3.725103855
0.995939195 0.006056089 -0.089824393 -0.243998870 -0.005623939 0.999971390 0.005063371 -0.037133407 0.089852490 -0.004537642 0.995944738 3.772089243
0.995828629 0.005764939 -0.091060773 -0.248477325 -0.005239877 0.999968231 0.006004087 -0.037530661 0.091092497 -0.005501895 0.995827258 3.818717957
0.995690465 0.008648735 -0.092334598 -0.253010213 -0.007873389 0.999930680 0.008758114 -0.038003910 0.092403948 -0.007993384 0.995689511 3.864122629
0.995558262 0.010130027 -0.093601122 -0.257387608 -0.008962432 0.999876797 0.012886141 -0.038307741 0.093720131 -0.011990011 0.995526373 3.908707857
0.995346367 0.013961125 -0.095345080 -0.261751771 -0.012633054 0.999814808 0.014518587 -0.038581066 0.095530115 -0.013246523 0.995338380 3.951999903
0.995216370 0.016079199 -0.096362896 -0.266703010 -0.015128234 0.999829471 0.010591113 -0.039041914 0.096516758 -0.009082648 0.995289922 3.994871855
0.995102584 0.015730189 -0.097588040 -0.271178305 -0.015478669 0.999874651 0.003333951 -0.039557248 0.097628251 -0.001807091 0.995221317 4.035795212
0.994960666 0.015227268 -0.099103056 -0.275238782 -0.015564824 0.999875367 -0.002633790 -0.039875407 0.099050604 0.004163039 0.995073676 4.076833725
0.994891822 0.015971294 -0.099675462 -0.279185206 -0.016431414 0.999857783 -0.003796882 -0.040532827 0.099600643 0.005415296 0.995012760 4.115575314
0.994792461 0.018754154 -0.100181222 -0.284248531 -0.018860366 0.999822140 -0.000113102 -0.041196603 0.100161284 0.002001967 0.994969189 4.155117512
0.994640172 0.019091250 -0.101619080 -0.288012445 -0.018974202 0.999817729 0.002118360 -0.042061396 0.101640999 -0.000178866 0.994821131 4.191954136
0.994591713 0.015939655 -0.102631435 -0.291699648 -0.016127536 0.999869466 -0.001001055 -0.043019239 0.102602080 0.002650833 0.994718969 4.228574753
0.994685054 0.008148967 -0.102641106 -0.294560462 -0.008890182 0.999937594 -0.006766023 -0.043054130 0.102579564 0.007642560 0.994695425 4.263344288
0.994784892 0.004068086 -0.101913899 -0.297697872 -0.005195563 0.999928176 -0.010800037 -0.044611134 0.101862647 0.011273214 0.994734585 4.297415733
0.995129943 0.006260943 -0.098372765 -0.301620066 -0.007399815 0.999909699 -0.011216512 -0.045055468 0.098293655 0.011889827 0.995086432 4.330432892
0.995492280 0.011259841 -0.094171643 -0.305275381 -0.012097727 0.999892116 -0.008331258 -0.045793146 0.094067678 0.009432966 0.995521128 4.362953663
0.995955348 0.009672580 -0.089327507 -0.307973534 -0.010169239 0.999935269 -0.005106537 -0.046666462 0.089272335 0.005994276 0.995989203 4.394356251
0.996458292 0.006225559 -0.083857507 -0.310033590 -0.006335279 0.999979377 -0.001042371 -0.047132902 0.083849289 0.001569940 0.996477187 4.425751209
0.997160494 0.001508151 -0.075290784 -0.311999530 -0.001342821 0.999996603 0.002246460 -0.047783602 0.075293913 -0.002138979 0.997159064 4.455645084
0.997855604 0.005215972 -0.065245390 -0.313237280 -0.005068245 0.999984205 0.002429484 -0.048581723 0.065257035 -0.002093595 0.997866273 4.485457897
0.998692095 0.010252849 -0.050089393 -0.314761698 -0.010160238 0.999946177 0.002103202 -0.049011271 0.050108261 -0.001591531 0.998742521 4.513826847
0.999377549 0.015436032 -0.031722236 -0.315778136 -0.015365083 0.999878883 0.002479144 -0.049226698 0.031756662 -0.001990186 0.999493659 4.542174339
0.999853790 0.014177265 -0.009559702 -0.315183163 -0.014150022 0.999895632 0.002911480 -0.049484767 0.009599981 -0.002775784 0.999950051 4.569442749
0.999806821 0.010450917 0.016645297 -0.313481778 -0.010513967 0.999937892 0.003704851 -0.049789090 -0.016605545 -0.003879143 0.999854565 4.596209526
0.998876512 0.009442005 0.046439301 -0.311256886 -0.009698816 0.999938905 0.005307797 -0.050237525 -0.046386346 -0.005752240 0.998907030 4.622082233
0.996821225 0.009020464 0.079158723 -0.307890236 -0.009601930 0.999929607 0.006968012 -0.050758399 -0.079090297 -0.007705938 0.996837676 4.647756577
0.993052423 0.008888161 0.117336802 -0.303877860 -0.009820431 0.999924600 0.007369493 -0.051043767 -0.117262453 -0.008470590 0.993064821 4.673036575
0.987344444 0.009216441 0.158322364 -0.298477590 -0.010488362 0.999919057 0.007200063 -0.051144138 -0.158243194 -0.008769484 0.987361252 4.696902275
0.979025960 0.009008683 0.203536317 -0.292132646 -0.010615254 0.999920487 0.006802923 -0.051281068 -0.203458861 -0.008820828 0.979043782 4.720459461
0.967563748 0.010542459 0.252406895 -0.284688085 -0.012264557 0.999911010 0.005250331 -0.052165456 -0.252329081 -0.008175689 0.967606962 4.743288040
0.952078223 0.011355927 0.305643827 -0.276212454 -0.013002018 0.999909878 0.003350417 -0.053342599 -0.305578202 -0.007163845 0.952140033 4.764825821
0.932615519 0.011926762 0.360674411 -0.265203118 -0.012853531 0.999917388 0.000170865 -0.052945912 -0.360642582 -0.004795291 0.932691753 4.786195755
0.908281386 0.012293063 0.418179125 -0.254199207 -0.012955982 0.999915302 -0.001253874 -0.053417735 -0.418159127 -0.004279051 0.908363700 4.806090832
0.879275203 0.013010728 0.476136357 -0.242033958 -0.012636309 0.999912202 -0.003987917 -0.053274050 -0.476146460 -0.002510130 0.879362404 4.824623585
0.846066535 0.011083364 0.532962143 -0.227917552 -0.009594225 0.999938488 -0.005563868 -0.054142110 -0.532990992 -0.000405956 0.846120834 4.842560768
0.809130490 0.011525203 0.587516010 -0.213118851 -0.009023241 0.999933422 -0.007188668 -0.054426681 -0.587559760 0.000515272 0.809180617 4.859124660
0.770308375 0.009546246 0.637600064 -0.196455359 -0.006994811 0.999954283 -0.006520777 -0.054757480 -0.637633145 0.000563117 0.770339966 4.874191284
0.727104366 0.009159380 0.686465859 -0.180229187 -0.008701128 0.999953628 -0.004125955 -0.055372600 -0.686471820 -0.002973027 0.727150321 4.888814449
0.683358312 0.008213847 0.730036974 -0.161794066 -0.007144317 0.999964058 -0.004563362 -0.055306539 -0.730048239 -0.002097203 0.683392465 4.901527882
0.637459338 0.007177944 0.770450592 -0.143320799 -0.003540387 0.999973357 -0.006387041 -0.055479046 -0.770475864 0.001343786 0.637467742 4.913020134
0.590299010 0.004179651 0.807173848 -0.124207497 0.001432011 0.999979615 -0.006225277 -0.056552239 -0.807183444 0.004830657 0.590281010 4.924026012
0.544007003 0.006274190 0.839057267 -0.104851842 -0.000346287 0.999973655 -0.007252953 -0.057064116 -0.839080691 0.003655103 0.543994844 4.933857918
0.496417642 0.009333406 0.868033648 -0.085219383 -0.004354681 0.999956369 -0.008261498 -0.057525445 -0.868072927 0.000321143 0.496436656 4.943605423
0.450958788 0.011361523 0.892472506 -0.065059185 -0.005204964 0.999935448 -0.010099544 -0.058122039 -0.892529607 -0.000090810 0.450988770 4.951795578
0.408594429 0.008919824 0.912672520 -0.044387579 0.002105446 0.999940395 -0.010715308 -0.058474474 -0.912713647 0.006299798 0.408551276 4.958589077
0.369320273 0.001361110 0.929301262 -0.022869587 0.017255004 0.999816477 -0.008321830 -0.058671467 -0.929142058 0.019108517 0.369229019 4.963830471
0.334133744 -0.002172252 0.942523181 -0.001102448 0.021424467 0.999756455 -0.005291026 -0.058863875 -0.942282140 0.021960966 0.334098935 4.969311714
0.300958931 0.002038728 0.953634918 0.020549059 0.018735491 0.999792039 -0.008050163 -0.059230126 -0.953453064 0.020289587 0.300858140 4.975163937
0.269819796 0.009623164 0.962862790 0.042532206 0.007963292 0.999893546 -0.012224790 -0.060095027 -0.962877989 0.010966049 0.269714415 4.981282234
0.241441429 0.014038154 0.970313847 0.065103292 0.003158345 0.999878705 -0.015251772 -0.060955819 -0.970410228 0.006746996 0.241367817 4.986443996
0.215783358 0.015641958 0.976315975 0.088439941 0.003894013 0.999849975 -0.016879652 -0.061982296 -0.976433516 0.007444135 0.215690076 4.990336418
0.192405879 0.016964257 0.981168866 0.112674475 0.011616800 0.999741137 -0.019563409 -0.062617004 -0.981246769 0.015162158 0.192158997 4.993628025
0.172593296 0.023154277 0.984721005 0.137312174 0.018554796 0.999469876 -0.026753198 -0.062656790 -0.984818399 0.022888720 0.172072172 4.996208191
0.152877569 0.029852582 0.987794220 0.162484646 0.020464817 0.999233663 -0.033365574 -0.062798433 -0.988033295 0.025315875 0.152149498 4.999217987
0.135067880 0.030609623 0.990363479 0.188987732 0.018062763 0.999280572 -0.033348668 -0.063518241 -0.990671754 0.022393035 0.134417832 5.002752304
0.119663715 0.026260037 0.992467225 0.216373444 0.016433179 0.999460816 -0.028426468 -0.064758852 -0.992678583 0.019711010 0.119167686 5.005667686
0.104951382 0.023084046 0.994209528 0.244829178 0.016684176 0.999548972 -0.024969254 -0.066007145 -0.994337499 0.019208126 0.104518950 5.008409500
0.091836929 0.020673463 0.995559454 0.274114132 0.018631129 0.999573767 -0.022475483 -0.066961408 -0.995599747 0.020612475 0.091412604 5.010512829
0.080270469 0.019704543 0.996578336 0.304069996 0.022711504 0.999508858 -0.021591811 -0.067871705 -0.996514380 0.024366977 0.079783499 5.012075424
0.069920957 0.020320715 0.997345507 0.334868908 0.025666332 0.999424875 -0.022162471 -0.068772316 -0.997222304 0.027147824 0.069359183 5.013822556
0.062310159 0.020787323 0.997840464 0.366852760 0.027730750 0.999361038 -0.022550652 -0.069642663 -0.997671664 0.029075997 0.061693847 5.015405655
0.056632400 0.021189639 0.998170197 0.399756908 0.029528661 0.999301851 -0.022889007 -0.070472747 -0.997958362 0.030770889 0.055967152 5.016981602
0.051022530 0.022367330 0.998447001 0.433562279 0.030453393 0.999249399 -0.023941532 -0.071263291 -0.998233080 0.031627655 0.050303042 5.018473625
0.045249224 0.022897866 0.998713255 0.468679905 0.031485453 0.999207914 -0.024335735 -0.072398834 -0.998479426 0.032546114 0.044492424 5.019787788
0.040856004 0.022973763 0.998900890 0.505036354 0.033641335 0.999137163 -0.024355160 -0.073456116 -0.998598516 0.034599412 0.040047884 5.021103859
0.037973285 0.023131888 0.999010980 0.542223454 0.035347104 0.999075294 -0.024476951 -0.074322298 -0.998653412 0.036241613 0.037120521 5.022288322
0.035012722 0.022197016 0.999140382 0.580573082 0.036670815 0.999051511 -0.023480093 -0.075680114 -0.998713911 0.037461393 0.034165561 5.023444176
0.032446623 0.021978440 0.999231815 0.620079041 0.038425032 0.998991668 -0.023220882 -0.076633163 -0.998734593 0.039148953 0.031569362 5.024792671
0.031636238 0.021535210 0.999267399 0.660756111 0.042816475 0.998820901 -0.022881132 -0.077807203 -0.998581946 0.043508980 0.030676842 5.026137352
0.032710314 0.021278288 0.999238372 0.702615261 0.046065118 0.998678803 -0.022774328 -0.078791350 -0.998402774 0.046774987 0.031686902 5.026771545
0.035386741 0.021167425 0.999149561 0.744845867 0.048011430 0.998585284 -0.022855891 -0.080084227 -0.998219848 0.048779394 0.034320414 5.027642250
0.038874745 0.020836856 0.999026895 0.788755894 0.050214116 0.998478651 -0.022779390 -0.081943557 -0.997981668 0.051050793 0.037769318 5.030141830
0.043195486 0.020422272 0.998857975 0.833822250 0.050820574 0.998451769 -0.022611704 -0.082880802 -0.997773349 0.051739257 0.042090714 5.032104015
0.046938241 0.018647524 0.998723805 0.879322767 0.052125167 0.998417795 -0.021091606 -0.084206901 -0.997536898 0.053048648 0.045892000 5.034789085
0.051317334 0.017265527 0.998533189 0.926265240 0.052118946 0.998441756 -0.019942483 -0.085282855 -0.997321546 0.053065889 0.050337493 5.036769867
0.055200458 0.015176696 0.998360038 0.973609686 0.049254950 0.998625755 -0.017904103 -0.086487472 -0.997259736 0.050162483 0.054377079 5.040167332
0.059442699 0.014025963 0.998133183 1.021917582 0.048687860 0.998670518 -0.016933069 -0.087862834 -0.997043669 0.049603518 0.058680773 5.043185234
0.063256681 0.015260292 0.997880697 1.069975138 0.045488220 0.998799860 -0.018157901 -0.088919401 -0.996960163 0.046540424 0.062486589 5.046759605
0.066672027 0.019062592 0.997592926 1.119620562 0.043755133 0.998799801 -0.022009941 -0.090681925 -0.996815145 0.045117252 0.065757930 5.050369263
0.067758322 0.024436831 0.997402549 1.168524265 0.037712045 0.998922825 -0.027036047 -0.092277139 -0.996988893 0.039446007 0.066763759 5.054750919
0.067565858 0.027715331 0.997329891 1.217867613 0.034933556 0.998935461 -0.030126590 -0.093763083 -0.997103155 0.036875807 0.066525757 5.058388233
0.067438066 0.027193183 0.997352839 1.267107487 0.032142971 0.999050379 -0.029412882 -0.095707566 -0.997205615 0.034041431 0.066499949 5.062135696
0.067477226 0.025346590 0.997398794 1.316711187 0.029574962 0.999187171 -0.027392877 -0.097776622 -0.997282386 0.031346425 0.066672742 5.066121578
0.067467272 0.024513707 0.997420311 1.365538120 0.030950211 0.999165595 -0.026650129 -0.099343538 -0.997241318 0.032668382 0.066652298 5.069302082
0.067652464 0.023683390 0.997427821 1.415389538 0.027633218 0.999290228 -0.025601886 -0.101679772 -0.997326195 0.029294170 0.066949964 5.073492527
0.068002582 0.023701150 0.997403562 1.464947701 0.026620522 0.999318719 -0.025561636 -0.103922337 -0.997329950 0.028289661 0.067325294 5.076921463
0.068115592 0.024417611 0.997378588 1.513505220 0.023263721 0.999389768 -0.026055636 -0.105676882 -0.997406185 0.024977533 0.067505956 5.080667019
0.067202091 0.025573444 0.997411609 1.562348843 0.020412307 0.999427021 -0.027000429 -0.107799262 -0.997530580 0.022173960 0.066641569 5.084134102
0.064175904 0.025462532 0.997613668 1.610944986 0.017253557 0.999496698 -0.026620504 -0.109439589 -0.997789383 0.018920777 0.063704312 5.087821007
0.059823930 0.024062235 0.997918904 1.659473658 0.014355115 0.999585330 -0.024962988 -0.111428231 -0.998105764 0.015818626 0.059453726 5.091384888
0.054898381 0.021807745 0.998253942 1.708073378 0.012422354 0.999669194 -0.022521829 -0.113266431 -0.998414814 0.013637077 0.054609299 5.094545364
0.048969209 0.019370213 0.998612523 1.756576300 0.010248845 0.999749541 -0.019894846 -0.115133882 -0.998747826 0.011208862 0.048758447 5.096871853
0.041449487 0.020059198 0.998939216 1.805033207 0.010017992 0.999739826 -0.020490957 -0.116460592 -0.999090374 0.010856705 0.041237772 5.099256516
0.032728314 0.020632381 0.999251366 1.852595091 0.010172728 0.999728262 -0.020975415 -0.118455321 -0.999412596 0.010851603 0.032509506 5.100910664
0.022885203 0.021501807 0.999506891 1.900434732 0.010969664 0.999703109 -0.021757195 -0.119528413 -0.999677956 0.011462172 0.022642553 5.101921082
0.012268305 0.020619934 0.999712169 1.948222876 0.011934055 0.999713123 -0.020766411 -0.121177748 -0.999853611 0.012185391 0.012018740 5.102967262
0.001771986 0.019698575 0.999804378 1.995496035 0.010556975 0.999749899 -0.019716211 -0.122682154 -0.999942660 0.010589845 0.001563609 5.102852821
-0.009796023 0.018789502 0.999775529 2.042834520 0.012011973 0.999753535 -0.018671393 -0.124303445 -0.999879956 0.011826371 -0.010019302 5.102791786
-0.020511627 0.019223843 0.999604762 2.089566946 0.011751053 0.999750674 -0.018985521 -0.125952959 -0.999720573 0.011356987 -0.020732403 5.101722240
-0.032003164 0.019294377 0.999301553 2.135806322 0.011932513 0.999749780 -0.018920887 -0.127849162 -0.999416530 0.011318650 -0.032225490 5.101093292
-0.042127490 0.020508129 0.998901784 2.182829857 0.011598930 0.999731958 -0.020036004 -0.129531801 -0.999044955 0.010742126 -0.042354107 5.098165035
-0.052452803 0.021799862 0.998385549 2.228827477 0.012563522 0.999696970 -0.021168444 -0.130788043 -0.998544455 0.011432895 -0.052710772 5.095762253
-0.061877489 0.022533054 0.997829378 2.274250746 0.013327116 0.999674618 -0.021748282 -0.132270485 -0.997994781 0.011952461 -0.062157631 5.092607021
-0.072035909 0.023589548 0.997123182 2.319959164 0.014788016 0.999635637 -0.022580652 -0.133083493 -0.997292519 0.013118857 -0.072358489 5.090299129
-0.081023693 0.023503527 0.996434987 2.364289999 0.014213819 0.999647498 -0.022423526 -0.135268345 -0.996610820 0.012346309 -0.081329226 5.085846901
-0.089642882 0.022650227 0.995716512 2.408759594 0.015771013 0.999648333 -0.021319831 -0.137254387 -0.995849192 0.013792289 -0.089968562 5.081701279
-0.096721292 0.022178907 0.995064497 2.452368259 0.017769735 0.999630809 -0.020553455 -0.138198063 -0.995153010 0.015694076 -0.097079754 5.077007294
-0.102256060 0.020426471 0.994548440 2.495971441 0.020647235 0.999617338 -0.018407704 -0.139817029 -0.994543850 0.018652376 -0.102638721 5.072799683
-0.105599403 0.018842788 0.994230390 2.538263798 0.023835020 0.999581158 -0.016412634 -0.141295761 -0.994123220 0.021964336 -0.106004357 5.067355156
-0.108726263 0.017828526 0.993911922 2.580790281 0.025510265 0.999559939 -0.015139215 -0.142561555 -0.993744433 0.023708923 -0.109133244 5.063080788
-0.110026121 0.016742045 0.993787706 2.620564938 0.025199575 0.999583721 -0.014049747 -0.144214660 -0.993609250 0.023497190 -0.110402107 5.058445930
-0.110970259 0.017397195 0.993671417 2.660995483 0.026928034 0.999532342 -0.014492564 -0.145305723 -0.993458867 0.025149375 -0.111386895 5.054188728
-0.109894395 0.018561911 0.993769944 2.698907614 0.027545236 0.999498487 -0.015622867 -0.146422923 -0.993561506 0.025656763 -0.110350609 5.049830914
-0.106847882 0.020253265 0.994069219 2.736461401 0.028861741 0.999434352 -0.017260369 -0.147427037 -0.993856549 0.026846334 -0.107372046 5.045717239
-0.101533771 0.020668520 0.994617403 2.773267746 0.028802646 0.999426126 -0.017828181 -0.148937836 -0.994415104 0.026837451 -0.102070808 5.042103767
-0.093783855 0.021246191 0.995366037 2.808215618 0.027917162 0.999435246 -0.018702688 -0.150514260 -0.995201230 0.026033783 -0.094323993 5.039225578
-0.082539678 0.021026088 0.996365964 2.842664957 0.027263405 0.999450862 -0.018832671 -0.151928023 -0.996214807 0.025609888 -0.083067536 5.036885262
-0.068958282 0.021537818 0.997387052 2.875605822 0.026633289 0.999450326 -0.019740980 -0.153144300 -0.997264028 0.025202397 -0.069493890 5.035163879
-0.051657319 0.023038182 0.998399198 2.908208847 0.025576174 0.999436498 -0.021738807 -0.154173166 -0.998337388 0.024412263 -0.052217484 5.034211159
-0.030359149 0.025487283 0.999214113 2.939774990 0.023895422 0.999407649 -0.024766207 -0.155554801 -0.999253452 0.023124760 -0.030950308 5.034075737
-0.005880833 0.028382026 0.999579847 2.969964981 0.022080943 0.999357104 -0.028245792 -0.157002628 -0.999738932 0.021905558 -0.006503701 5.034892082
0.022548914 0.030454455 0.999281764 3.000955343 0.020743316 0.999306500 -0.030923283 -0.157940626 -0.999530494 0.021425704 0.021901548 5.036704063
0.055929661 0.029973540 0.997984707 3.031760454 0.018417798 0.999348223 -0.031046676 -0.159230053 -0.998264849 0.020117115 0.055341184 5.039242744
0.093911827 0.027631927 0.995196998 3.061203718 0.018008243 0.999404073 -0.029448086 -0.160329372 -0.995417595 0.020687273 0.093358219 5.043433189
0.136175156 0.023864023 0.990397334 3.090449572 0.015447669 0.999537170 -0.026208237 -0.161915213 -0.990564346 0.018868243 0.135743499 5.048525810
0.181559801 0.019199321 0.983192503 3.119438171 0.012875753 0.999677300 -0.021898912 -0.163325965 -0.983295619 0.016635306 0.181254029 5.055278778
0.229504526 0.015989220 0.973176360 3.148507595 0.008533135 0.999793589 -0.018438915 -0.164359465 -0.973270297 0.012536061 0.229320705 5.064211845
0.281347573 0.014513232 0.959496200 3.174774170 0.004345158 0.999856114 -0.016397817 -0.165333793 -0.959596157 0.008782648 0.281243980 5.073399544
0.335904539 0.014427247 0.941785574 3.201416016 0.003294507 0.999858558 -0.016491914 -0.166112751 -0.941890299 0.008642429 0.335809469 5.084707260
0.394038081 0.014777925 0.918975234 3.226989269 0.005365103 0.999816716 -0.018378373 -0.167075858 -0.919078410 0.012172177 0.393886566 5.097177505
0.453554094 0.018210839 0.891042769 3.250641346 0.006226733 0.999702036 -0.023601085 -0.168029889 -0.891207099 0.016252656 0.453305542 5.111375809
0.512838066 0.021958217 0.858204484 3.273329735 0.006634105 0.999541640 -0.029538849 -0.169004351 -0.858459771 0.020842064 0.512457311 5.127310276
0.570950150 0.026123228 0.820568979 3.294950485 0.002555480 0.999432266 -0.033595528 -0.169893682 -0.820980728 0.021278320 0.570559263 5.144828796
0.626453400 0.028853437 0.778924704 3.314993143 -0.001305808 0.999352098 -0.035968453 -0.170962483 -0.779457808 0.021515435 0.626085162 5.164160728
0.678309262 0.030059366 0.734161437 3.333135605 -0.003310256 0.999277711 -0.037855815 -0.171910509 -0.734769046 0.023247689 0.677918851 5.184514999
0.726862669 0.028165989 0.686205029 3.350014687 -0.003958375 0.999313891 -0.036824960 -0.173166364 -0.686771393 0.024050433 0.726475477 5.205927372
0.771856070 0.024226278 0.635335565 3.365548849 -0.005535772 0.999491990 -0.031386800 -0.174304783 -0.635773182 0.020709019 0.771598101 5.228499413
0.813121557 0.017851101 0.581820130 3.380247355 -0.005097006 0.999709666 -0.023549261 -0.175695002 -0.582071543 0.016182872 0.812976480 5.252438068
0.849576235 0.015980652 0.527223766 3.393087387 -0.007770394 0.999811649 -0.017783910 -0.176182657 -0.527408659 0.011012050 0.849540353 5.277542591
0.880531549 0.012037713 0.473834693 3.404384851 -0.008068767 0.999913275 -0.010408410 -0.177057549 -0.473918885 0.005341672 0.880552292 5.303243160
0.905867279 0.012575435 0.423374981 3.413951397 -0.011613214 0.999920785 -0.004852456 -0.177982971 -0.423402488 -0.000521064 0.905941546 5.329786301
0.925976098 0.014218264 0.377314359 3.422719002 -0.014835579 0.999889135 -0.001270283 -0.178748310 -0.377290606 -0.004421426 0.926084340 5.356731415
0.941066563 0.020432539 0.337603748 3.430103302 -0.022146396 0.999754012 0.001225461 -0.179112226 -0.337495625 -0.008629946 0.941287518 5.385194302
0.952858567 0.024314413 0.302439064 3.436953783 -0.025572648 0.999672949 0.000200562 -0.179160103 -0.302335262 -0.007925275 0.953168690 5.413529396
0.962054849 0.026307087 0.271584958 3.443700314 -0.027392603 0.999624729 0.000206093 -0.179229110 -0.271477640 -0.007637692 0.962414443 5.442378998
0.968106925 0.020716634 0.249679431 3.450831652 -0.021450935 0.999769866 0.000220007 -0.179459050 -0.249617413 -0.005568847 0.968328536 5.471602917
0.972066939 0.017743196 0.234032109 3.457653522 -0.018497163 0.999828398 0.001026910 -0.180128425 -0.233973727 -0.005327155 0.972228348 5.501625061
0.974959671 0.021669265 0.221323431 3.463715315 -0.022356000 0.999749899 0.000598012 -0.180192366 -0.221255124 -0.005530944 0.975200295 5.532603741
0.976984501 0.027100068 0.211581945 3.469578266 -0.027969018 0.999608159 0.001114688 -0.180219397 -0.211468846 -0.007006772 0.977359653 5.564278603
0.978011429 0.034907132 0.205609068 3.475338221 -0.035615392 0.999365509 -0.000256429 -0.180186555 -0.205487579 -0.007072057 0.978634179 5.596435070
0.978392124 0.040418915 0.202768624 3.481195450 -0.040457904 0.999173403 -0.003954313 -0.180288970 -0.202760845 -0.004334724 0.979218721 5.629260540
0.978446305 0.041929737 0.202199578 3.487597466 -0.041530740 0.999117911 -0.006217385 -0.181271166 -0.202281907 -0.002314120 0.979324579 5.662972927
0.977986753 0.040476114 0.204703555 3.494829893 -0.039259020 0.999179006 -0.010005100 -0.181722298 -0.204940453 0.001748395 0.978772879 5.697044849
0.977249205 0.038940385 0.208489031 3.502456903 -0.036274802 0.999204040 -0.016594965 -0.182147682 -0.208969310 0.008654517 0.977883875 5.731712818
0.976369619 0.039311267 0.212501675 3.510390997 -0.035589863 0.999139249 -0.021310752 -0.182529971 -0.213156521 0.013244267 0.976928294 5.766992569
0.975216925 0.044229317 0.216784909 3.518234015 -0.040666532 0.998954773 -0.020870453 -0.183402359 -0.217481405 0.011537328 0.975996256 5.803094864
0.973849058 0.047538634 0.222166747 3.526785612 -0.044881735 0.998847723 -0.016995437 -0.184200794 -0.222718686 0.006579764 0.974860549 5.842206001
0.972781956 0.044533744 0.227402836 3.535071135 -0.042891234 0.999005735 -0.012161891 -0.185260743 -0.227718338 0.002077280 0.973724842 5.878541470
0.971987903 0.039735537 0.231647491 3.545007467 -0.039265595 0.999206722 -0.006640834 -0.186002463 -0.231727615 -0.002640965 0.972777128 5.919787884
0.971249342 0.037750583 0.235052451 3.554146051 -0.038409892 0.999260485 -0.001774433 -0.186853215 -0.234945610 -0.007304921 0.971981049 5.956836700
0.970677376 0.033284687 0.238070592 3.564572811 -0.034022205 0.999420583 -0.001011537 -0.187382936 -0.237966314 -0.007117810 0.971247315 5.998433590
0.970692992 0.029915385 0.238453791 3.574217081 -0.029768057 0.999547899 -0.004219759 -0.188003659 -0.238472223 -0.003002215 0.971144676 6.037155151
0.970821023 0.028965631 0.238049328 3.584584475 -0.027069563 0.999570489 -0.011230817 -0.188694149 -0.238272384 0.004459223 0.971188128 6.079362392
0.971043706 0.031549495 0.236809462 3.594355822 -0.028103085 0.999444485 -0.017915849 -0.189377278 -0.237243131 0.010741998 0.971390903 6.119355202
0.971607029 0.034585185 0.234059006 3.604541302 -0.030281708 0.999300241 -0.021956271 -0.189844519 -0.234654576 0.014245163 0.971974432 6.163586617
0.972157598 0.032957625 0.231998608 3.614249468 -0.029713821 0.999405861 -0.017463587 -0.190854773 -0.232436329 0.010083795 0.972559333 6.205055714
0.972517252 0.029349227 0.230973616 3.625149488 -0.027904574 0.999565244 -0.009519650 -0.192079782 -0.231152594 0.002812804 0.972913444 6.251884937
0.973131537 0.029474294 0.228355691 3.634988785 -0.029385278 0.999560952 -0.003790637 -0.192934468 -0.228367165 -0.003021507 0.973570406 6.294560432
0.973446488 0.032671079 0.226571321 3.645465374 -0.032544918 0.999461055 -0.004293283 -0.193815216 -0.226589471 -0.003194464 0.973985136 6.342482090
0.973735332 0.038614534 0.224384561 3.654750347 -0.037510827 0.999254048 -0.009181160 -0.194074035 -0.224571705 0.000523171 0.974457443 6.385871410
0.974611938 0.039487511 0.220391154 3.665045977 -0.037255768 0.999203801 -0.014275325 -0.195091367 -0.220779374 0.005702062 0.975307107 6.434191227
0.975530028 0.038384933 0.216489762 3.675163746 -0.035414927 0.999217987 -0.017583244 -0.195452332 -0.216995403 0.009486013 0.976126552 6.479380608
0.976521134 0.036061000 0.212381810 3.686438799 -0.033392798 0.999311984 -0.016138002 -0.196689576 -0.212817639 0.008667078 0.977053523 6.529702663
0.977337480 0.032320332 0.209205374 3.696286917 -0.030069767 0.999450743 -0.013930189 -0.197753310 -0.209540695 0.007323740 0.977772474 6.575800419
0.977740943 0.031316057 0.207465500 3.706970692 -0.029688451 0.999499142 -0.010954871 -0.198975950 -0.207704663 0.004551697 0.978181005 6.627734661
0.978152990 0.027716344 0.206030518 3.717511177 -0.026520813 0.999611616 -0.008562646 -0.200130850 -0.206187814 0.002911481 0.978508115 6.674742222
0.978265643 0.022850696 0.206092522 3.728332520 -0.021753691 0.999734581 -0.007587575 -0.200661361 -0.206211209 0.002939392 0.978503108 6.726865768
0.978457928 0.023233835 0.205134690 3.738228083 -0.022507265 0.999729395 -0.005874853 -0.201761976 -0.205215678 0.001131275 0.978716135 6.775964260
0.978226244 0.028875023 0.205522940 3.748867989 -0.027895754 0.999581456 -0.007661336 -0.202927947 -0.205658153 0.001761303 0.978622317 6.828449726
0.977896631 0.034826875 0.206168070 3.758363962 -0.033207074 0.999384463 -0.011312864 -0.203247428 -0.206435159 0.004216574 0.978451192 6.878097534
0.977450132 0.043268707 0.206685767 3.769541979 -0.041460678 0.999054611 -0.013073261 -0.203826517 -0.207056031 0.004209130 0.978320003 6.932851315
0.976460457 0.049367521 0.209970921 3.778532743 -0.047875125 0.998778999 -0.012187757 -0.205416515 -0.210316226 0.001848478 0.977631688 6.981233597
0.975673676 0.051906053 0.212994501 3.789789438 -0.050862189 0.998651743 -0.010381354 -0.206633598 -0.213246182 -0.000704553 0.976998270 7.035764694
0.975139439 0.052389115 0.215310201 3.800552607 -0.051174432 0.998626769 -0.011216217 -0.207683116 -0.215602130 -0.000081001 0.976481318 7.085479736
0.974752367 0.051226955 0.217333034 3.812502384 -0.049385637 0.998683095 -0.013899069 -0.208912879 -0.217758834 0.002815021 0.975998521 7.139972210
0.974836290 0.044905357 0.218352392 3.823999882 -0.043222345 0.998987496 -0.012480651 -0.210210711 -0.218691766 0.002728888 0.975790203 7.189158440
0.975091755 0.037979286 0.218526036 3.836954832 -0.035811469 0.999262273 -0.013873845 -0.211871356 -0.218891740 0.005702534 0.975732505 7.243697643
0.974822581 0.037219748 0.219853699 3.848111868 -0.035042081 0.999290586 -0.013797970 -0.213356555 -0.220211282 0.005746442 0.975435257 7.293065071
0.974289298 0.040161368 0.221692234 3.860496521 -0.038664848 0.999190688 -0.011087978 -0.214342117 -0.221958131 0.002231203 0.975053668 7.350745678
0.973970056 0.041782007 0.222792655 3.870820999 -0.041630007 0.999118626 -0.005380790 -0.215375364 -0.222821116 -0.004034132 0.974851012 7.397271633
0.973586917 0.045397170 0.223757908 3.883061886 -0.046393726 0.998922884 -0.000804208 -0.217027068 -0.223553419 -0.009597995 0.974644423 7.451866150
0.973378539 0.044513851 0.224839389 3.894071102 -0.043955632 0.999005377 -0.007490278 -0.217900231 -0.224949181 -0.002592082 0.974367023 7.500678539
0.973661423 0.040489811 0.224374697 3.907019138 -0.036557503 0.999096930 -0.021654030 -0.219469711 -0.225048840 0.012881117 0.974262357 7.554823875
0.973938167 0.038253654 0.223564610 3.918229103 -0.032140248 0.999004960 -0.030921601 -0.220674217 -0.224525020 0.022930305 0.974198520 7.601793766
0.974141657 0.035755504 0.223090887 3.930956364 -0.031604316 0.999254942 -0.022151433 -0.221824944 -0.223716706 0.014528000 0.974545956 7.657137871
0.974635661 0.028868295 0.221927926 3.942090273 -0.029308844 0.999569535 -0.001308640 -0.223251253 -0.221870184 -0.005229004 0.975062191 7.705499649
0.975017667 0.024950404 0.220721558 3.954773426 -0.028730573 0.999490082 0.013932194 -0.224646538 -0.220261395 -0.019925592 0.975237370 7.759505272
