0.999543846 0.001798546 -0.030147430 -0.003389772 -0.001858638 0.999996364 -0.001965366 -0.000238130 0.030143784 0.002020503 0.999543548 0.037362564
0.999138176 0.001854994 -0.041466173 -0.004912701 -0.002003089 0.999991775 -0.003530191 -0.000272189 0.041459285 0.003610210 0.999133646 0.047864802
0.998493612 0.001832667 -0.054837383 -0.006804413 -0.002082522 0.999987721 -0.004499493 -0.000253700 0.054828461 0.004606915 0.998485148 0.060351800
0.997462749 0.001815889 -0.071166962 -0.008945211 -0.002163696 0.999986112 -0.004810407 -0.000030256 0.071157232 0.004952186 0.997452796 0.072224401
0.995983779 0.000214740 -0.089533515 -0.011681383 -0.000632726 0.999989033 -0.004640131 -0.000400883 0.089531541 0.004678146 0.995972991 0.084805176
0.994032323 -0.000995834 -0.109081127 -0.015040331 0.000508950 0.999989808 -0.004491255 -0.000964603 0.109084487 0.004408936 0.994022727 0.103154801
0.991277516 -0.000933560 -0.131787553 -0.018298740 0.000199281 0.999984384 -0.005584766 -0.000749694 0.131790712 0.005509790 0.991262257 0.115059994
0.988027692 0.002625144 -0.154254243 -0.024955677 -0.003635336 0.999973774 -0.006267167 -0.001893116 0.154233739 0.006752901 0.988011301 0.135017708
0.983793616 0.006651314 -0.179180995 -0.030965753 -0.008210509 0.999934614 -0.007961596 -0.002194979 0.179116309 0.009303735 0.983783901 0.151184380
0.978585958 0.009641442 -0.205612734 -0.037800737 -0.011658479 0.999895036 -0.008600598 -0.003122639 0.205508232 0.010813557 0.978595614 0.168407291
0.971988618 0.010583691 -0.234789476 -0.044869963 -0.012996991 0.999877393 -0.008733499 -0.003598589 0.234668270 0.011540418 0.972007036 0.186945647
0.964282334 0.012527688 -0.264580190 -0.053877179 -0.015266520 0.999849021 -0.008297819 -0.003758324 0.264436305 0.012040658 0.964327991 0.204726249
0.955184221 0.014107201 -0.295675725 -0.061044883 -0.017113408 0.999824822 -0.007581707 -0.003956646 0.295516968 0.012301946 0.955258310 0.219445691
0.944326758 0.016124172 -0.328613758 -0.069760591 -0.019231513 0.999795794 -0.006207753 -0.004387917 0.328446537 0.012181886 0.944444001 0.235862136
0.931953669 0.018477425 -0.362106293 -0.080052793 -0.022010466 0.999741852 -0.005633926 -0.004727619 0.361908704 0.013220686 0.932119787 0.254823476
0.918384790 0.021472856 -0.395105451 -0.094213977 -0.025549060 0.999660790 -0.005057623 -0.004911073 0.394862831 0.014739417 0.918621838 0.278680861
0.903230071 0.022797296 -0.428550750 -0.103022769 -0.027136257 0.999623656 -0.004017181 -0.005257679 0.428297907 0.015257703 0.903508782 0.288280189
0.885255575 0.017994585 -0.464756668 -0.114418745 -0.022819672 0.999728262 -0.004758510 -0.005186305 0.464544743 0.014818091 0.885425687 0.305395603
0.865028501 0.013358836 -0.501544952 -0.129581958 -0.018388564 0.999817967 -0.005084742 -0.005756784 0.501385748 0.013621137 0.865116656 0.325278789
0.839951873 0.014803276 -0.542458951 -0.148651436 -0.018971041 0.999817848 -0.002090815 -0.006177818 0.542329192 0.012047193 0.840079725 0.351994067
0.812001228 0.020396903 -0.583299160 -0.167065188 -0.023629509 0.999718666 0.002064074 -0.007059204 0.583177149 0.012107043 0.812254786 0.368639350
0.780458033 0.023530811 -0.624765217 -0.187011629 -0.027302878 0.999620914 0.003542358 -0.007034651 0.624611735 0.014293228 0.780804634 0.385758489
0.745120168 0.023007151 -0.666533291 -0.207808122 -0.026436906 0.999638200 0.004951223 -0.007962489 0.666406095 0.013931821 0.745458841 0.403443933
0.706577539 0.018978888 -0.707381070 -0.229562446 -0.020594683 0.999768376 0.006252289 -0.008074335 0.707335830 0.010150560 0.706804752 0.420532525
0.664449692 0.015384961 -0.747174561 -0.254382610 -0.015278241 0.999858797 0.007001262 -0.008052654 0.747176766 0.006763528 0.664590955 0.438986242
0.620532393 0.014964958 -0.784038007 -0.280107796 -0.012090197 0.999881625 0.009515901 -0.008741938 0.784087658 0.003574248 0.620639920 0.454967946
0.573875666 0.015580568 -0.818794250 -0.309591889 -0.010241578 0.999877334 0.011848234 -0.008143211 0.818878412 0.001586333 0.573964834 0.469955981
0.523714542 0.016071502 -0.851742268 -0.339718819 -0.008072083 0.999870777 0.013903218 -0.008014572 0.851855636 -0.000405985 0.523776591 0.484072894
0.472281039 0.017949082 -0.881265342 -0.371979535 -0.006549402 0.999836504 0.016854163 -0.008457942 0.881423771 -0.002188143 0.472321391 0.496218354
0.419215322 0.019557126 -0.907676160 -0.409097254 -0.005530392 0.999804437 0.018987913 -0.007636443 0.907869995 -0.002940217 0.419241488 0.507722497
0.364125669 0.021457922 -0.931102633 -0.446118593 -0.004572538 0.999763668 0.021252086 -0.007667801 0.931338668 -0.003480929 0.364137769 0.518550754
0.311225772 0.024787527 -0.950012684 -0.487449050 -0.002556619 0.999678016 0.025245830 -0.007502726 0.950332582 -0.005428332 0.311188936 0.525893092
0.257401526 0.026609667 -0.965938151 -0.529018939 0.001985200 0.999604106 0.028066112 -0.007390358 0.966302514 -0.009141841 0.257246792 0.534696639
0.208356023 0.027163561 -0.977675855 -0.574863553 0.004796106 0.999573886 0.028794091 -0.007403585 0.978041410 -0.010688463 0.208136976 0.539159417
0.162022531 0.028185928 -0.986384451 -0.621688962 0.002962771 0.999573588 0.029049471 -0.006818167 0.986782610 -0.007629100 0.161869943 0.541808307
0.119857907 0.028854506 -0.992371798 -0.670721114 0.001115035 0.999572992 0.029198570 -0.006328328 0.992790580 -0.004606212 0.119774580 0.543995023
0.082910240 0.027301786 -0.996183038 -0.722727776 0.000286406 0.999623954 0.027419928 -0.004863983 0.996557057 -0.002558708 0.082871199 0.544089437
0.049083412 0.024506694 -0.998494148 -0.775651455 0.000872740 0.999697506 0.024579136 -0.003768485 0.998794436 -0.002077857 0.049047232 0.543458343
0.018192232 0.022011893 -0.999592185 -0.831144691 0.001641898 0.999755621 0.022045374 -0.003427695 0.999833167 -0.002042284 0.018151700 0.541759610
-0.007842779 0.020231090 -0.999764562 -0.888424039 0.000920658 0.999795020 0.020224484 -0.002875682 0.999968827 -0.000761824 -0.007859826 0.538559496
-0.028423667 0.017954741 -0.999434710 -0.946778059 0.000572465 0.999838769 0.017945720 -0.001881576 0.999595821 -0.000062060 -0.028429389 0.534524977
-0.044563890 0.016940659 -0.998863041 -1.007893920 0.001220772 0.999856412 0.016903045 -0.000532784 0.999005914 -0.000466120 -0.044578195 0.530278683
-0.057443023 0.017352911 -0.998197973 -1.070499539 0.002444165 0.999848366 0.017240947 0.000222366 0.998345792 -0.001449390 -0.057476640 0.525149465
-0.066828728 0.018454522 -0.997593820 -1.135390759 0.001564875 0.999829650 0.018391052 0.000495438 0.997763276 -0.000332060 -0.066846251 0.518967271
-0.073522806 0.019797515 -0.997097075 -1.201539278 -0.000364708 0.999802351 0.019878121 0.000383228 0.997293532 0.001825144 -0.073501110 0.512624860
-0.077969909 0.020919668 -0.996736288 -1.269436121 -0.000092664 0.999779642 0.020990795 0.000767827 0.996955752 0.001729010 -0.077950835 0.506595373
-0.079164505 0.021481808 -0.996630132 -1.339576483 0.001889615 0.999769211 0.021399373 0.001856485 0.996859789 -0.000189176 -0.079186916 0.500166893
-0.078251719 0.023621043 -0.996653795 -1.411608934 0.004377107 0.999717772 0.023349995 0.002830869 0.996924043 -0.002535283 -0.078333020 0.494238496
-0.077092290 0.026068272 -0.996683121 -1.485389709 0.003529652 0.999659002 0.025873093 0.003363661 0.997017741 -0.001523331 -0.077157974 0.488364458
-0.075172544 0.025957517 -0.996832669 -1.561024785 0.001506013 0.999662936 0.025917647 0.003924362 0.997169435 0.000447051 -0.075186253 0.481744289
-0.073633552 0.023573497 -0.997006714 -1.636056304 -0.000504464 0.999719560 0.023674898 0.004658774 0.997285247 0.002246220 -0.073601007 0.474899173
-0.072234392 0.023396343 -0.997113347 -1.714950800 -0.000938652 0.999722779 0.023525573 0.006020054 0.997387350 0.002635293 -0.072192430 0.468193769
-0.070654392 0.026036847 -0.997161031 -1.795232296 -0.000692740 0.999657750 0.026151124 0.007340470 0.997500658 0.002538462 -0.070612073 0.462381482
-0.068905592 0.029473903 -0.997187674 -1.877602339 -0.001635811 0.999558806 0.029657021 0.008279070 0.997621834 0.003674746 -0.068827033 0.456078768
-0.067198396 0.031498160 -0.997242332 -1.961731672 -0.002237786 0.999494314 0.031720079 0.009318572 0.997737110 0.004363154 -0.067093968 0.449407816
-0.065156937 0.030903345 -0.997396410 -2.047438622 -0.003942322 0.999504566 0.031226207 0.010916639 0.997867286 0.005966664 -0.065002918 0.442481518
-0.063626170 0.027843479 -0.997585416 -2.136853456 -0.006410680 0.999578714 0.028307989 0.012393203 0.997953355 0.008196325 -0.063420892 0.435917377
-0.062262177 0.027354393 -0.997685075 -2.222427845 -0.007570157 0.999582648 0.027878853 0.013669003 0.998031318 0.009288426 -0.062029123 0.429713726
-0.060761809 0.029509997 -0.997716010 -2.314489841 -0.004213397 0.999546409 0.029820735 0.015613105 0.998143435 0.006015734 -0.060609818 0.423817635
-0.059672117 0.031815261 -0.997710884 -2.401203156 -0.002240026 0.999485195 0.032005813 0.016172491 0.998215497 0.004144751 -0.059570193 0.417756796
-0.058284521 0.033220742 -0.997747123 -2.495242119 -0.001233071 0.999442995 0.033349238 0.018262446 0.998299241 0.003174040 -0.058211088 0.411355019
-0.058022857 0.028876051 -0.997897565 -2.585373402 -0.001020033 0.999579370 0.028984027 0.018848956 0.998314738 0.002699623 -0.057968974 0.405563354
-0.057736516 0.022088462 -0.998087585 -2.679806232 0.000332816 0.999755561 0.022106126 0.019550556 0.998331904 0.000944147 -0.057729721 0.398906231
-0.057862878 0.017474109 -0.998171568 -2.770861149 0.003886238 0.999843180 0.017278092 0.020847328 0.998316944 -0.002879371 -0.057921767 0.393778801
-0.058322072 0.018088320 -0.998133957 -2.868348598 0.005317356 0.999827266 0.017808309 0.022210985 0.998283684 -0.004268816 -0.058408260 0.387224913
-0.058567286 0.025455954 -0.997958839 -2.961641550 0.004583937 0.999671161 0.025230613 0.022177873 0.998272955 -0.003096893 -0.058664680 0.381006479
-0.058354974 0.032624416 -0.997762799 -3.060397863 0.002875715 0.999467194 0.032511964 0.023085486 0.998291850 -0.000972051 -0.058417678 0.372812271
-0.059087396 0.038250402 -0.997519732 -3.153774500 0.000984936 0.999267340 0.038259074 0.023330756 0.998252332 0.001278134 -0.059081793 0.366932392
-0.059616089 0.038723160 -0.997470140 -3.250947237 -0.000298649 0.999246538 0.038809974 0.024735134 0.998221457 0.002611588 -0.059559584 0.360003948
-0.059959650 0.035204425 -0.997579992 -3.344479799 -0.000526544 0.999376655 0.035299484 0.025972072 0.998200834 0.002641808 -0.059903741 0.353446722
-0.060810685 0.032478385 -0.997620881 -3.443545341 -0.000268625 0.999469936 0.032554958 0.028011892 0.998149395 0.002247673 -0.060769796 0.346958876
-0.060431600 0.033598837 -0.997606695 -3.535418987 -0.002213721 0.999426365 0.033794221 0.029287305 0.998169899 0.004250663 -0.060322642 0.339349508
-0.060638428 0.036419988 -0.997495234 -3.631570339 -0.003854560 0.999318123 0.036720868 0.029341131 0.998152494 0.006071596 -0.060456753 0.333251238
-0.060504675 0.034752507 -0.997562766 -3.724414587 -0.004215752 0.999375939 0.035071369 0.030566633 0.998159051 0.006327459 -0.060320497 0.326595783
-0.060732007 0.029841240 -0.997707963 -3.819760561 -0.004839926 0.999532461 0.030190425 0.031775929 0.998142421 0.006662356 -0.060559154 0.321305275
-0.060009360 0.025374623 -0.997875392 -3.912895203 -0.005579299 0.999652684 0.025755342 0.034020100 0.998182356 0.007113002 -0.059846878 0.313130856
-0.058976769 0.025873654 -0.997924149 -4.010764599 -0.004886199 0.999644578 0.026207035 0.035254899 0.998247564 0.006421658 -0.058829427 0.304917812
-0.058936357 0.028615534 -0.997851551 -4.102371693 -0.004599065 0.999570668 0.028936470 0.035176992 0.998251140 0.006294591 -0.058779478 0.299926281
-0.058424830 0.033453476 -0.997731268 -4.199750900 -0.004409006 0.999419987 0.033768281 0.036546573 0.998282254 0.006371904 -0.058243394 0.293426037
-0.058372140 0.038822304 -0.997539878 -4.291017056 -0.003470511 0.999229610 0.039091151 0.037898868 0.998288989 0.005743800 -0.058192372 0.288102150
-0.057835937 0.041899882 -0.997446537 -4.389672756 -0.003449542 0.999104500 0.042169552 0.039744936 0.998320222 0.005879648 -0.057639599 0.279042244
-0.058199883 0.041756868 -0.997431278 -4.479972839 -0.003184078 0.999112010 0.042013019 0.041317105 0.998299837 0.005621050 -0.058015227 0.275269985
-0.058263063 0.037398253 -0.997600496 -4.575550079 -0.003255668 0.999285638 0.037651565 0.043228216 0.998295963 0.005441547 -0.058099627 0.269249439
-0.058294177 0.033295698 -0.997744083 -4.666651726 -0.004287334 0.999426067 0.033602320 0.044526886 0.998290241 0.006236481 -0.058117986 0.263603210
-0.058167577 0.030675540 -0.997835457 -4.761985779 -0.008539372 0.999475956 0.031223763 0.045383636 0.998270333 0.010337096 -0.057875156 0.256363392
-0.058421135 0.028915597 -0.997873187 -4.855059147 -0.011434937 0.999495447 0.029632073 0.046984602 0.998226523 0.013141755 -0.058061004 0.248444557
-0.058859825 0.026996123 -0.997901142 -4.953021049 -0.009272673 0.999576330 0.027588379 0.047651593 0.998223186 0.010877062 -0.058584571 0.241098881
-0.060552239 0.023490857 -0.997888565 -5.040339470 -0.005798759 0.999697864 0.023885321 0.047932643 0.998148203 0.007232826 -0.060397744 0.236656666
-0.060667634 0.021408075 -0.997928560 -5.137323380 -0.001690335 0.999766350 0.021550264 0.049801130 0.998156786 0.002994236 -0.060617328 0.229183197
-0.063073635 0.025275270 -0.997688770 -5.226169109 -0.000874900 0.999677479 0.025380960 0.049481101 0.998008490 0.002473746 -0.063031197 0.223607540
-0.064983130 0.031197689 -0.997398734 -5.321987152 0.001455047 0.999513090 0.031169029 0.050172474 0.997885466 0.000574193 -0.064996839 0.216915131
-0.066848755 0.035167083 -0.997143269 -5.410871029 0.003731797 0.999380469 0.034995809 0.050447281 0.997756183 -0.001381710 -0.066938519 0.210850239
-0.068837881 0.033955336 -0.997049868 -5.505973339 0.003495875 0.999422669 0.033794787 0.051901780 0.997621775 -0.001159202 -0.068916917 0.204113960
-0.069533229 0.030305896 -0.997119308 -5.592992306 0.000566248 0.999539495 0.030339969 0.052495744 0.997579575 0.001545014 -0.069518328 0.196240902
-0.070742011 0.026847867 -0.997133493 -5.686307430 -0.003797714 0.999623239 0.027184339 0.053309694 0.997487605 0.005709896 -0.070613384 0.187344551
-0.072095156 0.025416488 -0.997073829 -5.772140980 -0.008499132 0.999623299 0.026096018 0.054151397 0.997361541 0.010355656 -0.071851969 0.180103302
-0.073101163 0.026680792 -0.996967554 -5.865665436 -0.009547229 0.999577582 0.027450677 0.054380886 0.997278810 0.011524954 -0.072815537 0.171207905
-0.074193716 0.028237309 -0.996843994 -5.950957298 -0.009501257 0.999533653 0.029020665 0.054757856 0.997198582 0.011624424 -0.073890924 0.165001392
-0.074807048 0.028103454 -0.996801972 -6.043389797 -0.011551301 0.999511302 0.029046729 0.054948442 0.997131169 0.013687257 -0.074445844 0.156648159
-0.075820684 0.027811557 -0.996733606 -6.126677990 -0.011183679 0.999524355 0.028740158 0.056031011 0.997058809 0.013326243 -0.075473547 0.150387287
-0.076777697 0.029510694 -0.996611536 -6.218458652 -0.009392073 0.999496102 0.030319666 0.056929365 0.997004092 0.011688119 -0.076461911 0.142824173
-0.077386975 0.032246374 -0.996479571 -6.298006535 -0.008449041 0.999419689 0.032997675 0.058030672 0.996965349 0.010972886 -0.077069640 0.137428761
-0.077785611 0.036334027 -0.996307909 -6.387486458 -0.008442001 0.999275863 0.037101369 0.058980167 0.996934474 0.011296784 -0.077422619 0.129868031
-0.078511000 0.038333666 -0.996176004 -6.469429016 -0.008640497 0.999196708 0.039130885 0.060258441 0.996875823 0.011679658 -0.078116655 0.122970581
-0.078999639 0.038172532 -0.996143699 -6.559731483 -0.007967133 0.999210477 0.038921893 0.061684467 0.996842980 0.011011216 -0.078633070 0.114391327
-0.079579830 0.036259536 -0.996168911 -6.645482063 -0.007216336 0.999291062 0.036949661 0.063343979 0.996802509 0.010129130 -0.079261661 0.107316494
-0.080045581 0.032591786 -0.996258259 -6.716764927 -0.007305954 0.999419272 0.033282202 0.064098775 0.996764421 0.009942709 -0.079761028 0.102053165
-0.080191135 0.030544158 -0.996311426 -6.799094677 -0.008215614 0.999476194 0.031302437 0.062412001 0.996745646 0.010695485 -0.079898119 0.096034527
-0.078884125 0.027524285 -0.996503770 -6.884735584 -0.008177737 0.999567270 0.028256258 0.065922916 0.996850252 0.010378116 -0.078624964 0.087476254
-0.076873064 0.027262706 -0.996668041 -6.950789452 -0.010502336 0.999548495 0.028151544 0.064666182 0.996985495 0.012631441 -0.076552033 0.082404137
-0.072961569 0.028244479 -0.996934891 -7.030158997 -0.010587929 0.999520659 0.029092625 0.064986266 0.997278750 0.012678112 -0.072627544 0.075573921
-0.067306638 0.029795919 -0.997287333 -7.108519077 -0.010474909 0.999477804 0.030568313 0.065140828 0.997677326 0.012503945 -0.066959381 0.070278645
-0.060758471 0.031030999 -0.997670054 -7.167711258 -0.008791728 0.999461234 0.031622130 0.066139348 0.998113811 0.010692555 -0.060452938 0.068749905
-0.052008390 0.032165192 -0.998128533 -7.242766857 -0.009241594 0.999422848 0.032688446 0.066634767 0.998603880 0.010924373 -0.051681161 0.063610554
-0.040277719 0.033486899 -0.998627245 -7.314670563 -0.011570998 0.999355614 0.033978015 0.067795128 0.999121547 0.012923668 -0.039864302 0.060465813
-0.026642680 0.035561640 -0.999012351 -7.368689537 -0.014603195 0.999246538 0.035959430 0.067597248 0.999538422 0.015546821 -0.026103258 0.061444283
-0.008902311 0.036760107 -0.999284625 -7.435549736 -0.016068570 0.999189794 0.036899772 0.068489000 0.999831378 0.016385559 -0.008304477 0.061838627
0.013306499 0.037421484 -0.999210954 -7.501365662 -0.017292216 0.999158621 0.037189241 0.069314137 0.999761939 0.016783716 0.013942361 0.062530994
0.037531912 0.037485316 -0.998592138 -7.548957348 -0.016780809 0.999178946 0.036876641 0.070234023 0.999154568 0.015373129 0.038130164 0.067152977
0.066761136 0.036938090 -0.997085094 -7.607844830 -0.015713470 0.999229491 0.035965417 0.071397476 0.997645319 0.013266569 0.067290127 0.072388172
0.099806964 0.036665980 -0.994331002 -7.654648304 -0.014101223 0.999272585 0.035432778 0.072151668 0.994906902 0.010484846 0.100251377 0.079409122
0.136740983 0.036988828 -0.989916027 -7.708174706 -0.013729328 0.999277413 0.035442136 0.072519943 0.990511715 0.008744488 0.137150049 0.089416981
0.176890969 0.037100580 -0.983531058 -7.751636505 -0.013498782 0.999286771 0.035267118 0.072098643 0.984138012 0.007038029 0.177265644 0.098721504
0.221434951 0.038292035 -0.974423110 -7.801539421 -0.012693481 0.999257267 0.036383390 0.071903266 0.975092590 0.004312264 0.221756518 0.112301826
0.268386304 0.036813591 -0.962607622 -7.843411446 -0.008995601 0.999321699 0.035709586 0.072679006 0.963269353 -0.000924730 0.268535435 0.127666473
0.318125308 0.031631909 -0.947520912 -7.890193939 -0.001759731 0.999461234 0.032775059 0.073249534 0.948047101 -0.008759198 0.318009555 0.146704197
0.367792904 0.026840689 -0.929520309 -7.927378178 0.003584449 0.999535024 0.030280719 0.072547473 0.929900825 -0.014468852 0.367525697 0.166251183
0.418844819 0.022211770 -0.907786071 -7.971424103 0.008441368 0.999562383 0.028352130 0.073291607 0.908018529 -0.019538099 0.418474019 0.191715717
0.467996240 0.021136696 -0.883477747 -8.006500244 0.008299915 0.999564707 0.028310649 0.074565187 0.883691609 -0.020582069 0.467617095 0.214835405
0.515375912 0.019959353 -0.856731772 -8.049123764 0.009393169 0.999537110 0.028936859 0.075358078 0.856912792 -0.022960786 0.514949858 0.244064331
0.559229136 0.015941847 -0.828859866 -8.081920624 0.016798403 0.999391913 0.030555600 0.075721480 0.828842938 -0.031011105 0.558621287 0.271815538
0.601995409 0.009257042 -0.798445880 -8.115736008 0.027126532 0.999118567 0.032035898 0.075999022 0.798038661 -0.040944532 0.601213694 0.303994894
0.643715858 0.004655912 -0.765250444 -8.148778915 0.028227553 0.999156535 0.029823581 0.075869821 0.764743865 -0.040799059 0.643041492 0.336655855
0.684347510 0.000606831 -0.729155779 -8.181129456 0.024374975 0.999421716 0.023708832 0.075894929 0.728748500 -0.033998232 0.683936954 0.370553732
0.724313259 -0.006606811 -0.689439356 -8.212297440 0.021004051 0.999701440 0.012486483 0.077116534 0.689151049 -0.023525147 0.724235773 0.407277703
0.762833834 -0.009127489 -0.646530092 -8.242090225 0.016055664 0.999859452 0.004828233 0.077439070 0.646395147 -0.014063610 0.762873173 0.446882129
0.799095094 -0.010347128 -0.601115584 -8.270911217 0.014587946 0.999891222 0.002181202 0.077654973 0.601027608 -0.010512030 0.799159110 0.490604162
0.832900524 -0.011256008 -0.553308249 -8.298922539 0.013975394 0.999902070 0.000696187 0.077568531 0.553246260 -0.008312556 0.832976282 0.537786186
0.863394141 -0.009700504 -0.504436791 -8.325461388 0.010520213 0.999943912 -0.001222888 0.077057265 0.504420340 -0.004250947 0.863447785 0.587475538
0.889383912 -0.007798916 -0.457094550 -8.351391792 0.009025381 0.999959171 0.000499746 0.076055720 0.457071990 -0.004569919 0.889417946 0.641673326
0.910479069 -0.001771112 -0.413551450 -8.375479698 0.002699817 0.999994993 0.001661277 0.075189710 0.413546413 -0.002629071 0.910479248 0.698280692
0.928026676 0.002336127 -0.372506380 -8.398941994 -0.002586063 0.999996662 -0.000171317 0.075152822 0.372504741 0.001122312 0.928029597 0.757838845
0.941633701 0.007664285 -0.336552054 -8.421359062 -0.007594258 0.999970019 0.001524418 0.074420333 0.336553633 0.001120420 0.941663623 0.820611238
0.951716483 0.008358897 -0.306864589 -8.441740036 -0.007647511 0.999964535 0.003520571 0.073456034 0.306883156 -0.001003835 0.951746643 0.886716902
0.959134340 0.007933180 -0.282839864 -8.461396217 -0.006868109 0.999965072 0.004756981 0.073095441 0.282867730 -0.002620008 0.959155321 0.955458164
0.965036333 0.008166570 -0.261988908 -8.480943680 -0.006618856 0.999955058 0.006789471 0.072755888 0.262032568 -0.004818020 0.965047002 1.027467728
0.969644487 0.010098820 -0.244310483 -8.499398232 -0.008059928 0.999923885 0.009343790 0.072561316 0.244386256 -0.007091029 0.969652057 1.101863980
0.973326325 0.015295244 -0.228914678 -8.518538475 -0.013209888 0.999856114 0.010639390 0.072525062 0.229044482 -0.007331662 0.973388374 1.177610159
0.976181805 0.019232772 -0.216100082 -8.536498070 -0.017065322 0.999783635 0.011891511 0.072134942 0.216282040 -0.007920460 0.976298809 1.255847692
0.978963137 0.017718578 -0.203266442 -8.553614616 -0.015672948 0.999809086 0.011669197 0.072044566 0.203434408 -0.008237929 0.979053915 1.336621404
0.981746674 0.017596085 -0.189377517 -8.570327759 -0.015755882 0.999812961 0.011218381 0.071860582 0.189539492 -0.008029799 0.981840253 1.418873668
0.984326422 0.017860072 -0.175449416 -8.585096359 -0.016053073 0.999802530 0.011713239 0.072051212 0.175623968 -0.008713149 0.984418750 1.502803564
0.986670852 0.019490082 -0.161557242 -8.599735260 -0.017712196 0.999765754 0.012437760 0.071476288 0.161761820 -0.009410442 0.986784935 1.589304090
0.988649786 0.020064019 -0.148892835 -8.613881111 -0.018855145 0.999776840 0.009526358 0.070765860 0.149050742 -0.006610836 0.988807440 1.677105784
0.990221560 0.020776574 -0.137947634 -8.627460480 -0.020384459 0.999783158 0.004254790 0.069976933 0.138006121 -0.001401197 0.990430355 1.766420960
0.991504848 0.018811958 -0.128702015 -8.640730858 -0.019195404 0.999814212 -0.001739471 0.069238245 0.128645390 0.004195181 0.991681814 1.865433216
0.992494881 0.018686412 -0.120850019 -8.651905060 -0.019078892 0.999815822 -0.002091289 0.068735018 0.120788679 0.004381279 0.992668569 1.952579021
0.993219018 0.020720495 -0.114396721 -8.664964676 -0.020405803 0.999784112 0.003921349 0.067540042 0.114453271 -0.001560401 0.993427396 2.055836916
0.993723750 0.025181387 -0.108990677 -8.676879883 -0.024029627 0.999640822 0.011868261 0.066547059 0.109250382 -0.009174767 0.993971944 2.142717361
0.994178474 0.025426444 -0.104702853 -8.689675331 -0.023912111 0.999590874 0.015693303 0.065423779 0.105059043 -0.013098278 0.994379699 2.246719122
0.994514585 0.024380324 -0.101716720 -8.698789597 -0.023045460 0.999632478 0.014278053 0.065554231 0.102027439 -0.011855624 0.994710922 2.332901478
0.994786680 0.024356512 -0.099026218 -8.709406853 -0.023101946 0.999637902 0.013796199 0.064131670 0.099326387 -0.011436577 0.994989157 2.436100960
0.995129824 0.022430288 -0.095987350 -8.718971252 -0.021024564 0.999656737 0.015631415 0.064464226 0.096305020 -0.013537196 0.995259821 2.521026611
0.995383561 0.021037543 -0.093642853 -8.730315208 -0.019429954 0.999648333 0.018046098 0.063781202 0.093989566 -0.016143313 0.995442271 2.625327587
0.995712936 0.018626962 -0.090602376 -8.738188744 -0.016908914 0.999663055 0.019693322 0.063462377 0.090938672 -0.018076908 0.995692432 2.709237576
0.995934606 0.018112104 -0.088239655 -8.748972893 -0.016741795 0.999727845 0.016244896 0.062460944 0.088509873 -0.014701563 0.995966792 2.813030243
0.996034741 0.019800711 -0.086733781 -8.756218910 -0.019115543 0.999779224 0.008723177 0.062635414 0.086887360 -0.007030624 0.996193349 2.894776583
0.996177197 0.020621665 -0.084886670 -8.767076492 -0.020584786 0.999787271 0.001309787 0.062117551 0.084895626 0.000442594 0.996389747 2.997030735
0.996266723 0.021745183 -0.083545148 -8.774365425 -0.022049328 0.999753177 -0.002719451 0.060002849 0.083465390 0.004551413 0.996500254 3.078437567
0.996396959 0.022944534 -0.081649713 -8.782602310 -0.023099411 0.999732733 -0.000952625 0.058218036 0.081606030 0.002835253 0.996660650 3.170180082
0.996516049 0.026418583 -0.079106286 -8.791831970 -0.026245143 0.999650300 0.003231600 0.055967174 0.079163998 -0.001144186 0.996860921 3.263253450
0.996573269 0.029793900 -0.077162094 -8.801211357 -0.029244015 0.999538302 0.008246774 0.053771172 0.077372171 -0.005961985 0.996984482 3.366439819
0.996830046 0.027196195 -0.074767761 -8.807919502 -0.026540745 0.999600232 0.009746318 0.053671002 0.075002931 -0.007731030 0.997153342 3.447889328
0.997019887 0.024570635 -0.073127285 -8.816694260 -0.023910796 0.999665201 0.009885077 0.051712539 0.073345684 -0.008107087 0.997273624 3.550552368
0.997128189 0.021812307 -0.072523139 -8.822140694 -0.021157540 0.999728262 0.009784465 0.051040322 0.072716862 -0.008221954 0.997318745 3.629940271
0.997188210 0.021765335 -0.071707457 -8.830253601 -0.021243699 0.999742091 0.008029216 0.049976632 0.071863726 -0.006483308 0.997393370 3.732616901
0.997294486 0.019816274 -0.070788786 -8.836233139 -0.019395402 0.999789894 0.006627947 0.049167417 0.070905253 -0.005237037 0.997469306 3.811918736
0.997354031 0.018396862 -0.070331067 -8.844643593 -0.017984524 0.999817193 0.006491592 0.048360541 0.070437633 -0.005209545 0.997502565 3.917370081
0.997360289 0.022028232 -0.069189928 -8.851396561 -0.021558255 0.999739230 0.007532017 0.047411304 0.069337800 -0.006020521 0.997575045 3.997058868
0.997330666 0.022507468 -0.069461592 -8.859659195 -0.022096811 0.999733567 0.006674830 0.046161700 0.069593318 -0.005122133 0.997562289 4.102453232
0.997222006 0.021212270 -0.071402647 -8.865099907 -0.020798560 0.999762356 0.006532627 0.045433864 0.071524248 -0.005029407 0.997426152 4.183646202
0.997145772 0.017901292 -0.073347300 -8.874450684 -0.017456451 0.999825180 0.006701472 0.044755071 0.073454440 -0.005401961 0.997283936 4.291490555
0.996868014 0.020380707 -0.076411858 -8.881307602 -0.019944170 0.999780178 0.006471784 0.044395208 0.076526955 -0.004927544 0.997055352 4.372662067
0.996553600 0.023938153 -0.079421923 -8.892254829 -0.023489749 0.999702454 0.006575461 0.042566299 0.079555698 -0.004687198 0.996819377 4.481061459
0.996313095 0.024920100 -0.082092427 -8.899177551 -0.024879090 0.999689281 0.001522606 0.041719165 0.082104862 0.000525392 0.996623576 4.563072205
0.996078670 0.025108201 -0.084834218 -8.909830093 -0.025359001 0.999676645 -0.001879862 0.040196173 0.084759586 0.004023802 0.996393323 4.672246456
0.995961666 0.024643887 -0.086331226 -8.918630600 -0.025041707 0.999680161 -0.003527971 0.039503828 0.086216673 0.005675605 0.996260226 4.753990650
0.995811760 0.024839154 -0.087988116 -8.931591034 -0.025111405 0.999682665 -0.001988475 0.037636645 0.087910801 0.004189651 0.996119559 4.865170479
0.995595396 0.023501799 -0.090760738 -8.937886238 -0.023735931 0.999717116 -0.001501019 0.036021844 0.090699784 0.003648698 0.995871603 4.949327946
0.995489180 0.022715086 -0.092115864 -8.950749397 -0.022785924 0.999740303 0.000282750 0.034627359 0.092098370 0.001817471 0.995748281 5.062380314
0.995395899 0.022166511 -0.093250565 -8.958792686 -0.021893051 0.999752522 0.003954649 0.033394024 0.093315147 -0.001894902 0.995634794 5.146425724
0.995304346 0.022675272 -0.094101287 -8.971117020 -0.021933472 0.999719739 0.008909950 0.031345643 0.094276950 -0.006804145 0.995522738 5.262367249
0.995320797 0.021489233 -0.094205543 -8.978659630 -0.020599222 0.999733627 0.010409936 0.031525400 0.094404154 -0.008420666 0.995498359 5.347730637
0.995486915 0.023950228 -0.091827087 -8.992375374 -0.023065966 0.999676883 0.010679031 0.030644193 0.092053182 -0.008512755 0.995717704 5.464402199
0.995615840 0.024063984 -0.090388022 -8.999850273 -0.023333404 0.999686062 0.009130863 0.030389534 0.090579368 -0.006981771 0.995864749 5.550383568
0.995788097 0.021692600 -0.089081392 -9.011599541 -0.021160910 0.999752223 0.006908773 0.029273726 0.089209184 -0.004994630 0.996000409 5.671068192
0.995988846 0.017777063 -0.087694049 -9.017580986 -0.017374232 0.999834716 0.005354793 0.028107775 0.087774746 -0.003809697 0.996133089 5.753411293
0.996161103 0.017400183 -0.085792042 -9.029616356 -0.017043931 0.999842823 0.004883281 0.027696349 0.085863523 -0.003402301 0.996301115 5.873532295
0.996258676 0.014358627 -0.085220136 -9.035500526 -0.013780106 0.999877870 0.007372937 0.026221255 0.085315593 -0.006171010 0.996334851 5.959092617
0.996363401 0.011556201 -0.084417984 -9.046287537 -0.010730974 0.999890149 0.010222715 0.024352267 0.084526844 -0.009279652 0.996378005 6.079564571
0.996389866 0.011393467 -0.084127381 -9.052245140 -0.010601838 0.999895275 0.009850654 0.024032302 0.084230803 -0.008923186 0.996406317 6.161399364
0.996485472 0.012558927 -0.082818665 -9.065001488 -0.012011790 0.999902666 0.007101416 0.021600908 0.082899787 -0.006081658 0.996539354 6.280678749
0.996434569 0.015048042 -0.083016381 -9.070369720 -0.014991320 0.999886751 0.001306600 0.020481259 0.083026640 -0.000057417 0.996547341 6.360663891
0.996532917 0.016886851 -0.081467800 -9.083800316 -0.017307745 0.999840260 -0.004462936 0.019339323 0.081379421 0.005857487 0.996665955 6.478531361
0.996481121 0.021111934 -0.081115015 -9.094559669 -0.022003492 0.999706745 -0.010113067 0.016125660 0.080877721 0.011862294 0.996653438 6.596643925
0.996496618 0.020810992 -0.081002451 -9.097111702 -0.021761850 0.999704063 -0.010873468 0.014512572 0.080752194 0.012598137 0.996654570 6.655911446
0.996593356 0.017766891 -0.080535658 -9.107886314 -0.018222738 0.999821782 -0.004928690 0.011988003 0.080433741 0.006379480 0.996739566 6.773782730
0.996528149 0.016716233 -0.081561446 -9.113756180 -0.016477216 0.999857724 0.003602759 0.010432778 0.081610069 -0.002246345 0.996661782 6.853096962
0.996400833 0.016317813 -0.083181530 -9.123763084 -0.015389215 0.999812007 0.011792512 0.006328836 0.083358318 -0.010469970 0.996464610 6.969221115
0.996230006 0.013902025 -0.085630074 -9.130680084 -0.013180318 0.999872744 0.008987825 0.007280121 0.085744120 -0.007825310 0.996286452 7.046088696
0.996076882 0.009097579 -0.088023439 -9.140381813 -0.008617957 0.999945879 0.005827297 0.005009016 0.088071689 -0.005045854 0.996101379 7.159304619
0.995869994 0.007591230 -0.090472706 -9.151906013 -0.007217041 0.999963999 0.004462368 0.003466313 0.090503320 -0.003790993 0.995888948 7.273059845
0.995570898 0.008762007 -0.093604662 -9.157392502 -0.008656558 0.999961376 0.001532522 0.003077311 0.093614466 -0.000715441 0.995608270 7.329367161
0.995218337 0.010140866 -0.097147331 -9.167163849 -0.010383730 0.999944091 -0.001994695 0.001618653 0.097121671 0.002993908 0.995267987 7.422075272
0.994793057 0.010784176 -0.101343542 -9.179243088 -0.011364843 0.999922156 -0.005154049 -0.000789845 0.101280063 0.006278965 0.994838119 7.532647610
0.994433045 0.012544365 -0.104620852 -9.192540169 -0.013578826 0.999865651 -0.009181282 -0.004042662 0.104491621 0.010550798 0.994469821 7.643322945
0.993981719 0.016741386 -0.108259209 -9.197749138 -0.017849566 0.999797642 -0.009275361 -0.005811366 0.108082019 0.011151919 0.994079411 7.696084976
0.993505836 0.020035807 -0.112003110 -9.208874702 -0.021028932 0.999749303 -0.007692492 -0.007857076 0.111820906 0.009997842 0.993678093 7.786658764
0.992975652 0.023318764 -0.115998164 -9.223355293 -0.023691343 0.999717653 -0.001834051 -0.010776135 0.115922645 0.004569320 0.993247747 7.895720005
0.992438793 0.023005802 -0.120565474 -9.231058121 -0.022707304 0.999734759 0.003849278 -0.012296350 0.120622046 -0.001082456 0.992697895 7.965821266
0.991779923 0.023250038 -0.125825197 -9.242284775 -0.022537379 0.999720871 0.007084653 -0.013300050 0.125954792 -0.004190647 0.992027104 8.053254128
0.990946352 0.022387659 -0.132378742 -9.258172035 -0.021552430 0.999737740 0.007739055 -0.014418072 0.132517278 -0.004815905 0.991168976 8.160222054
0.990183711 0.020791091 -0.138217092 -9.266991615 -0.019398278 0.999746680 0.011416570 -0.015269295 0.138419434 -0.008623329 0.990336180 8.225090027
0.989283442 0.021537835 -0.144410580 -9.280588150 -0.020203041 0.999738634 0.010703317 -0.015985874 0.144603357 -0.007671081 0.989459991 8.308542252
0.988289237 0.026102277 -0.150343165 -9.299237251 -0.024875700 0.999640226 0.010033703 -0.017297663 0.150550976 -0.006176310 0.988582969 8.414028168
0.987331152 0.027904864 -0.156200111 -9.309518814 -0.027257089 0.999608696 0.006287909 -0.018001972 0.156314448 -0.001950689 0.987705410 8.474341393
0.986330748 0.026384037 -0.162651524 -9.322993279 -0.026134023 0.999651670 0.003676922 -0.019273182 0.162691876 0.000624077 0.986676753 8.556151390
0.985405803 0.027118526 -0.168047607 -9.341767311 -0.027050825 0.999630451 0.002692481 -0.020983566 0.168058515 0.001892640 0.985775232 8.658448219
0.984575152 0.030378789 -0.172304556 -9.353977203 -0.029622778 0.999536932 0.006957851 -0.021161778 0.172436133 -0.001746388 0.985019147 8.717995644
0.983446360 0.030934757 -0.178539231 -9.369522095 -0.029428955 0.999505520 0.011076891 -0.021721048 0.178793609 -0.005639305 0.983870447 8.798402786
0.982303977 0.029942038 -0.184884876 -9.384554863 -0.027965674 0.999520540 0.013288752 -0.023249255 0.185194135 -0.007883163 0.982670307 8.877347946
0.980978668 0.027490474 -0.192159176 -9.404495239 -0.026088856 0.999611378 0.009820919 -0.024840934 0.192354485 -0.004620900 0.981314659 8.975647926
0.979347527 0.025377259 -0.200585172 -9.416297913 -0.025449896 0.999673665 0.002216933 -0.024273701 0.200575978 0.002933724 0.979673743 9.032876015
0.977500260 0.022427406 -0.209738642 -9.433585167 -0.022819152 0.999739468 0.000552293 -0.025670238 0.209696382 0.004246191 0.977757335 9.109714508
0.975165427 0.021686777 -0.220413536 -9.457242012 -0.021504339 0.999763548 0.003227397 -0.027432481 0.220431417 0.001592601 0.975401163 9.207984924
0.972604573 0.021949010 -0.231427357 -9.471341133 -0.020349910 0.999749720 0.009294929 -0.027589601 0.231573448 -0.004330765 0.972807765 9.264466286
0.969742596 0.024275016 -0.242919847 -9.491479874 -0.020836851 0.999643207 0.016713219 -0.028496997 0.243238881 -0.011145835 0.969902396 9.341027260
0.966975451 0.025854785 -0.253554702 -9.519330978 -0.021367062 0.999562800 0.020437634 -0.029759072 0.253972232 -0.014344973 0.967105150 9.438060760
0.963842273 0.027974106 -0.265000969 -9.534867287 -0.024645267 0.999570131 0.015878929 -0.030374866 0.265331239 -0.008773764 0.964117408 9.489976883
0.960551083 0.027478077 -0.276742816 -9.564930916 -0.026658278 0.999621987 0.006724844 -0.030678868 0.276822984 0.000917931 0.960920513 9.584644318
0.956985414 0.025657473 -0.288999379 -9.580286980 -0.026293773 0.999652863 0.001681007 -0.030127596 0.288942158 0.005990183 0.957327843 9.635840416
0.953250289 0.024438919 -0.301191986 -9.611448288 -0.023511387 0.999701083 0.006704618 -0.031053036 0.301265806 0.000690261 0.953539968 9.731824875
0.949662805 0.026571229 -0.312145025 -9.629434586 -0.023521677 0.999631763 0.013531472 -0.030904345 0.312389612 -0.005508161 0.949938118 9.783380508
0.945653379 0.025609594 -0.324166447 -9.663239479 -0.020498611 0.999606013 0.019172020 -0.032498565 0.324529737 -0.011485124 0.945805788 9.879821777
0.941474080 0.023632694 -0.336256027 -9.682269096 -0.019101836 0.999676764 0.016776424 -0.031497099 0.336543828 -0.009371461 0.941621184 9.928738594
0.937450826 0.021972617 -0.347423583 -9.718520164 -0.018697670 0.999743521 0.012776442 -0.032699183 0.347615242 -0.005481275 0.937621236 10.022536278
0.934313536 0.018363412 -0.355979025 -9.756338120 -0.017495485 0.999830961 0.005657749 -0.033292100 0.356022745 0.000941914 0.934476852 10.116471291
0.931356132 0.014006856 -0.363840073 -9.766384125 -0.014977361 0.999887824 0.000153989 -0.034048852 0.363801390 0.005305945 0.931461453 10.141716003
0.928505063 0.013793933 -0.371063411 -9.795862198 -0.015617792 0.999876201 -0.001910652 -0.034800231 0.370991141 0.007569242 0.928605556 10.212849617
0.925368369 0.019142168 -0.378585517 -9.836935043 -0.021393262 0.999769628 -0.001740401 -0.037084460 0.378464997 0.009709692 0.925564706 10.307062149
0.922132254 0.018774610 -0.386418998 -9.857818604 -0.020182354 0.999796212 0.000414015 -0.037633881 0.386348039 0.007417069 0.922323227 10.355204582
0.918869555 0.019293031 -0.394089460 -9.889239311 -0.018184032 0.999813199 0.006548446 -0.037940659 0.394142181 0.001148967 0.919048786 10.426445007
0.916052401 0.021426786 -0.400485754 -9.921566963 -0.016982036 0.999748528 0.014644620 -0.038623154 0.400698841 -0.006614176 0.916185975 10.497663498
0.913239002 0.030919367 -0.406249404 -9.955259323 -0.024257315 0.999473691 0.021539401 -0.039753214 0.406701565 -0.009816102 0.913508356 10.568414688
0.910432816 0.037564721 -0.411947846 -9.988928795 -0.032764498 0.999287963 0.018711345 -0.040169679 0.412357420 -0.003538159 0.911015272 10.637704849
0.908128262 0.034169082 -0.417295486 -10.022521019 -0.032475669 0.999410212 0.011159613 -0.040369011 0.417430699 0.003417590 0.908702314 10.707072258
0.906137764 0.026741518 -0.422136575 -10.055624008 -0.027808698 0.999606669 0.003630315 -0.040602714 0.422067642 0.008449502 0.906524956 10.776887894
0.904319942 0.027127178 -0.425992459 -10.089946747 -0.028577911 0.999587119 0.002986914 -0.041130342 0.425897598 0.009472850 0.904721797 10.847133636
0.902062058 0.033370089 -0.430314422 -10.125315666 -0.033099391 0.999419093 0.008117321 -0.042104922 0.430335313 0.006920817 0.902642608 10.917282104
0.899507761 0.035841916 -0.435432196 -10.160802841 -0.033709235 0.999351978 0.012624173 -0.043252856 0.435602486 0.003322544 0.900133014 10.987892151
0.897285700 0.032499574 -0.440252304 -10.196597099 -0.030921197 0.999463916 0.010759740 -0.044513315 0.440366000 0.003958567 0.897809625 11.058116913
0.894943595 0.030519443 -0.445134312 -10.232234955 -0.031910550 0.999481201 0.004370515 -0.045207642 0.445036739 0.010293114 0.895453155 11.127536774
0.892542601 0.027828341 -0.450103700 -10.267799377 -0.032182518 0.999479949 -0.002022645 -0.046109550 0.449813336 0.016290767 0.892974019 11.196720123
0.890203953 0.028434411 -0.454674006 -10.304570198 -0.033703621 0.999425769 -0.003486044 -0.047097415 0.454313785 0.018427450 0.890651107 11.265823364
0.888159633 0.031618476 -0.458446056 -10.342158318 -0.035115123 0.999382854 0.000896793 -0.048696086 0.458191484 0.015301894 0.888721764 11.335494995
0.885967314 0.033366721 -0.462545782 -10.379297256 -0.036003500 0.999346793 0.003128343 -0.050303921 0.462348014 0.013881657 0.886589885 11.404603958
0.883541644 0.034086652 -0.467110515 -10.416330338 -0.036613561 0.999322772 0.003669278 -0.051562086 0.466919243 0.013860621 0.884191334 11.472835541
0.881233096 0.032388549 -0.471571058 -10.467349052 -0.035149653 0.999377668 0.002954713 -0.053333014 0.471373290 0.013971766 0.881823123 11.565435410
0.879093766 0.030208949 -0.475690663 -10.491432190 -0.033026487 0.999451518 0.002436464 -0.054195762 0.475503355 0.013568508 0.879609287 11.609112740
