0.999997497 0.001418601 0.001741794 -0.003935019 -0.001419954 0.999998689 0.000776111 -0.007033526 -0.001740691 -0.000778582 0.999998152 0.032073889
0.999992132 0.001365960 0.003717850 -0.005167286 -0.001371054 0.999998152 0.001368092 -0.008198325 -0.003715975 -0.001373178 0.999992132 0.086624764
0.999993622 -0.000319036 0.003561913 -0.004263973 0.000312550 0.999998271 0.001821391 -0.008237625 -0.003562488 -0.001820266 0.999992013 0.137684762
0.999984026 0.000631502 0.005616289 -0.005548590 -0.000641264 0.999998271 0.001736573 -0.010213997 -0.005615182 -0.001740147 0.999982715 0.195742071
0.999985754 0.001948481 0.004966428 -0.002228443 -0.001953747 0.999997556 0.001055771 -0.007831907 -0.004964358 -0.001065459 0.999987125 0.249636024
0.999980748 0.002280122 0.005768925 -0.002880202 -0.002281919 0.999997377 0.000305055 -0.009062895 -0.005768215 -0.000318213 0.999983311 0.303529710
0.999977887 0.001476315 0.006479997 -0.002298509 -0.001472593 0.999998748 -0.000579028 -0.009117956 -0.006480844 0.000569473 0.999978840 0.356134355
0.999979615 0.001266472 0.006254015 -0.002075075 -0.001270972 0.999998927 0.000715668 -0.010026271 -0.006253101 -0.000723602 0.999980211 0.409798414
0.999984860 -0.000172927 0.005494702 -0.002909563 0.000162471 0.999998152 0.001903289 -0.010990362 -0.005495021 -0.001902367 0.999983072 0.457435101
0.999994814 -0.001588880 0.002809173 -0.003250441 0.001585668 0.999998093 0.001145193 -0.011659334 -0.002810987 -0.001140733 0.999995410 0.509208262
0.999998510 -0.001660607 0.000482197 -0.002659567 0.001660563 0.999998629 0.000091819 -0.011775222 -0.000482349 -0.000091019 0.999999881 0.564660192
0.999998748 -0.001305399 -0.000870690 -0.003168478 0.001305259 0.999999106 -0.000161844 -0.012871496 0.000870900 0.000160707 0.999999583 0.617156029
0.999998093 0.000152016 -0.001944239 -0.003986770 -0.000152476 0.999999940 -0.000236878 -0.014095869 0.001944203 0.000237174 0.999998093 0.669004619
0.999998808 0.000219416 -0.001541924 -0.005068911 -0.000219780 0.999999940 -0.000235861 -0.014532260 0.001541872 0.000236200 0.999998808 0.718767941
0.999997139 -0.000399854 -0.002347958 -0.005518445 0.000400030 0.999999940 0.000074174 -0.015454774 0.002347928 -0.000075113 0.999997258 0.769589126
0.999993742 -0.001361724 -0.003256233 -0.006034662 0.001363236 0.999998987 0.000462412 -0.016512681 0.003255600 -0.000466848 0.999994576 0.820654988
0.999994040 -0.000692796 -0.003383843 -0.007211301 0.000690957 0.999999642 -0.000544543 -0.017598500 0.003384219 0.000542202 0.999994099 0.871868908
0.999989271 -0.001266376 -0.004451050 -0.007889551 0.001261875 0.999998689 -0.001013979 -0.018678965 0.004452328 0.001008351 0.999989569 0.923239827
0.999989152 0.000941512 -0.004562785 -0.008876462 -0.000944176 0.999999404 -0.000581789 -0.019476332 0.004562235 0.000586091 0.999989450 0.975721419
0.999983251 0.000392958 -0.005777205 -0.009466338 -0.000397350 0.999999642 -0.000759060 -0.020522326 0.005776905 0.000761343 0.999983013 1.027108788
0.999980211 0.000282365 -0.006287266 -0.010703991 -0.000291346 0.999998927 -0.001427577 -0.021440288 0.006286856 0.001429380 0.999979198 1.077934861
0.999972105 0.000616512 -0.007445772 -0.011537501 -0.000622358 0.999999523 -0.000782780 -0.022633545 0.007445286 0.000787392 0.999971986 1.128806949
0.999966443 -0.001372214 -0.008078278 -0.012742888 0.001385483 0.999997675 0.001637156 -0.024069859 0.008076012 -0.001648293 0.999966025 1.180648685
0.999958694 -0.000801850 -0.009056815 -0.013773696 0.000810407 0.999999225 0.000941187 -0.024556100 0.009056054 -0.000948488 0.999958515 1.230447531
0.999950051 -0.002083060 -0.009776659 -0.015226705 0.002084682 0.999997795 0.000155765 -0.025488779 0.009776314 -0.000176139 0.999952197 1.282148361
0.999929488 -0.002051144 -0.011697768 -0.015681002 0.002045538 0.999997795 -0.000491191 -0.026772197 0.011698750 0.000467228 0.999931455 1.331746101
0.999918222 -0.001023311 -0.012748679 -0.016716950 0.001027330 0.999999404 0.000308732 -0.028341280 0.012748356 -0.000321804 0.999918699 1.382430315
0.999911964 -0.002068487 -0.013106474 -0.018044958 0.002078028 0.999997556 0.000714353 -0.029230224 0.013104964 -0.000741526 0.999913871 1.430865049
0.999909699 -0.002319215 -0.013237507 -0.020224547 0.002332260 0.999996781 0.000970121 -0.030443475 0.013235214 -0.001000907 0.999911904 1.481847405
0.999877930 -0.002873367 -0.015358601 -0.020180181 0.002886653 0.999995470 0.000842976 -0.031120358 0.015356109 -0.000887208 0.999881685 1.529539466
0.999868095 -0.003797752 -0.015790854 -0.021551179 0.003813364 0.999992251 0.000958682 -0.032500789 0.015787091 -0.001018772 0.999874830 1.581290960
0.999846935 -0.003021538 -0.017232995 -0.021861618 0.003043117 0.999994636 0.001226118 -0.032721292 0.017229198 -0.001278373 0.999850750 1.628244638
0.999838710 -0.002931897 -0.017720448 -0.022887675 0.002977274 0.999992371 0.002534833 -0.033972267 0.017712880 -0.002587182 0.999839783 1.679315329
0.999850869 -0.002051425 -0.017147116 -0.024750004 0.002106163 0.999992728 0.003174798 -0.034252971 0.017140480 -0.003210439 0.999847949 1.731703639
0.999852061 -0.001560186 -0.017129259 -0.027144589 0.001608386 0.999994814 0.002800454 -0.035423454 0.017124800 -0.002827590 0.999849379 1.772529840
0.999855101 -0.000334856 -0.017018255 -0.028631050 0.000384112 0.999995768 0.002891127 -0.036204178 0.017017215 -0.002897246 0.999850988 1.824016929
0.999851048 0.002416477 -0.017090151 -0.030183302 -0.002338073 0.999986649 0.004606189 -0.037051890 0.017101055 -0.004565545 0.999843359 1.868705750
0.999878347 0.001595515 -0.015517764 -0.031793486 -0.001474856 0.999968588 0.007783861 -0.038057044 0.015529696 -0.007760028 0.999849319 1.919848919
0.999901593 0.002071752 -0.013874131 -0.033574648 -0.001932297 0.999947548 0.010057301 -0.038242109 0.013894239 -0.010029503 0.999853194 1.964059711
0.999918044 0.002899003 -0.012468561 -0.034785736 -0.002736085 0.999910951 0.013063532 -0.038478360 0.012505321 -0.013028346 0.999836922 2.016024590
0.999922931 0.001710388 -0.012297221 -0.035703287 -0.001531484 0.999893069 0.014543016 -0.039017741 0.012320780 -0.014523063 0.999818623 2.058961391
0.999932230 0.000015437 -0.011640910 -0.036113035 0.000135816 0.999915600 0.012992402 -0.039230637 0.011640128 -0.012993103 0.999847829 2.105606794
0.999940693 0.001024356 -0.010843510 -0.036946211 -0.000900252 0.999934137 0.011443672 -0.039455015 0.010854518 -0.011433232 0.999875724 2.156158686
0.999934971 0.001459657 -0.011312352 -0.037459087 -0.001336474 0.999939799 0.010889174 -0.039879393 0.011327566 -0.010873348 0.999876738 2.198997259
0.999932647 0.000872014 -0.011574785 -0.038409960 -0.000747222 0.999941587 0.010781386 -0.040517285 0.011583511 -0.010772011 0.999874890 2.250051260
0.999903917 0.000267279 -0.013859438 -0.039549250 -0.000138648 0.999956906 0.009281293 -0.040518213 0.013861321 -0.009278479 0.999860883 2.290124178
0.999874055 0.000189178 -0.015867993 -0.040952627 -0.000033675 0.999951959 0.009799467 -0.041296493 0.015869085 -0.009797699 0.999826074 2.342397928
0.999843597 0.000908257 -0.017661247 -0.042525087 -0.000727058 0.999947071 0.010263411 -0.041196432 0.017669635 -0.010248966 0.999791324 2.379597425
0.999792218 0.000569270 -0.020377286 -0.043200247 -0.000344015 0.999938846 0.011056022 -0.042026520 0.020382334 -0.011046714 0.999731243 2.430988789
0.999792159 0.001364219 -0.020341545 -0.045461323 -0.001136711 0.999936700 0.011191772 -0.042792741 0.020355526 -0.011166324 0.999730468 2.482425928
0.999728143 0.002878892 -0.023137223 -0.046080045 -0.002638423 0.999942243 0.010416970 -0.042731304 0.023165878 -0.010353092 0.999678016 2.504946709
0.999716461 0.001831615 -0.023742184 -0.047859427 -0.001593405 0.999948263 0.010048207 -0.043557458 0.023759359 -0.010007527 0.999667645 2.555925608
0.999661922 0.000741662 -0.025989747 -0.049283154 -0.000513493 0.999961257 0.008784768 -0.043223642 0.025995255 -0.008768453 0.999623597 2.586400747
0.999661088 0.000217785 -0.026031431 -0.051380880 0.000031420 0.999954164 0.009572435 -0.043720759 0.026032323 -0.009570009 0.999615312 2.637897968
0.999612570 0.000227533 -0.027833752 -0.053569376 0.000098559 0.999931395 0.011713779 -0.044067025 0.027834509 -0.011711983 0.999543905 2.666475296
0.999589562 0.001438858 -0.028611125 -0.055252261 -0.001164044 0.999953032 0.009619451 -0.044082470 0.028623624 -0.009582198 0.999544322 2.717912197
0.999533415 0.003239603 -0.030372709 -0.056177095 -0.002985072 0.999960065 0.008421871 -0.044751119 0.030398779 -0.008327276 0.999503136 2.770303011
0.999540925 0.004097261 -0.030019760 -0.057461772 -0.003800348 0.999943376 0.009940985 -0.046490807 0.030058790 -0.009822335 0.999499857 2.776785135
0.999462128 0.009268000 -0.031457756 -0.061555553 -0.009072471 0.999938667 0.006352643 -0.043070044 0.031514701 -0.006063827 0.999484897 2.835421801
0.999501705 0.007012527 -0.030776320 -0.060866572 -0.006694766 0.999923348 0.010415786 -0.047377512 0.030847002 -0.010204555 0.999472022 2.850788355
0.999501646 0.007378709 -0.030693034 -0.062793195 -0.007036740 0.999912143 0.011234733 -0.048052114 0.030773234 -0.011013156 0.999465704 2.905914307
0.999502659 0.008669881 -0.030319346 -0.064558104 -0.008292071 0.999886692 0.012564659 -0.048864976 0.030424844 -0.012307000 0.999461293 2.960579634
0.999578476 0.007667558 -0.028001113 -0.066994615 -0.007373758 0.999916852 0.010580669 -0.050009634 0.028079912 -0.010369736 0.999551892 3.014683247
0.999585271 0.005399663 -0.028286735 -0.063411325 -0.005277358 0.999976397 0.004396667 -0.048788566 0.028309807 -0.004245564 0.999590158 3.000404835
0.999617815 0.006330438 -0.026909478 -0.064294413 -0.006222463 0.999972284 0.004094368 -0.049265232 0.026934652 -0.003925360 0.999629498 3.036371231
0.999688804 0.004960745 -0.024447704 -0.066164672 -0.004763592 0.999955714 0.008115925 -0.050342757 0.024486881 -0.007996940 0.999668181 3.086254120
0.999750972 0.005361885 -0.021661445 -0.066367894 -0.005167186 0.999945819 0.009034282 -0.050450839 0.021708714 -0.008920103 0.999724567 3.106504202
0.999826133 0.005796742 -0.017724285 -0.068052411 -0.005661387 0.999954522 0.007677399 -0.051192056 0.017767983 -0.007575720 0.999813437 3.156885386
0.999877095 0.004155303 -0.015118472 -0.067985415 -0.004091215 0.999982536 0.004267517 -0.051218435 0.015135941 -0.004205140 0.999876618 3.175281525
0.999922812 0.003074729 -0.012040558 -0.068519391 -0.003067430 0.999995112 0.000624592 -0.051699925 0.012042420 -0.000587610 0.999927342 3.208723307
0.999958217 0.002348024 -0.008834796 -0.069611065 -0.002351008 0.999997199 -0.000327392 -0.052672006 0.008834003 0.000348149 0.999960899 3.258079529
0.999980628 0.001772372 -0.005962270 -0.069108255 -0.001762797 0.999997139 0.001610685 -0.053082000 0.005965108 -0.001600143 0.999980927 3.274516106
0.999991596 0.003453405 -0.002203886 -0.069895163 -0.003450110 0.999992907 0.001497321 -0.053664736 0.002209041 -0.001489704 0.999996424 3.322324276
0.999996006 0.002424522 0.001446598 -0.069740877 -0.002424613 0.999997079 0.000061111 -0.054396477 -0.001446446 -0.000064618 0.999998927 3.339287996
0.999986649 0.001714819 0.004879341 -0.070239589 -0.001705858 0.999996841 -0.001840064 -0.055646125 -0.004882480 0.001831716 0.999986410 3.387037754
0.999970198 0.002546421 0.007289945 -0.069716908 -0.002527922 0.999993563 -0.002545691 -0.055730633 -0.007296381 0.002527187 0.999970198 3.403231859
0.999950290 0.001311561 0.009884534 -0.069308579 -0.001297892 0.999998212 -0.001389144 -0.056308333 -0.009886338 0.001376246 0.999950171 3.434997082
0.999914229 0.000625273 0.013083800 -0.069190927 -0.000629492 0.999999762 0.000318334 -0.057378311 -0.013083598 -0.000326543 0.999914348 3.483026981
0.999885380 0.000124175 0.015140973 -0.068910845 -0.000149129 0.999998629 0.001646955 -0.057542793 -0.015140748 -0.001649024 0.999884009 3.498455048
0.999843001 -0.001216761 0.017676245 -0.068681747 0.001169762 0.999995768 0.002668963 -0.058437705 -0.017679418 -0.002647867 0.999840200 3.546513319
0.999805272 -0.002163020 0.019614799 -0.068044908 0.002147972 0.999997377 0.000788208 -0.058912374 -0.019616451 -0.000745923 0.999807298 3.561883926
0.999763608 -0.004216887 0.021329589 -0.067285441 0.004272488 0.999987602 -0.002561903 -0.060084093 -0.021318521 0.002652428 0.999769211 3.609021187
0.999711275 -0.002943919 0.023847423 -0.067288116 0.003073718 0.999980628 -0.005408044 -0.060217343 -0.023831042 0.005479783 0.999700963 3.624655962
0.999666095 -0.003097915 0.025653740 -0.066933513 0.003272064 0.999971867 -0.006749282 -0.061133854 -0.025632109 0.006830969 0.999648094 3.672718525
0.999655724 -0.003186683 0.026044538 -0.066369437 0.003338807 0.999977589 -0.005799531 -0.062692866 -0.026025474 0.005884492 0.999643981 3.720927238
0.999684572 -0.002739115 0.024965670 -0.065911099 0.002836874 0.999988437 -0.003881151 -0.062564522 -0.024954749 0.003950751 0.999680758 3.719894171
0.999714255 -0.003254847 0.023681218 -0.065657556 0.003317652 0.999991059 -0.002613271 -0.063597262 -0.023672501 0.002691091 0.999716163 3.768342495
0.999760509 -0.002812648 0.021702508 -0.065182492 0.002854287 0.999994159 -0.001887878 -0.063694328 -0.021697070 0.001949371 0.999762714 3.784548521
0.999819160 -0.002656829 0.018830666 -0.064407416 0.002681874 0.999995530 -0.001304904 -0.064547598 -0.018827116 0.001355170 0.999821842 3.833770514
0.999867141 -0.002100150 0.016164405 -0.064788096 0.002123453 0.999996722 -0.001424570 -0.065086074 -0.016161362 0.001458705 0.999868333 3.848858356
0.999923766 -0.000545565 0.012334784 -0.064868607 0.000562445 0.999998927 -0.001365094 -0.066258483 -0.012334026 0.001371928 0.999922991 3.898069859
0.999964058 -0.000352973 0.008473639 -0.064923823 0.000366051 0.999998748 -0.001541953 -0.066292018 -0.008473084 0.001544999 0.999962926 3.913877726
0.999991298 0.000187212 0.004160658 -0.064866558 -0.000184141 0.999999702 -0.000738385 -0.067051962 -0.004160794 0.000737612 0.999991059 3.963434219
0.999999821 0.000589601 0.000012638 -0.065295853 -0.000589604 0.999999762 0.000290100 -0.067566007 -0.000012467 -0.000290107 0.999999940 3.979760647
0.999989152 0.000405359 -0.004645165 -0.065640263 -0.000400585 0.999999404 0.001028590 -0.068324685 0.004645579 -0.001026718 0.999988675 4.012370586
0.999953866 0.001213074 -0.009529216 -0.066503868 -0.001203722 0.999998808 0.000987066 -0.069286443 0.009530403 -0.000975550 0.999954104 4.062415600
0.999895692 0.001918137 -0.014317157 -0.067190431 -0.001902242 0.999997556 0.001123745 -0.069510967 0.014319277 -0.001096393 0.999896884 4.077951908
0.999809563 0.002074570 -0.019404089 -0.068024114 -0.002053533 0.999997258 0.001104031 -0.070296988 0.019406326 -0.001063974 0.999811113 4.110852242
0.999711394 0.003112133 -0.023822071 -0.069321483 -0.003103495 0.999995112 0.000399585 -0.070848756 0.023823198 -0.000325537 0.999716163 4.143678188
0.999612033 0.005021103 -0.027397422 -0.070658341 -0.005013248 0.999987364 0.000355375 -0.071536288 0.027398862 -0.000217887 0.999624550 4.177093029
0.999550045 0.007114166 -0.029139407 -0.072221428 -0.007115158 0.999974668 0.000069642 -0.071947031 0.029139165 0.000137721 0.999575377 4.210424423
0.999506176 0.008015014 -0.030384149 -0.073563255 -0.008018099 0.999967873 0.000020318 -0.072696656 0.030383335 0.000223315 0.999538302 4.243855000
0.999449670 0.010181634 -0.031571213 -0.074939266 -0.010182558 0.999948144 0.000131528 -0.073314808 0.031570915 0.000190020 0.999501467 4.277231693
0.999403417 0.011336876 -0.032622539 -0.076485462 -0.011309479 0.999935508 0.001024211 -0.073961869 0.032632045 -0.000654656 0.999467194 4.310778141
0.999384522 0.011527651 -0.033131115 -0.078040808 -0.011491928 0.999933183 0.001268437 -0.074468873 0.033143524 -0.000886916 0.999450207 4.344563007
0.999298275 0.015160681 -0.034251276 -0.079619959 -0.015053947 0.999880970 0.003371955 -0.075051881 0.034298323 -0.002853972 0.999407589 4.378256798
0.999264657 0.016021041 -0.034835398 -0.081243373 -0.015802315 0.999853730 0.006545173 -0.075480387 0.034935161 -0.005989880 0.999371648 4.412041187
0.999265432 0.014980759 -0.035273019 -0.082866080 -0.014766417 0.999870956 0.006329360 -0.076023594 0.035363287 -0.005803855 0.999357641 4.445589066
0.999246061 0.014886271 -0.035855979 -0.084500261 -0.014723025 0.999880016 0.004812592 -0.076423258 0.035923321 -0.004281055 0.999345362 4.479278088
0.999257386 0.012150948 -0.036565576 -0.086056232 -0.011945328 0.999911606 0.005836550 -0.076838493 0.036633264 -0.005395428 0.999314189 4.513129234
0.999237955 0.009897765 -0.037756860 -0.087536320 -0.009624404 0.999926209 0.007414934 -0.077209301 0.037827466 -0.007045896 0.999259472 4.547348976
0.999248564 0.006662544 -0.038182531 -0.088968456 -0.006311213 0.999936700 0.009314530 -0.077609122 0.038242172 -0.009066553 0.999227345 4.581346989
0.999248743 0.004717360 -0.038467132 -0.090588473 -0.004317285 0.999935806 0.010476862 -0.078053050 0.038514085 -0.010302918 0.999204934 4.615435600
0.999269247 0.000627250 -0.038216911 -0.092202254 -0.000303925 0.999964118 0.008465485 -0.078288063 0.038220849 -0.008447684 0.999233603 4.649592400
0.999255419 -0.002004420 -0.038530663 -0.093665838 0.002304749 0.999967277 0.007751704 -0.078722388 0.038513865 -0.007834735 0.999227345 4.683802605
0.999251187 -0.002867065 -0.038586330 -0.095183372 0.003152197 0.999968171 0.007330636 -0.079054959 0.038564082 -0.007446779 0.999228358 4.718422413
0.999275744 -0.003587597 -0.037883557 -0.096937172 0.003880708 0.999963105 0.007666461 -0.079462864 0.037854653 -0.007807923 0.999252737 4.752716064
0.999284208 -0.003234016 -0.037690472 -0.098418154 0.003608390 0.999944806 0.009869087 -0.079950526 0.037656475 -0.009998025 0.999240756 4.787101269
0.999324501 -0.000929446 -0.036737870 -0.102059104 0.001372218 0.999926686 0.012028811 -0.081166059 0.036724001 -0.012071097 0.999252558 4.839107990
0.999348938 -0.000533438 -0.036075685 -0.101982921 0.000897013 0.999948978 0.010062707 -0.080839224 0.036068477 -0.010088515 0.999298394 4.854940891
0.999361992 -0.000248665 -0.035714041 -0.103565976 0.000539943 0.999966681 0.008146438 -0.081211358 0.035710827 -0.008160524 0.999328852 4.889590740
0.999381602 -0.000445566 -0.035159666 -0.106279425 0.000640634 0.999984443 0.005537001 -0.081615627 0.035156652 -0.005556101 0.999366343 4.941570282
0.999390185 -0.001654927 -0.034878708 -0.106686838 0.001727052 0.999996424 0.002037853 -0.082416810 0.034875210 -0.002096847 0.999389470 4.958012581
0.999409080 -0.001436598 -0.034342289 -0.109326482 0.001396523 0.999998331 -0.001190876 -0.083681069 0.034343939 0.001142212 0.999409437 5.010111809
0.999414861 -0.002033224 -0.034144543 -0.110137992 0.001953373 0.999995291 -0.002371802 -0.083804153 0.034149203 0.002303717 0.999414086 5.026878834
0.999421179 -0.001623725 -0.033980180 -0.112575665 0.001530953 0.999995053 -0.002756035 -0.084458247 0.033984482 0.002702418 0.999418736 5.078480721
0.999408841 -0.001774549 -0.034333657 -0.113201506 0.001714394 0.999996960 -0.001781435 -0.085220888 0.034336712 0.001721521 0.999408841 5.094349384
0.999412000 -0.000816166 -0.034277450 -0.116073720 0.000787196 0.999999344 -0.000858656 -0.086371168 0.034278128 0.000831168 0.999412000 5.146593094
0.999388158 0.000213146 -0.034975063 -0.116355427 -0.000220175 0.999999940 -0.000197117 -0.086895421 0.034975018 0.000204697 0.999388158 5.162890911
0.999372602 0.000198350 -0.035417493 -0.118986867 -0.000208989 0.999999940 -0.000296706 -0.088035241 0.035417434 0.000303922 0.999372542 5.214456558
0.999352694 0.000710385 -0.035967726 -0.119698800 -0.000720651 0.999999702 -0.000272455 -0.088242270 0.035967521 0.000298199 0.999352932 5.230131626
0.999334633 0.000227122 -0.036472514 -0.122322790 -0.000190675 0.999999464 0.001002796 -0.089420229 0.036472723 -0.000995174 0.999334157 5.282129765
0.999287128 0.001644993 -0.037716985 -0.122741885 -0.001595813 0.999997854 0.001333969 -0.089745857 0.037719097 -0.001272829 0.999287546 5.297188759
0.999259233 0.001950461 -0.038434405 -0.125309721 -0.001939212 0.999998093 0.000329963 -0.090909250 0.038434971 -0.000255186 0.999261081 5.350867748
0.999241114 0.002553817 -0.038867619 -0.126232877 -0.002584585 0.999996364 -0.000741391 -0.091285840 0.038865585 0.000841285 0.999244094 5.363784790
0.999221206 0.003609253 -0.039292917 -0.129229620 -0.003642705 0.999993086 -0.000779786 -0.092331603 0.039289832 0.000922311 0.999227405 5.415637016
0.999199331 0.002963071 -0.039898846 -0.132121623 -0.003040429 0.999993622 -0.001878315 -0.093255416 0.039893027 0.001998120 0.999201953 5.467338085
0.999159336 0.003492031 -0.040846277 -0.131617859 -0.003616099 0.999989092 -0.002963951 -0.093392633 0.040835481 0.003109164 0.999161065 5.464632511
0.999132395 0.003640676 -0.041486844 -0.133363336 -0.003747865 0.999989808 -0.002506203 -0.094295263 0.041477300 0.002659516 0.999135911 5.498179436
0.999114275 0.003774118 -0.041909244 -0.136282146 -0.003807090 0.999992490 -0.000706947 -0.095632859 0.041906264 0.000865873 0.999121189 5.549146652
0.999058723 0.004761099 -0.043115873 -0.136695161 -0.004763108 0.999988675 0.000056135 -0.096251719 0.043115649 0.000149283 0.999070048 5.564768314
0.999009490 0.004391450 -0.044280499 -0.138317645 -0.004355212 0.999990106 0.000914812 -0.097343490 0.044284079 -0.000721055 0.999018729 5.597915649
0.998975635 0.005600812 -0.044903055 -0.141475618 -0.005534823 0.999983430 0.001593808 -0.098313317 0.044911236 -0.001343645 0.998990059 5.648888111
0.998938799 0.005681582 -0.045705810 -0.141901404 -0.005658829 0.999983788 0.000627193 -0.098935239 0.045708634 -0.000367886 0.998954773 5.664665222
0.998902678 0.006474575 -0.046384364 -0.143777326 -0.006480524 0.999979019 0.000022132 -0.099496283 0.046383534 0.000278488 0.998923659 5.697950363
0.998870015 0.006071612 -0.047136907 -0.146719187 -0.006070272 0.999981582 0.000171592 -0.100542389 0.047137078 0.000114736 0.998888433 5.750254154
0.998866141 0.006315905 -0.047185671 -0.147529930 -0.006340931 0.999979794 -0.000380709 -0.101137578 0.047182314 0.000679478 0.998886049 5.764339447
0.998861790 0.004900325 -0.047445457 -0.149343327 -0.004981908 0.999986291 -0.001601411 -0.102001965 0.047436960 0.001835958 0.998872519 5.797483444
0.998862743 0.001902145 -0.047640514 -0.151183680 -0.001976773 0.999996901 -0.001519423 -0.102716453 0.047637478 0.001611869 0.998863399 5.830940247
0.998842299 0.002591583 -0.048034731 -0.152993053 -0.002491758 0.999994636 0.002137960 -0.103375606 0.048040014 -0.002015794 0.998843372 5.864328384
0.998830736 0.001629826 -0.048316274 -0.154755175 -0.001313362 0.999977469 0.006580866 -0.104101449 0.048325911 -0.006509715 0.998810410 5.897563457
0.998832703 0.002517986 -0.048237767 -0.156829223 -0.002229491 0.999979317 0.006033573 -0.104622103 0.048251960 -0.005918985 0.998817682 5.930520535
0.998824358 0.003664109 -0.048337728 -0.158757776 -0.003540171 0.999990225 0.002649365 -0.105129600 0.048346963 -0.002475126 0.998827517 5.963374138
0.998795748 0.003103626 -0.048963849 -0.160490766 -0.003048154 0.999994636 0.001207547 -0.105866961 0.048967332 -0.001056843 0.998799801 5.996513844
0.998806715 0.003758399 -0.048693452 -0.162606508 -0.003692721 0.999992132 0.001438687 -0.106555544 0.048698477 -0.001257158 0.998812735 6.029247761
0.998799324 0.003832732 -0.048838571 -0.164403141 -0.003705920 0.999989510 0.002686836 -0.107268266 0.048848357 -0.002502618 0.998803079 6.062049866
0.998792946 0.004046484 -0.048951633 -0.166256055 -0.003812445 0.999980867 0.004873460 -0.108029991 0.048970416 -0.004680952 0.998789251 6.094705105
0.998839736 0.003068002 -0.048060611 -0.169454306 -0.002793857 0.999979436 0.005770290 -0.108881384 0.048077326 -0.005629320 0.998827755 6.146336079
0.998878539 0.003167142 -0.047240485 -0.169670075 -0.002909857 0.999980569 0.005514062 -0.109506257 0.047257032 -0.005370415 0.998868346 6.159580231
0.998956501 0.001709746 -0.045639880 -0.172948718 -0.001522724 0.999990284 0.004132221 -0.110477015 0.045646504 -0.004058412 0.998949409 6.211067677
0.998989880 0.002468119 -0.044868052 -0.173063695 -0.002347060 0.999993443 0.002750585 -0.110921025 0.044874545 -0.002642498 0.998989165 6.223131180
0.999041796 0.001292891 -0.043747883 -0.174727425 -0.001190142 0.999996483 0.002374622 -0.111681096 0.043750800 -0.002320280 0.999039769 6.255099773
0.999091566 0.001942703 -0.042571198 -0.176358938 -0.001811575 0.999993503 0.003118580 -0.112324432 0.042576980 -0.003038626 0.999088585 6.287053585
0.999140322 0.001670665 -0.041421901 -0.177939802 -0.001466716 0.999986649 0.004953622 -0.112969875 0.041429624 -0.004888609 0.999129474 6.318833828
0.999194562 0.003070571 -0.040009759 -0.179734573 -0.002843848 0.999979556 0.005722374 -0.113690406 0.040026516 -0.005603984 0.999182880 6.350624561
0.999231100 0.002774082 -0.039108384 -0.181204319 -0.002539881 0.999978542 0.006036912 -0.114418313 0.039124291 -0.005932939 0.999216735 6.381875038
0.999275208 0.002527962 -0.037982900 -0.184135631 -0.002312516 0.999980986 0.005715061 -0.115088888 0.037996624 -0.005623082 0.999262035 6.431944847
0.999279380 0.002808582 -0.037852135 -0.183841795 -0.002547519 0.999972641 0.006943369 -0.115944766 0.037870601 -0.006841937 0.999259233 6.444269180
0.999297798 0.003297386 -0.037323080 -0.185409978 -0.003020745 0.999967575 0.007466023 -0.116537094 0.037346490 -0.007348037 0.999275386 6.473677158
0.999307692 0.003077307 -0.037076004 -0.186609894 -0.002782444 0.999964118 0.008001903 -0.117231473 0.037099298 -0.007893202 0.999280393 6.503602028
0.999322951 0.001914547 -0.036741436 -0.188012689 -0.001621086 0.999966562 0.008015332 -0.117724769 0.036755551 -0.007950344 0.999292672 6.533033371
0.999328792 0.002117489 -0.036571965 -0.189460874 -0.001781842 0.999956012 0.009207859 -0.118274286 0.036589857 -0.009136513 0.999288619 6.562129021
0.999304771 0.001553458 -0.037250556 -0.190718547 -0.001171654 0.999946594 0.010269260 -0.118770748 0.037264518 -0.010218476 0.999253213 6.590857029
0.999272108 0.001782932 -0.038106665 -0.192069426 -0.001375030 0.999941528 0.010727753 -0.119325615 0.038123563 -0.010667546 0.999216080 6.619194031
0.999243081 0.002373750 -0.038828667 -0.194328025 -0.001989183 0.999948621 0.009939830 -0.120260701 0.038850266 -0.009855069 0.999196470 6.665060997
0.999213517 0.002720330 -0.039559077 -0.194761470 -0.002333519 0.999949038 0.009820943 -0.120514862 0.039583776 -0.009720907 0.999168992 6.674499512
0.999193668 0.002653172 -0.040062170 -0.197335988 -0.002274311 0.999952316 0.009499441 -0.121063672 0.040085465 -0.009400668 0.999152005 6.719632149
0.999125898 0.002085429 -0.041749746 -0.197391003 -0.001677970 0.999950647 0.009792223 -0.121488243 0.041768108 -0.009713609 0.999080122 6.727862835
0.999031067 0.001957197 -0.043966878 -0.198709413 -0.001471076 0.999937475 0.011086145 -0.121937186 0.043985825 -0.011010725 0.998971462 6.753801823
0.998940170 0.000716851 -0.046022452 -0.201028869 -0.000151962 0.999924600 0.012276521 -0.122320063 0.046027787 -0.012256516 0.998864949 6.797025204
0.998779774 0.000455306 -0.049383447 -0.201425359 0.000302460 0.999882340 0.015335961 -0.122953117 0.049384620 -0.015332185 0.998662174 6.805558205
0.998668551 0.000826821 -0.051579442 -0.204290375 -0.000056666 0.999888539 0.014931110 -0.123239696 0.051586039 -0.014908307 0.998557270 6.847725391
0.998454154 0.000721609 -0.055576399 -0.204345495 0.000128744 0.999882996 0.015295510 -0.123644769 0.055580936 -0.015279021 0.998337269 6.855798244
0.998273611 0.001261674 -0.058721520 -0.207065523 -0.000337929 0.999876082 0.015738223 -0.124218144 0.058734100 -0.015691210 0.998150349 6.896104336
0.998061895 0.000252453 -0.062228873 -0.207504302 0.000806234 0.999855399 0.016987095 -0.124523684 0.062224161 -0.017004343 0.997917354 6.904602051
0.997842252 0.000554727 -0.065654352 -0.210358813 0.000537783 0.999861717 0.016621474 -0.124913633 0.065654494 -0.016620917 0.997703969 6.943079948
0.997660577 0.000775045 -0.068357341 -0.210916907 0.000288544 0.999879062 0.015548004 -0.124860883 0.068361126 -0.015531356 0.997539759 6.951482773
0.997436047 0.000745300 -0.071559899 -0.213906780 0.000308585 0.999891698 0.014715129 -0.125191495 0.071563110 -0.014699481 0.997327745 6.988217354
0.997119427 0.001587002 -0.075831115 -0.214207828 -0.000468392 0.999890864 0.014766842 -0.125395834 0.075846270 -0.014688786 0.997011304 6.995812893
0.996918321 0.002059111 -0.078419752 -0.217547163 -0.000932501 0.999895871 0.014400327 -0.125899702 0.078441240 -0.014282823 0.996816397 7.030208588
0.996660054 0.003740879 -0.081576318 -0.218003929 -0.002592758 0.999896169 0.014175592 -0.125921786 0.081620872 -0.013916739 0.996566296 7.037962914
0.996564031 0.003978767 -0.082730249 -0.220829844 -0.002750009 0.999884307 0.014961236 -0.126395464 0.082780205 -0.014682321 0.996459663 7.071009159
0.996534288 0.004037251 -0.083085090 -0.221376196 -0.002727652 0.999870360 0.015869614 -0.126463071 0.083138384 -0.015587987 0.996416092 7.078783989
0.996548831 0.004152630 -0.082904816 -0.223154083 -0.002803841 0.999861896 0.016378935 -0.126609340 0.082961380 -0.016089957 0.996422887 7.098203182
0.996577859 0.003596931 -0.082581252 -0.226088747 -0.002267899 0.999866486 0.016181797 -0.127009913 0.082628429 -0.015939135 0.996452928 7.129047394
0.996594429 0.004201591 -0.082352169 -0.226650298 -0.003036410 0.999893606 0.014268903 -0.127053797 0.082403354 -0.013970255 0.996501148 7.136222363
0.996632755 0.004094637 -0.081892729 -0.228217661 -0.003094110 0.999919057 0.012340697 -0.127271071 0.081936635 -0.012045758 0.996564746 7.155030251
0.996710420 0.003936796 -0.080949515 -0.229874521 -0.003055130 0.999934673 0.011012526 -0.127514154 0.080987580 -0.010728988 0.996657372 7.173824787
0.996804714 0.004636898 -0.079742447 -0.232559264 -0.003823686 0.999939144 0.010347652 -0.127671331 0.079785578 -0.010009679 0.996761799 7.204084873
0.996942401 0.003922035 -0.078041203 -0.233244687 -0.003110097 0.999939799 0.010522796 -0.127988875 0.078077778 -0.010247906 0.996894598 7.210871696
0.997054696 0.003678764 -0.076605543 -0.234731674 -0.002880437 0.999940395 0.010529150 -0.128209531 0.076639712 -0.010277482 0.997005880 7.229536533
0.997199059 0.003584697 -0.074707575 -0.236270830 -0.002801171 0.999939978 0.010590039 -0.128509551 0.074741058 -0.010351108 0.997149229 7.247844219
0.997327030 0.003087156 -0.073001951 -0.237651095 -0.002341629 0.999944270 0.010295813 -0.128720090 0.073029660 -0.010097349 0.997278631 7.266102791
0.997521460 0.003304346 -0.070285030 -0.239121884 -0.002572998 0.999941647 0.010493441 -0.128844991 0.070315599 -0.010286589 0.997471750 7.284347057
0.997730374 0.002072936 -0.067303859 -0.240429953 -0.001301962 0.999933064 0.011496959 -0.129146338 0.067323186 -0.011383238 0.997666299 7.302475452
0.997912526 0.001267233 -0.064567663 -0.241725117 -0.000508014 0.999930561 0.011773558 -0.129345223 0.064578101 -0.011716180 0.997843862 7.320314407
0.998086572 0.000747260 -0.061827924 -0.242958695 0.000002344 0.999926507 0.012123074 -0.129601836 0.061832439 -0.012100022 0.998013198 7.338274956
0.998260498 0.000564483 -0.058954518 -0.244124904 0.000120849 0.999932468 0.011620556 -0.129766896 0.058957096 -0.011607467 0.998193026 7.356116772
0.998440385 0.000153518 -0.055828150 -0.245380998 0.000493359 0.999932885 0.011572959 -0.129947230 0.055826183 -0.011582453 0.998373330 7.373936176
0.998585165 0.000858165 -0.053168803 -0.246536478 -0.000283056 0.999941409 0.010823243 -0.130140305 0.053174976 -0.010792880 0.998526871 7.391750336
0.998733461 0.000999239 -0.050303541 -0.247622728 -0.000490656 0.999948680 0.010121617 -0.130268246 0.050311074 -0.010084116 0.998682678 7.409779549
0.998862803 0.000921813 -0.047668181 -0.248682156 -0.000387790 0.999937057 0.011210951 -0.130473822 0.047675516 -0.011179716 0.998800337 7.428013325
0.998977363 0.001126498 -0.045199309 -0.249693289 -0.000602474 0.999932468 0.011605577 -0.130570158 0.045209330 -0.011566477 0.998910546 7.446260452
0.999059796 0.000895515 -0.043344516 -0.250587344 -0.000376481 0.999928176 0.011981299 -0.130832002 0.043352131 -0.011953716 0.998988330 7.464608669
0.999166548 0.000865929 -0.040809415 -0.251604736 -0.000446196 0.999946952 0.010293200 -0.131034061 0.040816162 -0.010266412 0.999113917 7.483226299
0.999001443 0.035433840 -0.027213491 -0.263267308 -0.035204273 0.999340773 0.008869322 -0.126020655 0.027509825 -0.007902434 0.999590278 7.480029583
0.998760581 0.038280278 -0.031811334 -0.264061093 -0.038025204 0.999239922 0.008585298 -0.125850707 0.032115802 -0.007365026 0.999457002 7.500900745
0.997011602 0.052049261 -0.057085548 -0.262367189 -0.051104844 0.998533189 0.017881855 -0.125980824 0.057932552 -0.014911070 0.998209119 7.521773815
0.997609735 0.050639674 -0.047015417 -0.283024460 -0.049994569 0.998639882 0.014797837 -0.120138355 0.047700826 -0.012411950 0.998784542 7.439579487
0.997524679 0.052372936 -0.046921428 -0.284872323 -0.051776502 0.998562813 0.013838634 -0.120030306 0.047578763 -0.011374951 0.998802722 7.470749378
0.999739170 0.019138230 -0.012462940 -0.310193658 -0.018575640 0.998867989 0.043791439 -0.113233209 0.013286922 -0.043548509 0.998962939 7.394655704
0.999760866 0.017678000 -0.012872956 -0.310786933 -0.017121248 0.998964727 0.042146105 -0.112332292 0.013604688 -0.041915625 0.999028504 7.426728249
0.999743819 -0.022219617 -0.004313218 -0.322443366 0.022383021 0.998845637 0.042501934 -0.095229357 0.003363863 -0.042587586 0.999087095 7.398075104
0.999677658 -0.025126468 -0.003633509 -0.322989166 0.025256215 0.998811483 0.041686811 -0.094150901 0.002581748 -0.041765142 0.999124110 7.430460930
0.999621570 -0.021297436 -0.017411629 -0.318484455 0.021244682 0.999769151 -0.003209227 -0.056168985 0.017475959 0.002838108 0.999843240 7.498430729
0.999684691 -0.018146293 -0.017355517 -0.319372594 0.018212482 0.999827445 0.003663317 -0.057165511 0.017286047 -0.003978249 0.999842644 7.531435490
0.999658704 -0.011313312 -0.023546318 -0.318357497 0.011393274 0.999929786 0.003264599 -0.050916474 0.023507729 -0.003531754 0.999717414 7.538723946
0.999706864 -0.011807423 -0.021136459 -0.319275618 0.011835169 0.999929249 0.001188100 -0.051413260 0.021120936 -0.001437905 0.999775887 7.571528435
0.999781191 -0.011668257 -0.017360562 -0.320104092 0.011593697 0.999923170 -0.004389279 -0.052260317 0.017410444 0.004187046 0.999839664 7.605705261
0.999886751 -0.010280293 -0.010989898 -0.321965456 0.010196726 0.999918878 -0.007633241 -0.050197836 0.011067479 0.007520316 0.999910474 7.597102165
0.999931216 -0.008572285 -0.008004255 -0.322498798 0.008510615 0.999934077 -0.007707249 -0.050709393 0.008069796 0.007638598 0.999938250 7.631464958
0.999977112 -0.006720329 -0.000782652 -0.325267434 0.006711444 0.999918640 -0.010849284 -0.047120549 0.000855499 0.010843784 0.999940813 7.639087677
0.999953926 -0.009463912 0.001606258 -0.325118691 0.009476813 0.999921262 -0.008224039 -0.047862113 -0.001528300 0.008238882 0.999964893 7.674637794
0.999990582 -0.003585994 -0.002437347 -0.323933333 0.003577667 0.999987781 -0.003412432 -0.048071329 0.002449555 0.003403680 0.999991179 7.677307606
0.999997079 -0.002388924 -0.000397989 -0.324024111 0.002388177 0.999995410 -0.001868037 -0.048603632 0.000402449 0.001867081 0.999998152 7.697322845
0.999996126 -0.000078562 0.002787903 -0.325417012 0.000089839 0.999991834 -0.004045126 -0.049346380 -0.002787562 0.004045360 0.999987960 7.731579781
0.999991059 0.001083439 0.004093566 -0.324846625 -0.001060943 0.999984324 -0.005493652 -0.049666639 -0.004099454 0.005489259 0.999976516 7.737337589
0.999980390 0.001404441 0.006103540 -0.324506909 -0.001371437 0.999984443 -0.005408221 -0.050562773 -0.006111041 0.005399744 0.999966741 7.773045063
0.999946237 0.002815207 0.009981368 -0.325495481 -0.002775797 0.999988317 -0.003960068 -0.050346460 -0.009992400 0.003932149 0.999942362 7.777915478
0.999905229 0.004743121 0.012925425 -0.325693816 -0.004706995 0.999984920 -0.002823997 -0.050926510 -0.012938624 0.002762889 0.999912500 7.813004017
0.999856591 0.006616025 0.015591096 -0.325554460 -0.006572283 0.999974310 -0.002855163 -0.050962429 -0.015609586 0.002752285 0.999874353 7.819033146
0.999806881 0.006285077 0.018620837 -0.325919449 -0.006231095 0.999976218 -0.002955611 -0.051991355 -0.018638972 0.002839012 0.999822259 7.853581429
0.999761939 0.005920971 0.020998906 -0.325316846 -0.005833823 0.999974132 -0.004208955 -0.051511012 -0.021023285 0.004085450 0.999770641 7.860326767
0.999745965 0.002381256 0.022411639 -0.324409395 -0.002310975 0.999992311 -0.003161292 -0.052598551 -0.022418994 0.003108696 0.999743819 7.895886898
0.999716640 0.002016089 0.023719687 -0.324916095 -0.001935165 0.999992251 -0.003434147 -0.052486423 -0.023726426 0.003387272 0.999712765 7.901609898
0.999707937 0.000843961 0.024153333 -0.324148148 -0.000765858 0.999994457 -0.003242713 -0.053403880 -0.024155937 0.003223268 0.999702990 7.937626839
0.999697328 0.000772249 0.024589023 -0.324428678 -0.000688816 0.999993980 -0.003401402 -0.053365797 -0.024591502 0.003383435 0.999691844 7.943455696
0.999699056 0.000854384 0.024517769 -0.324196130 -0.000787324 0.999995947 -0.002744672 -0.053852297 -0.024520013 0.002724542 0.999695599 7.964633465
0.999705970 0.001530378 0.024200108 -0.324034750 -0.001475804 0.999996305 -0.002272822 -0.054321118 -0.024203496 0.002236439 0.999704540 7.985665798
0.999741256 0.001123136 0.022719296 -0.323731542 -0.001057388 0.999995232 -0.002905733 -0.054792508 -0.022722451 0.002880958 0.999737680 8.006680489
0.999776900 0.001267686 0.021083113 -0.323541194 -0.001183449 0.999991298 -0.004007504 -0.055213712 -0.021088008 0.003981659 0.999769688 8.027825356
0.999805927 0.002450882 0.019548852 -0.323445052 -0.002356557 0.999985456 -0.004846709 -0.055646133 -0.019560447 0.004799700 0.999797165 8.048761368
0.999833882 0.003037383 0.017971350 -0.323374718 -0.002952423 0.999984324 -0.004752166 -0.056274064 -0.017985504 0.004698317 0.999827206 8.069697380
0.999856472 0.004443846 0.016350536 -0.323411733 -0.004363986 0.999978364 -0.004916686 -0.056793395 -0.016372032 0.004844627 0.999854207 8.090517998
0.999884367 0.005261112 0.014268889 -0.323518574 -0.005196969 0.999976218 -0.004528675 -0.057205871 -0.014292376 0.004453996 0.999887943 8.111191750
0.999918759 0.005264325 0.011606310 -0.323632658 -0.005228829 0.999981582 -0.003086599 -0.057763081 -0.011622344 0.003025661 0.999927878 8.132110596
0.999966621 0.003573869 0.007349782 -0.323803753 -0.003570176 0.999993503 -0.000515456 -0.058681898 -0.007351576 0.000489199 0.999972880 8.167487144
0.999993443 0.002469029 0.002646005 -0.323991507 -0.002472120 0.999996245 0.001165388 -0.058761735 -0.002643118 -0.001171921 0.999995828 8.173652649
0.999995053 0.002503541 -0.001897046 -0.324628115 -0.002499921 0.999995053 0.001907916 -0.059237700 0.001901813 -0.001903165 0.999996364 8.208509445
0.999975085 0.001567333 -0.006882027 -0.324690551 -0.001545496 0.999993742 0.003177289 -0.059631243 0.006886964 -0.003166574 0.999971271 8.214445114
0.999938071 0.000073556 -0.011129147 -0.325791150 -0.000027579 0.999991477 0.004131313 -0.060480889 0.011129356 -0.004130750 0.999929547 8.248026848
0.999871969 -0.000221339 -0.015999757 -0.325902998 0.000287385 0.999991477 0.004125724 -0.060432024 0.015998708 -0.004129794 0.999863505 8.253671646
0.999798000 -0.001479501 -0.020043496 -0.326899111 0.001563593 0.999990046 0.004180467 -0.061129231 0.020037111 -0.004210962 0.999790370 8.286062241
0.999719203 -0.000360634 -0.023692377 -0.327402592 0.000448976 0.999992967 0.003723511 -0.061112210 0.023690868 -0.003733102 0.999712348 8.291216850
0.999622583 0.000007049 -0.027471861 -0.328926504 0.000093514 0.999993324 0.003659304 -0.061761871 0.027471703 -0.003660491 0.999615908 8.322791100
0.999518931 -0.000921952 -0.031000042 -0.328954697 0.001044139 0.999991775 0.003925562 -0.061858810 0.030996168 -0.003956042 0.999511659 8.327006340
0.999375820 -0.001366646 -0.035299920 -0.330395669 0.001479133 0.999993920 0.003160693 -0.062675759 0.035295386 -0.003210934 0.999371767 8.356724739
0.999203146 -0.000469724 -0.039909977 -0.330746084 0.000546984 0.999997973 0.001924972 -0.062689520 0.039908990 -0.001945268 0.999201417 8.360442162
