0.999999821 -0.000487052 -0.000250636 -0.000345263 0.000487445 0.999998629 0.001569780 -0.000563907 0.000249871 -0.001569902 0.999998748 0.032366227
0.999998689 -0.001606784 0.000010067 -0.000972598 0.001606766 0.999997437 0.001591623 -0.001204443 -0.000012624 -0.001591605 0.999998748 0.067873083
0.999995232 -0.003010771 -0.000722367 -0.000927920 0.003011247 0.999995232 0.000659358 -0.001730340 0.000720378 -0.000661530 0.999999523 0.097011313
0.999994695 -0.003208956 -0.000597137 -0.001202059 0.003209313 0.999994695 0.000598579 -0.002263289 0.000595213 -0.000600492 0.999999642 0.129192561
0.999993086 -0.003687842 -0.000480989 -0.001629233 0.003688477 0.999992311 0.001325611 -0.002752906 0.000476096 -0.001327376 0.999998987 0.162915826
0.999987602 -0.004963750 -0.000441924 -0.001900575 0.004964885 0.999984264 0.002603360 -0.003413452 0.000428995 -0.002605522 0.999996543 0.193978712
0.999988675 -0.004735997 -0.000474696 -0.002447253 0.004737410 0.999984205 0.003020371 -0.003981546 0.000460384 -0.003022585 0.999995351 0.227375731
0.999991715 -0.003973270 -0.000917747 -0.002730106 0.003974623 0.999991000 0.001476909 -0.004652222 0.000911870 -0.001480544 0.999998510 0.258873254
0.999998927 -0.001076772 -0.001008627 -0.003296674 0.001075778 0.999998927 -0.000985610 -0.005083564 0.001009687 0.000984524 0.999998987 0.292481482
0.999996662 0.002513528 -0.000622020 -0.003788664 -0.002514492 0.999995649 -0.001553693 -0.005895460 0.000618112 0.001555252 0.999998629 0.324179977
0.999987483 0.004957102 -0.000685742 -0.004217831 -0.004958507 0.999985576 -0.002063109 -0.006468694 0.000675505 0.002066483 0.999997616 0.357848346
0.999979794 0.006341385 -0.000449491 -0.004764449 -0.006341948 0.999979079 -0.001261754 -0.007177609 0.000441480 0.001264579 0.999999106 0.391552597
0.999994755 0.003235202 -0.000271378 -0.004980788 -0.003234757 0.999993443 0.001624535 -0.007754283 0.000276632 -0.001623649 0.999998629 0.423228532
0.999999702 -0.000749774 -0.000231145 -0.005215313 0.000750603 0.999993205 0.003607405 -0.008399512 0.000228439 -0.003607577 0.999993443 0.456463248
0.999993503 -0.003563079 -0.000572940 -0.005547878 0.003563807 0.999992847 0.001273622 -0.008938434 0.000568398 -0.001275656 0.999999046 0.489558309
0.999990165 -0.004406832 -0.000477313 -0.005960781 0.004406437 0.999989927 -0.000824864 -0.009530906 0.000480943 0.000822753 0.999999523 0.522684693
0.999998152 -0.001908924 0.000155124 -0.006454147 0.001909276 0.999995530 -0.002306369 -0.010302723 -0.000150720 0.002306661 0.999997318 0.556041598
0.999998927 0.001098123 0.000952125 -0.006876675 -0.001097723 0.999999285 -0.000420608 -0.010831416 -0.000952586 0.000419563 0.999999464 0.589557827
0.999998629 0.000950238 0.001333980 -0.007441815 -0.000954626 0.999994099 0.003292299 -0.011539808 -0.001330843 -0.003293568 0.999993682 0.623716116
0.999997377 -0.001338194 0.001861252 -0.007664436 0.001329113 0.999987245 0.004871741 -0.011897610 -0.001867748 -0.004869254 0.999986410 0.656909108
0.999986053 -0.004984905 0.001755572 -0.008213191 0.004978570 0.999981165 0.003594349 -0.012562886 -0.001773457 -0.003585559 0.999992013 0.690856040
0.999981701 -0.005758250 0.001841183 -0.008363881 0.005755833 0.999982595 0.001315283 -0.013218995 -0.001848725 -0.001304662 0.999997437 0.724105179
0.999978602 -0.006135623 0.002256695 -0.008714214 0.006137326 0.999980867 -0.000748868 -0.013880959 -0.002252057 0.000762702 0.999997199 0.758652985
0.999992073 -0.003220764 0.002338926 -0.008687528 0.003225210 0.999992967 -0.001899325 -0.014457745 -0.002332792 0.001906853 0.999995470 0.792672098
0.999991775 -0.002235998 0.003384172 -0.009400314 0.002248725 0.999990404 -0.003761468 -0.015413220 -0.003375729 0.003769047 0.999987185 0.826276958
0.999995232 -0.001289469 0.002815470 -0.009186924 0.001299669 0.999992609 -0.003624150 -0.015904348 -0.002810776 0.003627791 0.999989450 0.860164523
0.999994695 -0.000656478 0.003190951 -0.009779709 0.000663958 0.999997020 -0.002343412 -0.016730636 -0.003189404 0.002345519 0.999992192 0.893270373
0.999996066 0.000621932 0.002735381 -0.010064128 -0.000619019 0.999999225 -0.001065530 -0.017223176 -0.002736042 0.001063833 0.999995708 0.928032815
0.999987960 0.003663478 0.003267644 -0.010699042 -0.003660358 0.999992847 -0.000960307 -0.018031215 -0.003271139 0.000948334 0.999994218 0.962457597
0.999981880 0.005356948 0.002743277 -0.010720544 -0.005353956 0.999985039 -0.001096901 -0.018602809 -0.002749112 0.001082194 0.999995649 0.996737361
0.999967754 0.007765009 0.002040769 -0.010899341 -0.007763057 0.999969423 -0.000962705 -0.019257963 -0.002048182 0.000946832 0.999997437 1.031482100
0.999960184 0.008557647 0.002535104 -0.011479522 -0.008555347 0.999962986 -0.000916305 -0.019834364 -0.002542851 0.000894579 0.999996364 1.065783620
0.999965787 0.007870871 0.002542705 -0.012114160 -0.007867617 0.999968231 -0.001287465 -0.020493787 -0.002552758 0.001267416 0.999995947 1.099874973
0.999974310 0.006996307 0.001559992 -0.012153271 -0.006994017 0.999974489 -0.001468293 -0.021232273 -0.001570224 0.001457345 0.999997735 1.134709597
0.999979794 0.006346906 0.000369980 -0.012362483 -0.006346549 0.999979377 -0.000956066 -0.022087760 -0.000376040 0.000953699 0.999999464 1.169337511
0.999982238 0.005940723 -0.000452128 -0.012877833 -0.005940624 0.999982357 0.000220468 -0.022874614 0.000453430 -0.000217778 0.999999881 1.203761578
0.999973893 0.007118982 -0.001222511 -0.013482089 -0.007119200 0.999974668 -0.000174681 -0.023465242 0.001221236 0.000183380 0.999999225 1.238596797
0.999977231 0.006325848 -0.002343606 -0.013942806 -0.006326323 0.999979973 -0.000195522 -0.024122965 0.002342322 0.000210344 0.999997258 1.273360491
0.999972045 0.007041129 -0.002513018 -0.014923856 -0.007040613 0.999975204 0.000213893 -0.024404204 0.002514462 -0.000196194 0.999996841 1.307068110
0.999976993 0.005118388 -0.004451746 -0.014821264 -0.005111386 0.999985695 0.001582708 -0.025406793 0.004459783 -0.001559917 0.999988854 1.343441725
0.999984443 0.003086997 -0.004639809 -0.015433982 -0.003082832 0.999994814 0.000904565 -0.025768377 0.004642578 -0.000890247 0.999988854 1.378430963
0.999984264 0.001583151 -0.005387098 -0.015954461 -0.001577830 0.999998271 0.000991811 -0.026625047 0.005388658 -0.000983296 0.999984980 1.412624240
0.999985814 0.000552902 -0.005294743 -0.016874226 -0.000547256 0.999999285 0.001067821 -0.027221048 0.005295330 -0.001064908 0.999985397 1.447144628
0.999984860 -0.001161680 -0.005377425 -0.016990982 0.001173813 0.999996781 0.002253791 -0.028048536 0.005374790 -0.002260069 0.999983013 1.481728315
0.999988556 -0.001635482 -0.004498655 -0.017887440 0.001646209 0.999995828 0.002381850 -0.028478092 0.004494740 -0.002389229 0.999987066 1.517580271
0.999981165 -0.004544063 -0.004126292 -0.018369714 0.004555340 0.999985933 0.002727734 -0.029672785 0.004113839 -0.002746479 0.999987781 1.550284266
0.999973357 -0.006034070 -0.004112886 -0.018688142 0.006043646 0.999979019 0.002319755 -0.030452969 0.004098803 -0.002344550 0.999988854 1.585961103
0.999972939 -0.006563705 -0.003315082 -0.019304065 0.006568561 0.999977350 0.001455971 -0.030460235 0.003305450 -0.001477707 0.999993443 1.618245244
0.999986708 -0.004348902 -0.002768989 -0.019752378 0.004350129 0.999990463 0.000437156 -0.030872710 0.002767062 -0.000449195 0.999996066 1.652330637
0.999991179 -0.003326585 -0.002575271 -0.020065356 0.003333681 0.999990642 0.002756104 -0.031743649 0.002566078 -0.002764665 0.999992907 1.685509562
0.999994576 0.003208835 0.000760394 -0.024551997 -0.003212157 0.999985099 0.004408098 -0.034153193 -0.000746237 -0.004410516 0.999989986 1.723414183
0.999992311 0.003728906 -0.001236708 -0.021051798 -0.003722796 0.999981046 0.004906694 -0.033407506 0.001254981 -0.004902052 0.999987185 1.751461625
0.999953389 0.009651762 0.000117888 -0.022548424 -0.009652129 0.999946713 0.003657229 -0.033797845 -0.000082583 -0.003658197 0.999993324 1.786669970
0.999927938 0.011996983 0.000386617 -0.022563778 -0.011998267 0.999921858 0.003510795 -0.034261856 -0.000344468 -0.003515180 0.999993742 1.818686128
0.999886215 0.015024077 0.001376045 -0.023133826 -0.015028257 0.999882340 0.003079077 -0.034799766 -0.001329622 -0.003099406 0.999994338 1.850463152
0.999895751 0.014385102 0.001228283 -0.023226123 -0.014389776 0.999888897 0.003884276 -0.035835162 -0.001172271 -0.003901546 0.999991715 1.884155512
0.999915838 0.012866097 0.001674008 -0.023938354 -0.012872203 0.999910355 0.003689965 -0.036419712 -0.001626383 -0.003711203 0.999991775 1.917303085
0.999935687 0.011262849 0.001351772 -0.024335502 -0.011266371 0.999933064 0.002626622 -0.036791340 -0.001322099 -0.002641682 0.999995649 1.950404644
0.999944210 0.010500018 0.001170439 -0.025146741 -0.010502884 0.999941766 0.002470164 -0.037126634 -0.001144435 -0.002482319 0.999996245 1.983302832
0.999944150 0.010547603 0.000650217 -0.025086561 -0.010549439 0.999940157 0.002887548 -0.038214859 -0.000619722 -0.002894246 0.999995649 2.015568972
0.999944568 0.010524257 0.000391602 -0.025217723 -0.010525240 0.999941230 0.002596709 -0.038931586 -0.000364251 -0.002600686 0.999996543 2.048030853
0.999944866 0.010482642 -0.000646797 -0.025898160 -0.010480941 0.999941766 0.002578870 -0.039246533 0.000673792 -0.002571949 0.999996483 2.080957174
0.999947965 0.010011082 -0.001945701 -0.025902271 -0.010004204 0.999943793 0.003513224 -0.039958581 0.001980763 -0.003493577 0.999991953 2.113410234
0.999968350 0.007435787 -0.002826522 -0.026927462 -0.007423197 0.999962568 0.004438632 -0.040480420 0.002859421 -0.004417510 0.999986172 2.146309376
0.999976695 0.005591486 -0.003909903 -0.027595608 -0.005571192 0.999971032 0.005182041 -0.041297145 0.003938765 -0.005160138 0.999978900 2.178959131
0.999983966 0.003545483 -0.004418165 -0.027999949 -0.003523491 0.999981403 0.004975466 -0.041715484 0.004435724 -0.004959818 0.999977887 2.210901499
0.999984622 0.001856042 -0.005231334 -0.028435478 -0.001830577 0.999986470 0.004868441 -0.042496197 0.005240299 -0.004858790 0.999974489 2.243175745
0.999983847 0.000393970 -0.005666478 -0.028831732 -0.000370947 0.999991655 0.004063363 -0.042628121 0.005668032 -0.004061196 0.999975681 2.275748491
0.999983847 0.000738128 -0.005637076 -0.029407701 -0.000717118 0.999992788 0.003728250 -0.043276682 0.005639788 -0.003724147 0.999977171 2.307687044
0.999983430 0.000624643 -0.005721416 -0.029954715 -0.000606487 0.999994755 0.003174535 -0.043952551 0.005723369 -0.003171012 0.999978602 2.339617729
0.999982774 0.000812728 -0.005811576 -0.030434316 -0.000799838 0.999997199 0.002219890 -0.044472225 0.005813364 -0.002215203 0.999980628 2.371545315
0.999984443 0.002362672 -0.005053249 -0.031166513 -0.002348242 0.999993145 0.002859544 -0.045266647 0.005059970 -0.002847633 0.999983132 2.402210951
0.999982297 0.002217788 -0.005518758 -0.031282738 -0.002195058 0.999989092 0.004121277 -0.045610569 0.005527838 -0.004109091 0.999976277 2.434154749
0.999980390 0.004045418 -0.004784615 -0.032216851 -0.004019504 0.999977291 0.005413408 -0.046267770 0.004806406 -0.005394070 0.999973893 2.465721846
0.999982178 0.003540611 -0.004803379 -0.032806676 -0.003521545 0.999985933 0.003971943 -0.046948094 0.004817374 -0.003954957 0.999980569 2.497457504
0.999983132 0.003120844 -0.004894772 -0.033157084 -0.003112228 0.999993622 0.001766831 -0.047482483 0.004900254 -0.001751567 0.999986470 2.528828382
0.999980330 0.002375667 -0.005802803 -0.033283658 -0.002371207 0.999996901 0.000775322 -0.048135459 0.005804627 -0.000761547 0.999982834 2.560638428
0.999988377 0.000088778 -0.004817476 -0.034469318 -0.000080908 0.999998689 0.001633722 -0.048583809 0.004817614 -0.001633313 0.999987066 2.592102766
0.999985337 -0.002235092 -0.004929396 -0.034731630 0.002251013 0.999992251 0.003226746 -0.049003806 0.004922146 -0.003237795 0.999982655 2.623777151
0.999987602 -0.003187724 -0.003830909 -0.035117619 0.003202974 0.999986947 0.003981079 -0.049794205 0.003818168 -0.003993299 0.999984741 2.655376673
0.999984443 -0.004840001 -0.002773978 -0.035680782 0.004847680 0.999984443 0.002768475 -0.050325543 0.002760535 -0.002781879 0.999992311 2.686473846
0.999995172 -0.002146910 -0.002248600 -0.036118709 0.002147544 0.999997675 0.000279629 -0.050846178 0.002247994 -0.000284457 0.999997437 2.717598677
0.999998152 -0.001131509 -0.001545399 -0.036431100 0.001129893 0.999998808 -0.001046697 -0.051783729 0.001546582 0.001044949 0.999998271 2.749075413
0.999995947 0.002744049 0.000719858 -0.037319701 -0.002742742 0.999994576 -0.001809738 -0.052156020 -0.000724820 0.001807756 0.999998093 2.779231548
0.999989748 0.004005842 0.002114955 -0.037902571 -0.004005440 0.999991953 -0.000194459 -0.052736949 -0.002115717 0.000185985 0.999997735 2.810296774
0.999989510 0.003636263 0.002789447 -0.037919540 -0.003642695 0.999990702 0.002304148 -0.053261366 -0.002781042 -0.002314285 0.999993443 2.841995955
0.999989986 0.002818830 0.003483858 -0.038045611 -0.002827999 0.999992549 0.002629576 -0.053594831 -0.003476420 -0.002639402 0.999990463 2.873013973
0.999987006 0.002527559 0.004426973 -0.038554635 -0.002540177 0.999992728 0.002846804 -0.054461334 -0.004419746 -0.002858012 0.999986172 2.904450893
0.999974549 0.004757671 0.005315092 -0.038655464 -0.004769860 0.999985993 0.002283015 -0.055004634 -0.005304156 -0.002308309 0.999983251 2.935778618
0.999953568 0.006748421 0.006874918 -0.039227918 -0.006760068 0.999975741 0.001672274 -0.055452354 -0.006863466 -0.001718671 0.999974966 2.966826677
0.999952316 0.006685479 0.007117148 -0.039078593 -0.006695087 0.999976695 0.001327100 -0.056155358 -0.007108110 -0.001374686 0.999973774 2.998718739
0.999920130 0.008696835 0.009170349 -0.039907325 -0.008696024 0.999962151 -0.000128417 -0.056533050 -0.009171119 0.000048661 0.999957919 3.029514790
0.999916792 0.007844025 0.010242122 -0.040361334 -0.007841233 0.999969184 -0.000312797 -0.057237465 -0.010244261 0.000232460 0.999947488 3.060907841
0.999914527 0.007208242 0.010906008 -0.039997842 -0.007218624 0.999973536 0.000912906 -0.057865724 -0.010899139 -0.000991555 0.999940097 3.091677427
0.999915838 0.005202453 0.011886307 -0.040146168 -0.005221074 0.999985218 0.001536047 -0.058234490 -0.011878139 -0.001597977 0.999928176 3.122976542
0.999913216 0.005276732 0.012073159 -0.039924670 -0.005303022 0.999983609 0.002146601 -0.059064873 -0.012061635 -0.002210438 0.999924839 3.153805256
0.999927163 0.002351671 0.011839798 -0.039652653 -0.002384701 0.999993324 0.002776435 -0.059748553 -0.011833189 -0.002804467 0.999926031 3.185243845
0.999928415 0.001613827 0.011854364 -0.039984178 -0.001650766 0.999993801 0.003106980 -0.060294975 -0.011849276 -0.003126326 0.999924898 3.216228962
0.999938190 -0.000226344 0.011116138 -0.039843336 0.000197175 0.999996543 0.002625027 -0.060908835 -0.011116694 -0.002622673 0.999934793 3.247502804
0.999948621 -0.000981046 0.010090998 -0.040011734 0.000951620 0.999995291 0.002920388 -0.061536767 -0.010093816 -0.002910635 0.999944806 3.278394222
0.999953926 -0.003685303 0.008860821 -0.040071856 0.003652666 0.999986470 0.003696593 -0.061913252 -0.008874324 -0.003664057 0.999953926 3.310177565
0.999959588 -0.003441458 0.008307127 -0.040334933 0.003412594 0.999988079 0.003486283 -0.062523782 -0.008319027 -0.003457793 0.999959409 3.341097116
0.999965787 -0.004522611 0.006923627 -0.040426780 0.004499632 0.999984324 0.003330912 -0.062972240 -0.006938583 -0.003299644 0.999970496 3.372482538
0.999970675 -0.004568074 0.006146041 -0.040798832 0.004549431 0.999985039 0.003043919 -0.063748084 -0.006159854 -0.003015869 0.999976456 3.403651714
0.999976039 -0.004930998 0.004855113 -0.040942866 0.004917826 0.999984205 0.002721223 -0.064328827 -0.004868455 -0.002697281 0.999984503 3.435791731
0.999968648 -0.006812319 0.004041995 -0.041228924 0.006811287 0.999976754 0.000268906 -0.064895578 -0.004043733 -0.000241367 0.999991775 3.466433287
0.999923170 -0.011846186 0.003657228 -0.041863933 0.011846759 0.999929845 -0.000135220 -0.065381669 -0.003655370 0.000178536 0.999993324 3.497303247
0.999808848 -0.019451447 0.001988073 -0.041260503 0.019446384 0.999807715 0.002534539 -0.066174835 -0.002036991 -0.002495394 0.999994814 3.528964520
0.999667645 -0.025779270 0.000268814 -0.041277744 0.025778038 0.999660194 0.003869182 -0.066674866 -0.000368468 -0.003860967 0.999992490 3.560842276
0.999574304 -0.029170303 -0.000593250 -0.041558463 0.029170673 0.999574244 0.000627144 -0.067231864 0.000574704 -0.000644183 0.999999642 3.591716766
0.999602795 -0.028178599 -0.000429504 -0.041757151 0.028177332 0.999599278 -0.002715004 -0.067634992 0.000505837 0.002701823 0.999996245 3.622695208
0.999685764 -0.025059439 0.000648135 -0.042143505 0.025062105 0.999675810 -0.004495377 -0.068608701 -0.000535273 0.004510208 0.999989688 3.654474020
0.999694109 -0.024688076 0.001480893 -0.042510912 0.024694506 0.999684930 -0.004492386 -0.069462024 -0.001369518 0.004527581 0.999988794 3.685927868
0.999610364 -0.027856328 0.001776995 -0.042448074 0.027858596 0.999611080 -0.001265082 -0.070024401 -0.001741064 0.001314093 0.999997616 3.717534781
0.999461651 -0.032705214 0.002603456 -0.042826474 0.032701265 0.999463975 0.001545227 -0.070729397 -0.002652597 -0.001459259 0.999995410 3.748668194
0.999341726 -0.036195297 0.002444869 -0.042688701 0.036188718 0.999341369 0.002683418 -0.071094416 -0.002540386 -0.002593175 0.999993384 3.780263662
0.999284267 -0.037746303 0.002494079 -0.042712569 0.037739810 0.999284208 0.002601448 -0.071641229 -0.002590489 -0.002505459 0.999993503 3.811929941
0.999376357 -0.035178747 0.003051116 -0.042845059 0.035169438 0.999376714 0.003053631 -0.072308213 -0.003156637 -0.002944421 0.999990702 3.843447924
0.999507844 -0.031131720 0.003861578 -0.042861968 0.031124184 0.999513507 0.001996847 -0.072771490 -0.003921865 -0.001875676 0.999990523 3.875481844
0.999603033 -0.027748551 0.004881518 -0.043355864 0.027748225 0.999614954 0.000134361 -0.073496476 -0.004883367 0.000001146 0.999988079 3.906792164
0.999657631 -0.025537193 0.005699774 -0.043800786 0.025537206 0.999673843 0.000070737 -0.074260585 -0.005699721 0.000074843 0.999983728 3.938229561
0.999708056 -0.023427483 0.005910556 -0.043826524 0.023422271 0.999725223 0.000949480 -0.074813560 -0.005931176 -0.000810765 0.999982059 3.970206976
0.999743938 -0.021925056 0.005596102 -0.043895345 0.021921419 0.999759436 0.000710553 -0.075528562 -0.005610335 -0.000587696 0.999984086 4.002187729
0.999793351 -0.019610617 0.005356964 -0.044315815 0.019621525 0.999805510 -0.001991126 -0.076019831 -0.005316875 0.002095827 0.999983668 4.033779144
0.999862671 -0.015804905 0.004987002 -0.044666350 0.015827592 0.999864399 -0.004543175 -0.076736234 -0.004914521 0.004621483 0.999977231 4.065620899
0.999928355 -0.011035389 0.004639745 -0.044960212 0.011063091 0.999920845 -0.005987728 -0.077423118 -0.004573301 0.006038629 0.999971330 4.097650528
0.999965191 -0.006377124 0.005382444 -0.045589045 0.006403513 0.999967515 -0.004899745 -0.078207709 -0.005351022 0.004934041 0.999973536 4.129278183
0.999979615 -0.003079465 0.005589137 -0.045796175 0.003096101 0.999990821 -0.002970316 -0.079097129 -0.005579939 0.002987560 0.999979973 4.162039280
0.999980569 -0.002923914 0.005510649 -0.046060767 0.002927506 0.999995530 -0.000643784 -0.079733945 -0.005508742 0.000659904 0.999984622 4.193904400
0.999975979 -0.005326601 0.004431640 -0.046084259 0.005329915 0.999985516 -0.000736205 -0.079882637 -0.004427655 0.000759807 0.999989927 4.227099419
0.999959528 -0.008409613 0.003192205 -0.046399128 0.008408260 0.999964535 0.000436864 -0.081028998 -0.003195765 -0.000410006 0.999994814 4.258216858
0.999965727 -0.008202066 0.001138127 -0.046748850 0.008206544 0.999958396 -0.003986988 -0.081655338 -0.001105378 0.003996192 0.999991417 4.290337086
0.999980271 -0.006278776 -0.000194311 -0.046950992 0.006276996 0.999947488 -0.008100994 -0.082529433 0.000245166 0.008099614 0.999967158 4.323525906
0.999997437 -0.002032330 -0.001020127 -0.047760054 0.002023221 0.999958754 -0.008852070 -0.083481789 0.001038076 0.008849983 0.999960303 4.356671333
0.999998987 0.000939338 -0.001070529 -0.048045583 -0.000947612 0.999969482 -0.007754678 -0.084142409 0.001063212 0.007755685 0.999969363 4.388662815
0.999994516 0.003240745 -0.000695641 -0.048691019 -0.003243946 0.999983907 -0.004650082 -0.084696338 0.000680560 0.004652313 0.999988973 4.421613693
0.999991596 0.004074431 -0.000507442 -0.048908077 -0.004075713 0.999988437 -0.002550509 -0.085574269 0.000497044 0.002552555 0.999996603 4.454038620
0.999996006 0.002688638 -0.000883157 -0.049111500 -0.002690097 0.999994993 -0.001655672 -0.086192466 0.000878702 0.001658041 0.999998212 4.488521576
0.999998868 0.001296171 -0.000790567 -0.049273010 -0.001296964 0.999998629 -0.001003728 -0.086836882 0.000789265 0.001004753 0.999999166 4.519874573
0.999999583 -0.000782074 -0.000494357 -0.049689639 0.000782012 0.999999702 -0.000125568 -0.087751955 0.000494455 0.000125181 0.999999881 4.552150249
0.999991059 -0.004166093 -0.000738386 -0.049696464 0.004165925 0.999991298 -0.000229076 -0.088309571 0.000739334 0.000225998 0.999999702 4.586242676
0.999979258 -0.006426566 -0.000437062 -0.050089937 0.006426769 0.999979258 0.000466526 -0.088904172 0.000434054 -0.000469325 0.999999821 4.619584084
0.999934018 -0.011486164 -0.000022925 -0.050152518 0.011486187 0.999931633 0.002202507 -0.089467362 -0.000002375 -0.002202625 0.999997556 4.652640820
0.999897897 -0.014284035 0.000392846 -0.050516225 0.014283133 0.999895573 0.002210748 -0.090065308 -0.000424383 -0.002204911 0.999997497 4.686062813
0.999924183 -0.012302836 0.000525277 -0.050825037 0.012303940 0.999921978 -0.002153526 -0.090694599 -0.000498741 0.002159826 0.999997556 4.719428062
0.999988139 -0.004706743 0.001272108 -0.051740788 0.004716333 0.999959648 -0.007644543 -0.091527760 -0.001236076 0.007650452 0.999969959 4.752840519
0.999988258 0.004166251 0.002472045 -0.052074194 -0.004148428 0.999965668 -0.007171342 -0.092323579 -0.002501838 0.007161002 0.999971211 4.785131931
0.999910474 0.012714694 0.004168142 -0.053010333 -0.012697111 0.999910474 -0.004218299 -0.092993714 -0.004221403 0.004164998 0.999982417 4.818484306
0.999903321 0.013194427 0.004391877 -0.053018808 -0.013186596 0.999911427 -0.001807266 -0.093692452 -0.004415333 0.001749177 0.999988735 4.852450371
0.999931514 0.011155634 0.003533192 -0.053211320 -0.011150572 0.999936759 -0.001449078 -0.094379216 -0.003549134 0.001409582 0.999992728 4.887612343
0.999960959 0.008431065 0.002651699 -0.053375229 -0.008427069 0.999963343 -0.001514720 -0.095036559 -0.002664372 0.001492315 0.999995351 4.919847488
0.999976575 0.006640621 0.001673722 -0.053615831 -0.006637091 0.999975741 -0.002106175 -0.095659249 -0.001687668 0.002095017 0.999996364 4.954223633
0.999977410 0.006628705 0.001138722 -0.053836972 -0.006625767 0.999974787 -0.002564426 -0.096421644 -0.001155692 0.002556823 0.999996066 4.987889290
0.999964893 0.008302702 0.001138611 -0.054256946 -0.008299786 0.999962330 -0.002541772 -0.097050190 -0.001159671 0.002532232 0.999996126 5.022272587
0.999961674 0.008673231 0.001198831 -0.054799970 -0.008671626 0.999961495 -0.001338283 -0.097897366 -0.001210393 0.001327836 0.999998391 5.055698395
0.999967694 0.008002944 0.000720046 -0.054911688 -0.008001465 0.999965906 -0.002033941 -0.098536514 -0.000736299 0.002028114 0.999997675 5.090449333
0.999970973 0.007608071 0.000382013 -0.055437177 -0.007606934 0.999966860 -0.002895114 -0.099320412 -0.000404026 0.002892124 0.999995708 5.124975204
0.999966383 0.008154075 0.000841149 -0.056373961 -0.008150962 0.999960184 -0.003639401 -0.100046903 -0.000870792 0.003632422 0.999993026 5.158969879
0.999970794 0.007633640 -0.000304689 -0.056152329 -0.007634610 0.999965370 -0.003319251 -0.100854456 0.000279340 0.003321480 0.999994457 5.193630695
0.999973238 0.007263751 -0.000851323 -0.056412954 -0.007266654 0.999967635 -0.003457803 -0.101578265 0.000826179 0.003463897 0.999993682 5.227216244
0.999970257 0.007668183 -0.000861223 -0.056975540 -0.007671315 0.999963760 -0.003694559 -0.102309152 0.000832862 0.003701055 0.999992788 5.262732983
0.999963284 0.008530623 -0.000783197 -0.057704609 -0.008533906 0.999954402 -0.004288432 -0.102920458 0.000746578 0.004294958 0.999990523 5.296680450
0.999963164 0.008454056 -0.001494646 -0.057956219 -0.008460240 0.999955475 -0.004180237 -0.103867270 0.001459240 0.004192728 0.999990165 5.332169533
0.999957919 0.009045608 -0.001522090 -0.058597207 -0.009052558 0.999948323 -0.004622872 -0.104439877 0.001480195 0.004636456 0.999988139 5.366955280
0.999965608 0.008066883 -0.001932905 -0.058902532 -0.008075649 0.999956965 -0.004571180 -0.105222039 0.001895947 0.004586632 0.999987662 5.401950359
0.999976456 0.006501999 -0.002196413 -0.059233163 -0.006512421 0.999967396 -0.004771900 -0.106051430 0.002165314 0.004786091 0.999986231 5.437191963
0.999982536 0.005482651 -0.002218707 -0.059615865 -0.005492378 0.999975204 -0.004402466 -0.106982000 0.002194515 0.004414575 0.999987841 5.472384453
0.999990523 0.003981287 -0.001755044 -0.060186241 -0.003987312 0.999986112 -0.003443232 -0.107993409 0.001741311 0.003450197 0.999992549 5.507501602
0.999988258 0.004751184 -0.000972507 -0.061245680 -0.004754091 0.999984145 -0.003009859 -0.108956136 0.000958191 0.003014447 0.999994993 5.542489052
0.999987900 0.004637496 -0.001634850 -0.061289232 -0.004643278 0.999982893 -0.003550969 -0.109649174 0.001618354 0.003558517 0.999992371 5.577847481
0.999984086 0.005164823 -0.002267018 -0.061104875 -0.005173681 0.999978960 -0.003919163 -0.110536225 0.002246728 0.003930829 0.999989748 5.612858772
0.999978721 0.006412219 -0.001223045 -0.062052641 -0.006416792 0.999972284 -0.003772383 -0.111136705 0.001198822 0.003780151 0.999992132 5.648571968
0.999978960 0.006451752 -0.000708745 -0.062429931 -0.006452953 0.999977708 -0.001705913 -0.111887760 0.000697723 0.001710451 0.999998271 5.684133530
0.999980986 0.006155741 -0.000436170 -0.062721230 -0.006156307 0.999980211 -0.001308995 -0.112619326 0.000428103 0.001311655 0.999999046 5.719589710
0.999977231 0.006750341 0.000034382 -0.063079186 -0.006750199 0.999972284 -0.003146114 -0.113252774 -0.000055619 0.003145810 0.999995053 5.755213737
0.999978483 0.006499828 0.000882571 -0.063692383 -0.006495918 0.999969363 -0.004362826 -0.114158966 -0.000910902 0.004356999 0.999990106 5.790227890
0.999975860 0.006906731 0.000731515 -0.063955292 -0.006904027 0.999969542 -0.003636593 -0.115097873 -0.000756610 0.003631455 0.999993145 5.825888634
0.999979615 0.006371054 0.000476341 -0.064293332 -0.006369766 0.999976158 -0.002656758 -0.115878373 -0.000493256 0.002653669 0.999996364 5.861557484
0.999973714 0.007236025 0.000411282 -0.064626910 -0.007235211 0.999971926 -0.001945982 -0.116743445 -0.000425351 0.001942955 0.999998033 5.896768570
0.999973416 0.007255171 0.000702072 -0.065422930 -0.007253349 0.999970436 -0.002562910 -0.117273405 -0.000720646 0.002557750 0.999996483 5.932502747
0.999964595 0.008378699 0.000745372 -0.065998495 -0.008376622 0.999961138 -0.002747800 -0.118009150 -0.000768367 0.002741459 0.999995947 5.968144894
0.999956250 0.009305276 0.000952712 -0.066372566 -0.009303031 0.999953985 -0.002333233 -0.118816666 -0.000974380 0.002324268 0.999996841 6.003736019
0.999944389 0.010223818 0.002586809 -0.067683935 -0.010215490 0.999942660 -0.003212612 -0.119063906 -0.002619506 0.003186008 0.999991477 6.039343357
0.999968052 0.007883434 0.001307047 -0.067466840 -0.007880975 0.999967158 -0.001875643 -0.120215155 -0.001321790 0.001865283 0.999997377 6.075156212
0.999978065 0.006173790 0.002386226 -0.068457499 -0.006169309 0.999979198 -0.001880863 -0.120592460 -0.002397789 0.001866101 0.999995410 6.111022949
0.999992311 0.003765103 0.001117635 -0.068192996 -0.003764511 0.999992788 -0.000530818 -0.121697247 -0.001119625 0.000526606 0.999999225 6.147398472
0.999998510 0.001602336 0.000677488 -0.068590023 -0.001601654 0.999998212 -0.001005523 -0.122479685 -0.000679098 0.001004436 0.999999285 6.183331013
0.999999881 0.000473770 0.000219965 -0.069010101 -0.000473365 0.999998212 -0.001834714 -0.123250939 -0.000220834 0.001834610 0.999998271 6.219329834
0.999997616 -0.002157690 0.000248855 -0.068851322 0.002157721 0.999997675 -0.000123889 -0.123953685 -0.000248588 0.000124426 0.999999940 6.254713535
0.999994755 -0.002844865 0.001532623 -0.069491535 0.002844173 0.999995828 0.000453751 -0.124246769 -0.001533907 -0.000449389 0.999998748 6.290684223
0.999985397 -0.005304362 0.001023816 -0.069663242 0.005303810 0.999985814 0.000541308 -0.125116691 -0.001026673 -0.000535870 0.999999344 6.325353622
0.999984145 -0.005474930 0.001307271 -0.069939323 0.005475469 0.999984920 -0.000409200 -0.125875399 -0.001305011 0.000416351 0.999999046 6.361059666
0.999984562 -0.005171176 0.002023670 -0.070439659 0.005172351 0.999986470 -0.000576186 -0.126595184 -0.002020663 0.000586644 0.999997795 6.396481514
0.999990225 -0.002817425 0.003414886 -0.070798464 0.002821591 0.999995291 -0.001215743 -0.127108246 -0.003411445 0.001225366 0.999993443 6.432615757
0.999991596 -0.000385990 0.004088819 -0.071358286 0.000391905 0.999998868 -0.001445779 -0.127872899 -0.004088257 0.001447370 0.999990582 6.468076706
0.999985933 0.001260664 0.005152503 -0.071822278 -0.001249983 0.999997079 -0.002075789 -0.128727704 -0.005155104 0.002069319 0.999984562 6.504111290
0.999981701 0.001041645 0.005961331 -0.072324254 -0.001032238 0.999998212 -0.001580958 -0.129515409 -0.005962967 0.001574776 0.999980986 6.539772034
0.999979258 0.001579460 0.006247121 -0.072246522 -0.001569458 0.999997497 -0.001605682 -0.130612761 -0.006249642 0.001595844 0.999979198 6.575128555
0.999969423 0.001042473 0.007754006 -0.072652444 -0.001018428 0.999994636 -0.003104272 -0.131057203 -0.007757201 0.003096280 0.999965131 6.610989571
0.999965906 0.001107242 0.008186206 -0.072584808 -0.001082460 0.999994814 -0.003031205 -0.131857231 -0.008189520 0.003022240 0.999961913 6.647025585
0.999955773 -0.000604379 0.009382405 -0.072980195 0.000619787 0.999998450 -0.001639405 -0.132718161 -0.009381400 0.001645147 0.999954641 6.682390213
0.999952972 -0.001923686 0.009508516 -0.072935700 0.001932854 0.999997675 -0.000955131 -0.133576110 -0.009506657 0.000973465 0.999954343 6.717588902
0.999951243 -0.002308661 0.009600166 -0.073101670 0.002345396 0.999989986 -0.003816960 -0.134133101 -0.009591258 0.003839290 0.999946654 6.753624916
0.999950528 -0.004082415 0.009072130 -0.073023811 0.004130478 0.999977529 -0.005285488 -0.135243282 -0.009050348 0.005322698 0.999944866 6.789031982
0.999955297 -0.003512383 0.008776528 -0.073398530 0.003566155 0.999974906 -0.006118656 -0.135706156 -0.008754817 0.006149681 0.999942780 6.824575901
0.999959886 -0.004603547 0.007687162 -0.073437862 0.004650282 0.999970734 -0.006072825 -0.136536375 -0.007658981 0.006108329 0.999952018 6.860199451
0.999966443 -0.004820711 0.006622698 -0.073590338 0.004866274 0.999964476 -0.006881111 -0.137395605 -0.006589291 0.006913108 0.999954402 6.896025658
0.999973059 -0.004366838 0.005899176 -0.073788248 0.004409774 0.999963760 -0.007284976 -0.138217390 -0.005867149 0.007310793 0.999956071 6.931758404
0.999980450 -0.003609048 0.005107780 -0.074166775 0.003645294 0.999968112 -0.007104946 -0.139106721 -0.005081975 0.007123426 0.999961734 6.967057705
0.999981046 -0.004209104 0.004488979 -0.074076608 0.004239110 0.999968588 -0.006695915 -0.139924750 -0.004460654 0.006714818 0.999967515 7.001955032
0.999978721 -0.005643266 0.003269153 -0.074183330 0.005660966 0.999969244 -0.005430423 -0.140853450 -0.003238407 0.005448814 0.999979913 7.037051201
0.999991357 -0.003262374 0.002586213 -0.074418955 0.003272319 0.999987245 -0.003850524 -0.141809747 -0.002573618 0.003858954 0.999989271 7.072697639
0.999992490 -0.002665832 0.002810965 -0.074296668 0.002676382 0.999989390 -0.003756153 -0.142596260 -0.002800922 0.003763648 0.999988973 7.107452393
0.999987841 -0.002553237 0.004215510 -0.075229526 0.002569697 0.999989092 -0.003903775 -0.143405274 -0.004205497 0.003914560 0.999983490 7.143420696
0.999982536 -0.004194513 0.004170066 -0.074982218 0.004212706 0.999981582 -0.004363578 -0.144064412 -0.004151687 0.004381069 0.999981761 7.177964687
0.999970436 -0.006186910 0.004566066 -0.075616188 0.006208722 0.999969304 -0.004778385 -0.145376116 -0.004536362 0.004806594 0.999978185 7.213793755
0.999956489 -0.007078682 0.006072771 -0.076476283 0.007122596 0.999948442 -0.007240472 -0.145923451 -0.006021204 0.007283411 0.999955356 7.249631405
0.999955416 -0.008088575 0.004875962 -0.076321222 0.008126277 0.999936879 -0.007762792 -0.146962479 -0.004812865 0.007802069 0.999957979 7.285467625
0.999967456 -0.007588998 0.002727150 -0.076575734 0.007612295 0.999933720 -0.008635797 -0.147901759 -0.002661432 0.008656275 0.999958992 7.320986748
0.999978721 -0.006472057 0.000808358 -0.077066198 0.006478354 0.999946654 -0.008047106 -0.148823932 -0.000756233 0.008052172 0.999967277 7.357354164
0.999984682 -0.005469511 0.000826520 -0.077740900 0.005473168 0.999974966 -0.004488139 -0.149963945 -0.000801951 0.004492594 0.999989569 7.393221855
0.999976456 -0.006809390 0.000880920 -0.077927873 0.006810933 0.999975264 -0.001761308 -0.150573105 -0.000868904 0.001767266 0.999998033 7.430377960
0.999972522 -0.007322167 0.001169418 -0.078408204 0.007323617 0.999972403 -0.001240710 -0.151261717 -0.001160301 0.001249241 0.999998569 7.466703415
0.999961257 -0.008727410 0.001138623 -0.078683637 0.008730187 0.999958873 -0.002456931 -0.152033553 -0.001117134 0.002466776 0.999996305 7.502088547
0.999959409 -0.008830131 0.001782834 -0.079023793 0.008834735 0.999957621 -0.002591845 -0.152844295 -0.001759872 0.002607491 0.999995053 7.539153099
0.999957323 -0.009023068 0.001981436 -0.079428211 0.009027857 0.999956310 -0.002421334 -0.153573617 -0.001959501 0.002439119 0.999995112 7.575031281
0.999959767 -0.008542254 0.002735570 -0.079751700 0.008548831 0.999960601 -0.002401341 -0.154501021 -0.002714949 0.002424631 0.999993384 7.611122131
0.999975801 -0.005998007 0.003524876 -0.080580659 0.006012139 0.999973893 -0.004012658 -0.155294687 -0.003500716 0.004033753 0.999985754 7.647069454
0.999971211 -0.006384944 0.004099791 -0.080568537 0.006400503 0.999972343 -0.003793144 -0.156301200 -0.004075459 0.003819275 0.999984384 7.682901382
0.999956846 -0.007831060 0.004992868 -0.080991179 0.007839691 0.999967813 -0.001711383 -0.157185853 -0.004979305 0.001750452 0.999986053 7.718699932
0.999951303 -0.008612219 0.004813853 -0.081042074 0.008618553 0.999962032 -0.001296687 -0.157777488 -0.004802503 0.001338112 0.999987602 7.755072117
0.999934793 -0.010394485 0.004733968 -0.081255943 0.010404434 0.999943733 -0.002081977 -0.158677906 -0.004712061 0.002131095 0.999986649 7.790647984
0.999952495 -0.008444804 0.004864688 -0.081548728 0.008455807 0.999961734 -0.002245894 -0.159459636 -0.004845536 0.002286922 0.999985635 7.827115536
0.999967456 -0.006769293 0.004384779 -0.081799835 0.006787652 0.999968231 -0.004185533 -0.160348669 -0.004356307 0.004215159 0.999981642 7.863602638
0.999981165 -0.005050074 0.003492482 -0.081685521 0.005075243 0.999960959 -0.007235620 -0.161305144 -0.003455805 0.007253209 0.999967694 7.899745941
0.999985218 -0.004842216 0.002474639 -0.081758916 0.004857450 0.999969065 -0.006187622 -0.162395477 -0.002444601 0.006199551 0.999977767 7.935548306
0.999993622 -0.003142313 0.001690952 -0.082381509 0.003147982 0.999989390 -0.003360201 -0.163139030 -0.001680375 0.003365503 0.999992907 7.971669674
0.999997914 -0.001972109 0.000565294 -0.082715228 0.001972472 0.999997854 -0.000642370 -0.163985536 -0.000564026 0.000643484 0.999999642 8.007660866
0.999997914 -0.001922981 -0.000650178 -0.083087139 0.001922115 0.999997258 -0.001330040 -0.164895356 0.000652734 0.001328787 0.999998927 8.042887688
0.999994040 -0.002352439 -0.002528694 -0.083506010 0.002343895 0.999991536 -0.003376639 -0.165598482 0.002536616 0.003370692 0.999991119 8.079084396
0.999982417 -0.003767213 -0.004576498 -0.083827548 0.003760164 0.999991715 -0.001547865 -0.166834787 0.004582291 0.001530629 0.999988317 8.115468025
0.999969065 -0.005523046 -0.005597446 -0.084414981 0.005514787 0.999983668 -0.001490013 -0.167336911 0.005605584 0.001459098 0.999983251 8.149882317
0.999962926 -0.006227032 -0.005946644 -0.084965654 0.006214536 0.999978423 -0.002117608 -0.168179557 0.005959702 0.002080573 0.999980092 8.185917854
0.999958277 -0.006491794 -0.006423671 -0.085625045 0.006469917 0.999973238 -0.003420551 -0.168846935 0.006445704 0.003378848 0.999973536 8.221029282
0.999962449 -0.006155496 -0.006097678 -0.086418770 0.006136895 0.999976456 -0.003064514 -0.169925615 0.006116398 0.003026978 0.999976695 8.256484032
0.999954343 -0.007335261 -0.006126770 -0.087144151 0.007314723 0.999967575 -0.003367906 -0.170586795 0.006151276 0.003322936 0.999975562 8.292123795
0.999960661 -0.006735265 -0.005771744 -0.087913848 0.006713443 0.999970257 -0.003791901 -0.171661392 0.005797112 0.003753003 0.999976158 8.327203751
0.999953568 -0.007738146 -0.005744730 -0.088658951 0.007712089 0.999959946 -0.004544360 -0.172399163 0.005779665 0.004499845 0.999973178 8.363130569
0.999948978 -0.008500094 -0.005460784 -0.089350857 0.008477000 0.999955058 -0.004238402 -0.173339292 0.005496566 0.004191895 0.999976099 8.399096489
0.999954343 -0.007613808 -0.005771481 -0.089811943 0.007582931 0.999956906 -0.005353129 -0.174055427 0.005811990 0.005309120 0.999969006 8.434161186
0.999940634 -0.009375409 -0.005551490 -0.090459861 0.009339487 0.999935508 -0.006461597 -0.174962372 0.005611713 0.006409365 0.999963701 8.469472885
0.999926984 -0.010600055 -0.005800480 -0.090885766 0.010572385 0.999932706 -0.004780213 -0.175995335 0.005850761 0.004718539 0.999971747 8.504744530
0.999901652 -0.012660873 -0.006034717 -0.091462322 0.012636011 0.999911606 -0.004140306 -0.176768601 0.006086603 0.004063644 0.999973238 8.540238380
0.999894679 -0.013321243 -0.005758922 -0.091928154 0.013296156 0.999902070 -0.004372703 -0.177962124 0.005816607 0.004295671 0.999973834 8.575643539
0.999918520 -0.011504318 -0.005528461 -0.092668183 0.011477051 0.999921918 -0.004938718 -0.178832009 0.005584846 0.004874865 0.999972522 8.611127853
0.999929547 -0.010650011 -0.005244426 -0.093138725 0.010627630 0.999934375 -0.004276981 -0.179601625 0.005289632 0.004220943 0.999977112 8.647007942
0.999944091 -0.009173546 -0.005264990 -0.093584567 0.009155036 0.999951839 -0.003529194 -0.180435985 0.005297111 0.003480796 0.999979913 8.682472229
0.999944925 -0.009150601 -0.005142515 -0.093989328 0.009131267 0.999951184 -0.003770579 -0.181224406 0.005176767 0.003723414 0.999979675 8.718400002
0.999945998 -0.009492272 -0.004230320 -0.094883762 0.009472958 0.999944746 -0.004562370 -0.182145223 0.004273393 0.004522050 0.999980628 8.753848076
0.999944687 -0.009437762 -0.004642458 -0.095251575 0.009415284 0.999943972 -0.004840140 -0.182961822 0.004687877 0.004796162 0.999977529 8.789618492
0.999951899 -0.008849734 -0.004232312 -0.095887601 0.008828492 0.999948442 -0.005011685 -0.183859229 0.004276446 0.004974078 0.999978483 8.825451851
0.999964654 -0.007460136 -0.003885000 -0.096575491 0.007441858 0.999961257 -0.004698214 -0.184772342 0.003919899 0.004669136 0.999981403 8.861285210
0.999978721 -0.005702411 -0.003167585 -0.097307563 0.005688583 0.999974310 -0.004357696 -0.185544044 0.003192353 0.004339584 0.999985516 8.897016525
0.999985933 -0.004483741 -0.002829800 -0.097882017 0.004468556 0.999975681 -0.005350062 -0.186284289 0.002853719 0.005337342 0.999981701 8.932700157
0.999993265 -0.003182299 -0.001833537 -0.098601080 0.003171267 0.999977052 -0.005988607 -0.187173992 0.001852552 0.005982751 0.999980390 8.968119621
0.999994993 -0.002516468 -0.001921552 -0.099062942 0.002504938 0.999978960 -0.005979486 -0.188024923 0.001936559 0.005974642 0.999980271 9.003843307
0.999997854 -0.000887657 -0.001874575 -0.099550091 0.000877583 0.999985218 -0.005368120 -0.188819721 0.001879312 0.005366464 0.999983847 9.039984703
0.999999225 0.000238230 -0.001209470 -0.100186788 -0.000244826 0.999985099 -0.005456375 -0.189609513 0.001208153 0.005456667 0.999984384 9.075606346
