0.999998391 0.000835656 0.001569941 -0.000175058 -0.000828557 0.999989450 -0.004517211 -0.001171430 -0.001573699 0.004515903 0.999988556 0.055249035
0.999996543 -0.001375236 0.002230327 0.000139738 0.001387156 0.999984741 -0.005351577 -0.002068187 -0.002222934 0.005354653 0.999983191 0.110413261
0.999992788 -0.002964003 0.002370531 0.000220536 0.002967223 0.999994695 -0.001355639 -0.003031733 -0.002366501 0.001362664 0.999996245 0.165660903
0.999985576 -0.005199940 0.001359982 0.000671967 0.005193762 0.999976337 0.004507541 -0.003929215 -0.001383389 -0.004500412 0.999988914 0.222436234
0.999960780 -0.008844071 0.000499674 0.000701564 0.008841710 0.999950588 0.004544689 -0.004653291 -0.000539843 -0.004540093 0.999989569 0.274677098
0.999931753 -0.011670678 -0.000586474 0.000805451 0.011671766 0.999930084 0.001886803 -0.005579449 0.000564413 -0.001893519 0.999998033 0.330194414
0.999926329 -0.012079904 -0.001211916 0.000864182 0.012077839 0.999925613 -0.001696164 -0.006217490 0.001232315 0.001681402 0.999997854 0.381882012
0.999936461 -0.011161295 -0.001585369 0.000253335 0.011157346 0.999934673 -0.002478020 -0.007014331 0.001612923 0.002460174 0.999995649 0.435985565
0.999936998 -0.010917344 -0.002605727 0.000139510 0.010915884 0.999940276 -0.000574108 -0.007979527 0.002611839 0.000545628 0.999996424 0.488467634
0.999939561 -0.010557186 -0.003075227 -0.000353940 0.010563961 0.999941766 0.002195464 -0.008660170 0.003051871 -0.002227817 0.999992847 0.542055964
0.999933958 -0.010892004 -0.003671112 -0.000770406 0.010905199 0.999934077 0.003593617 -0.009463204 0.003631728 -0.003633414 0.999986827 0.596072733
0.999912858 -0.012266316 -0.004877291 -0.000313729 0.012290379 0.999912322 0.004934513 -0.010800930 0.004816335 -0.004994026 0.999975920 0.647173166
0.999905765 -0.012535792 -0.005595915 -0.000694745 0.012562971 0.999909341 0.004848391 -0.011345177 0.005534629 -0.004918236 0.999972582 0.699866593
0.999900222 -0.012503517 -0.006572060 -0.000894682 0.012526655 0.999915421 0.003491362 -0.012246766 0.006527850 -0.003573340 0.999972284 0.752229929
0.999885857 -0.012913527 -0.007839599 -0.001418925 0.012926433 0.999915183 0.001597919 -0.013039527 0.007818298 -0.001699075 0.999967992 0.804491639
0.999853849 -0.014323691 -0.009334947 -0.001882096 0.014323140 0.999897420 -0.000125913 -0.013474731 0.009335793 -0.000007812 0.999956429 0.856346965
0.999849856 -0.013591125 -0.010749505 -0.002305089 0.013593255 0.999907613 0.000125090 -0.015145413 0.010746812 -0.000271192 0.999942243 0.908617496
0.999850571 -0.012600598 -0.011832390 -0.003733072 0.012585650 0.999919891 -0.001336914 -0.015566067 0.011848289 0.001187796 0.999929130 0.960427761
0.999831975 -0.011486395 -0.014286425 -0.003853736 0.011473612 0.999933720 -0.000976426 -0.016831355 0.014296694 0.000812345 0.999897480 1.012069106
0.999815106 -0.011620695 -0.015318542 -0.005149782 0.011615178 0.999932468 -0.000449100 -0.017321713 0.015322725 0.000271090 0.999882579 1.063220620
0.999798536 -0.010963446 -0.016812427 -0.005884820 0.010975071 0.999939620 0.000599336 -0.018026166 0.016804840 -0.000783733 0.999858499 1.114487886
0.999776006 -0.010686812 -0.018269356 -0.006856907 0.010710698 0.999941885 0.001210048 -0.018790115 0.018255364 -0.001405455 0.999832392 1.165263295
0.999744356 -0.011778849 -0.019299671 -0.008181109 0.011802031 0.999929786 0.001087644 -0.019696334 0.019285504 -0.001315142 0.999813139 1.216097832
0.999700904 -0.011932983 -0.021347163 -0.008776876 0.011949551 0.999928415 0.000648776 -0.020563632 0.021337893 -0.000903671 0.999771893 1.266097188
0.999689460 -0.011746814 -0.021978369 -0.010277648 0.011763110 0.999930620 0.000612308 -0.021237031 0.021969652 -0.000870652 0.999758244 1.315846086
0.999644339 -0.011902836 -0.023863334 -0.011289026 0.011977432 0.999923825 0.002985453 -0.022121351 0.023825981 -0.003270213 0.999710798 1.365401626
0.999607325 -0.012967573 -0.024840791 -0.012374650 0.013112505 0.999897897 0.005680462 -0.022816414 0.024764592 -0.006003957 0.999675274 1.415178180
0.999594271 -0.012915204 -0.025387958 -0.013607133 0.013103568 0.999887764 0.007267073 -0.023443870 0.025291251 -0.007596797 0.999651253 1.462468386
0.999595046 -0.012059620 -0.025774566 -0.015390093 0.012213422 0.999908507 0.005818152 -0.023919128 0.025702044 -0.006130591 0.999650836 1.510712147
0.999587834 -0.010402305 -0.026756685 -0.016382096 0.010505267 0.999937952 0.003710387 -0.024876175 0.026716428 -0.003989943 0.999635100 1.556191206
0.999570906 -0.009941814 -0.027553825 -0.017978109 0.010004862 0.999947608 0.002151259 -0.025533658 0.027530994 -0.002426008 0.999617994 1.602414012
0.999557316 -0.009205079 -0.028292662 -0.019183712 0.009249074 0.999956191 0.001424526 -0.026013853 0.028278310 -0.001685576 0.999598682 1.648166895
0.999529064 -0.009091077 -0.029308615 -0.021078371 0.009131041 0.999957561 0.001230033 -0.026810499 0.029296188 -0.001497072 0.999569654 1.692903042
0.999462366 -0.009200292 -0.031469990 -0.022072434 0.009207872 0.999957621 0.000095973 -0.027727785 0.031467773 -0.000385693 0.999504685 1.738149643
0.999396682 -0.008966221 -0.033554342 -0.023712015 0.008978226 0.999959648 0.000207130 -0.028647419 0.033551134 -0.000508263 0.999436855 1.781949162
0.999321699 -0.008880788 -0.035739250 -0.025065014 0.008927203 0.999959528 0.001139347 -0.029065179 0.035727683 -0.001457626 0.999360502 1.827424526
0.999256253 -0.008700332 -0.037566639 -0.026805006 0.008821028 0.999956429 0.003048307 -0.029522765 0.037538480 -0.003377416 0.999289453 1.871130228
0.999187589 -0.007902198 -0.039519053 -0.028664703 0.008093645 0.999956250 0.004686764 -0.030202700 0.039480288 -0.005002810 0.999207854 1.914238095
0.999127448 -0.006521162 -0.041252390 -0.030710656 0.006727869 0.999965489 0.004873941 -0.030718369 0.041219182 -0.005147229 0.999136865 1.955932856
0.999070644 -0.004174402 -0.042899586 -0.033023402 0.004360054 0.999981523 0.004234944 -0.031449318 0.042881116 -0.004418053 0.999070406 1.997961283
0.999008358 -0.002632166 -0.044445038 -0.035230469 0.002797188 0.999989450 0.003651158 -0.032173470 0.044434957 -0.003771859 0.999005139 2.038551092
0.998935640 -0.002051047 -0.046080396 -0.037429281 0.002277651 0.999985576 0.004865607 -0.032631345 0.046069752 -0.004965383 0.998925865 2.078903913
0.998900175 -0.000825238 -0.046879757 -0.039717004 0.001143189 0.999976516 0.006755855 -0.033082727 0.046873081 -0.006802018 0.998877704 2.118370771
0.998878896 0.002193788 -0.047287975 -0.041465774 -0.001859781 0.999972999 0.007106090 -0.033302777 0.047302291 -0.007010178 0.998856008 2.158421993
0.998914957 0.005593738 -0.046234518 -0.043753289 -0.005362121 0.999972463 0.005132120 -0.033894826 0.046261951 -0.004878636 0.998917401 2.196298361
0.999008656 0.006598781 -0.044025071 -0.045913495 -0.006517532 0.999976754 0.001988808 -0.034548014 0.044037174 -0.001699902 0.999028444 2.234153748
0.999093294 0.007076864 -0.041982159 -0.047493223 -0.007077250 0.999974966 0.000139431 -0.035061806 0.041982092 0.000157813 0.999118328 2.271267653
0.999220848 0.008375849 -0.038568549 -0.049175706 -0.008335090 0.999964535 0.001217451 -0.035886545 0.038577378 -0.000895030 0.999255240 2.308153868
0.999284565 0.012824059 -0.035578933 -0.050468031 -0.012706785 0.999913096 0.003520327 -0.035953637 0.035620984 -0.003065715 0.999360681 2.345748663
0.999359965 0.017168015 -0.031383082 -0.052305661 -0.016948923 0.999830186 0.007233934 -0.036713738 0.031501945 -0.006697395 0.999481261 2.381491661
0.999392509 0.022243980 -0.026829215 -0.053842798 -0.022034857 0.999724686 0.008065303 -0.037257079 0.027001232 -0.007469225 0.999607503 2.415336847
0.999439597 0.025496559 -0.021688161 -0.054484583 -0.025324447 0.999645889 0.008173770 -0.037343707 0.021888884 -0.007619950 0.999731362 2.450701475
0.999440789 0.029538650 -0.015672607 -0.055240713 -0.029377798 0.999514341 0.010396208 -0.037796095 0.015972085 -0.009929967 0.999823153 2.483443499
0.999372125 0.034225821 -0.009161188 -0.055785649 -0.034116834 0.999348164 0.011799727 -0.038545050 0.009559073 -0.011479767 0.999888420 2.516474247
0.999296367 0.037459239 -0.001884502 -0.056046467 -0.037435587 0.999234915 0.011319823 -0.038979802 0.002307092 -0.011241310 0.999934137 2.547000170
0.999149680 0.040837634 0.005669784 -0.056356732 -0.040901747 0.999094725 0.011693848 -0.039456364 -0.005187102 -0.011915809 0.999915540 2.577140093
0.998895109 0.045115225 0.013161440 -0.056091674 -0.045259971 0.998915613 0.010915213 -0.039441157 -0.012654725 -0.011498840 0.999853790 2.605904102
0.998567343 0.049252361 0.020915277 -0.055989549 -0.049432926 0.998743713 0.008205381 -0.039752029 -0.020484868 -0.009227529 0.999747574 2.633029699
0.998274148 0.050927289 0.029242309 -0.055501156 -0.051097807 0.998680592 0.005113279 -0.040131152 -0.028943321 -0.006598671 0.999559283 2.659070969
0.997996807 0.051242013 0.037102416 -0.054444507 -0.051454857 0.998663783 0.004804096 -0.040420756 -0.036806669 -0.006703572 0.999299943 2.683843613
0.997717917 0.050420489 0.044907697 -0.052995097 -0.050753839 0.998691261 0.006313254 -0.040914007 -0.044530608 -0.008578084 0.998971164 2.706833124
0.997233629 0.052119553 0.052996933 -0.051559575 -0.052569970 0.998591721 0.007139774 -0.041234404 -0.052550178 -0.009906070 0.998569131 2.728417397
0.996569157 0.054867867 0.061962865 -0.050580479 -0.055411793 0.998438418 0.007092952 -0.041473504 -0.061476927 -0.010502091 0.998053253 2.749521255
0.995711029 0.059555031 0.070801035 -0.049660765 -0.060172390 0.998166084 0.006617143 -0.041874930 -0.070277102 -0.010849029 0.997468531 2.768064022
0.994786739 0.063197955 0.080033869 -0.048440713 -0.063936092 0.997931540 0.006691437 -0.042196952 -0.079445437 -0.011773605 0.996769667 2.786112547
0.994068742 0.062209319 0.089203745 -0.046185389 -0.063097775 0.997981608 0.007172002 -0.042416997 -0.088577531 -0.012758020 0.995987594 2.802338362
0.993121624 0.061158352 0.099845327 -0.044129506 -0.062016942 0.998059869 0.005515229 -0.042884823 -0.099314317 -0.011669395 0.994987667 2.818104506
0.991968691 0.059442841 0.111645259 -0.041858774 -0.059935205 0.998201728 0.001056034 -0.043317091 -0.111381717 -0.007739034 0.993747592 2.833561659
0.990335763 0.060334671 0.124879144 -0.039352968 -0.060438097 0.998167574 -0.002963673 -0.043570071 -0.124829121 -0.004612426 0.992167532 2.848740101
0.988162279 0.061742008 0.140439227 -0.036924846 -0.061609920 0.998086274 -0.005292329 -0.043788306 -0.140497223 -0.003422770 0.990075171 2.864411592
0.985658407 0.063284308 0.156437144 -0.033742420 -0.063053787 0.997989357 -0.006440717 -0.044376705 -0.156530187 -0.003515607 0.987666905 2.878534794
0.982835650 0.063487500 0.173215136 -0.030341320 -0.063119844 0.997976720 -0.007635695 -0.044911876 -0.173349440 -0.003428678 0.984854400 2.893229246
0.979526341 0.062629260 0.191326305 -0.026738003 -0.062113617 0.998031199 -0.008697374 -0.045192748 -0.191494331 -0.003364661 0.981487930 2.907845974
0.975648582 0.061185662 0.210632876 -0.022894062 -0.060593989 0.998119473 -0.009268077 -0.045338679 -0.210803837 -0.003720699 0.977521300 2.922183037
0.971041501 0.061065663 0.230974987 -0.018788395 -0.060290597 0.998126507 -0.010419241 -0.045675159 -0.231178507 -0.003808103 0.972903907 2.936354876
0.965709388 0.062794998 0.251917005 -0.014217351 -0.061617505 0.998020709 -0.012568059 -0.046144549 -0.252207607 -0.003385403 0.967667222 2.950529099
0.959430039 0.063978948 0.274591893 -0.009363636 -0.062370352 0.997946382 -0.014594648 -0.046778604 -0.274961740 -0.003123848 0.961450100 2.964020491
0.952081382 0.064719327 0.298918813 -0.003809523 -0.062874556 0.997896433 -0.015795244 -0.047071286 -0.299312264 -0.003756027 0.954147816 2.978324413
0.943431079 0.067273028 0.324672371 0.002036635 -0.065440327 0.997718811 -0.016574027 -0.047763541 -0.325046718 -0.005610213 0.945681334 2.992635489
0.933578134 0.068883725 0.351691544 0.008667924 -0.067014560 0.997598469 -0.017501058 -0.048448402 -0.352052480 -0.007229849 0.935952306 3.006396532
0.922189355 0.069401935 0.380460471 0.015427776 -0.067339428 0.997554004 -0.018746937 -0.049210325 -0.380830914 -0.008331762 0.924607158 3.019879580
0.909581304 0.066779889 0.410124779 0.023563392 -0.063892752 0.997740865 -0.020758020 -0.049924113 -0.410584480 -0.007322894 0.911793172 3.033689260
0.894558012 0.063653447 0.442396015 0.032264017 -0.059453007 0.997957468 -0.023371071 -0.050496925 -0.442980081 -0.005394991 0.896515250 3.047034502
0.877258122 0.062644415 0.475913674 0.041816458 -0.056371767 0.998032153 -0.027459918 -0.051246297 -0.476697356 -0.002738660 0.879063189 3.060006618
0.857782483 0.064031035 0.510009110 0.052100033 -0.055157267 0.997947872 -0.032522362 -0.051766194 -0.511044919 -0.000233590 0.859553993 3.073385954
0.835812807 0.065347694 0.545111597 0.062659651 -0.054076809 0.997861803 -0.036707863 -0.052661844 -0.546344817 0.001203011 0.837559521 3.086536884
0.811146557 0.067447148 0.580940783 0.074752718 -0.054339178 0.997722507 -0.039963633 -0.053623602 -0.582313120 0.000848523 0.812964201 3.100283384
0.783767462 0.071451552 0.616930485 0.087274820 -0.057221085 0.997442544 -0.042826205 -0.054438319 -0.618412733 -0.001735644 0.785851598 3.113512516
0.753670871 0.075143889 0.652942300 0.101037353 -0.060092740 0.997160017 -0.045395035 -0.055464439 -0.654499114 -0.005024175 0.756046057 3.127485752
0.720581055 0.076000579 0.689192832 0.116973281 -0.059455801 0.997086346 -0.047789834 -0.056430623 -0.690816820 -0.006540060 0.723000228 3.141130447
0.683899999 0.073075779 0.725906849 0.134577096 -0.055003390 0.997303843 -0.048576396 -0.057414740 -0.727499425 -0.006705932 0.686075568 3.154985666
0.644692659 0.071342178 0.761105597 0.152405918 -0.051999573 0.997422159 -0.049447190 -0.059178349 -0.762671292 -0.007698925 0.646740496 3.167472839
0.602066576 0.070774458 0.795303047 0.172513664 -0.049614895 0.997455001 -0.051204216 -0.060293362 -0.796902955 -0.008630518 0.604045808 3.180646896
0.556124032 0.070207678 0.828128576 0.195073783 -0.045482140 0.997503281 -0.054023828 -0.061617963 -0.829853892 -0.007621110 0.557928741 3.193190098
0.507897735 0.068545170 0.858685911 0.217782736 -0.041825809 0.997615695 -0.054896098 -0.063605413 -0.860401332 -0.008033623 0.509553671 3.204421997
0.459123373 0.066562474 0.885875344 0.242706537 -0.039855633 0.997728348 -0.054310817 -0.064890079 -0.887478054 -0.010371755 0.460733294 3.215402365
0.409811676 0.063865960 0.909931719 0.267847061 -0.039244190 0.997856736 -0.052362561 -0.066821396 -0.911325693 -0.014250734 0.411439717 3.224600792
0.359062016 0.063342378 0.931161761 0.295355082 -0.041778352 0.997785032 -0.051764429 -0.068281241 -0.932378113 -0.020315766 0.360913038 3.234174967
0.309160769 0.062856428 0.948930323 0.322962284 -0.039671522 0.997797191 -0.053168386 -0.070564084 -0.950182021 -0.021207929 0.310973346 3.242027998
0.262371063 0.059623100 0.963123322 0.352054954 -0.028203899 0.998136699 -0.054107416 -0.072279617 -0.964554787 -0.012967611 0.263563812 3.247145891
0.218520284 0.053766787 0.974350095 0.382349730 -0.014676300 0.998549104 -0.051810648 -0.074165024 -0.975722075 -0.002978172 0.218992352 3.250883102
0.176181316 0.052505642 0.982956529 0.413529396 -0.005270856 0.998612404 -0.052397195 -0.076112151 -0.984343708 0.004050392 0.176213622 3.254430771
0.137714028 0.054064322 0.988995433 0.445137024 -0.001971754 0.998522162 -0.054310549 -0.077749372 -0.990470111 0.005529271 0.137617111 3.257227182
0.105043352 0.054812972 0.992955923 0.477762222 0.007152856 0.998412371 -0.055870868 -0.079829529 -0.994441926 0.012971334 0.104484499 3.258888006
0.076162815 0.053366940 0.995666206 0.511139631 0.014570992 0.998400450 -0.054628097 -0.081983149 -0.996988893 0.018668475 0.075263381 3.259842634
0.051138341 0.051817205 0.997346520 0.545456409 0.021713359 0.998359323 -0.052983172 -0.084014967 -0.998455644 0.024365218 0.049929321 3.260137081
0.031190574 0.050561003 0.998233914 0.580535173 0.026189325 0.998335481 -0.051384464 -0.086215511 -0.999170423 0.027745789 0.029814541 3.260245323
0.015351713 0.052445214 0.998505950 0.615979433 0.028758813 0.998187184 -0.052870639 -0.088103153 -0.999468625 0.029527502 0.013815582 3.259897470
0.001929998 0.052278101 0.998630702 0.652236700 0.029593864 0.998192191 -0.052312341 -0.090288848 -0.999560177 0.029654304 0.000379443 3.259490013
-0.009791255 0.053091306 0.998541713 0.689260244 0.030348863 0.998145282 -0.052772645 -0.092624851 -0.999491453 0.029787896 -0.011384368 3.258639574
-0.018825889 0.056267336 0.998238325 0.727134943 0.035453305 0.997824848 -0.055575419 -0.094730005 -0.999194145 0.034344591 -0.020779848 3.257364511
-0.025229454 0.058138337 0.997989655 0.765363216 0.039663289 0.997579634 -0.057111751 -0.097020589 -0.998894513 0.038142655 -0.027474403 3.255578756
-0.030076146 0.057538949 0.997890115 0.804445505 0.040168405 0.997604847 -0.056311838 -0.099346817 -0.998740196 0.038390011 -0.032315373 3.254428864
-0.033538580 0.054829448 0.997932494 0.844338655 0.037882820 0.997846246 -0.053551555 -0.101631038 -0.998719394 0.036008455 -0.035543442 3.253075123
-0.036340833 0.048135962 0.998179495 0.885419369 0.036151040 0.998248816 -0.046823151 -0.103817604 -0.998685360 0.034383636 -0.038017392 3.251996994
-0.037263513 0.042581931 0.998397887 0.926265717 0.037255824 0.998456359 -0.041193921 -0.105996937 -0.998610795 0.035661109 -0.038792372 3.250134230
-0.037831903 0.039860342 0.998488963 0.968649626 0.039675970 0.998476148 -0.038356554 -0.108480036 -0.998496294 0.038164917 -0.039355755 3.248028994
-0.037199259 0.041869771 0.998430490 1.010996103 0.042746376 0.998274028 -0.040270589 -0.111259364 -0.998393357 0.041181248 -0.038924813 3.245841026
-0.036867261 0.049480222 0.998094559 1.053744555 0.043614008 0.997901440 -0.047859661 -0.113277778 -0.998368084 0.041766450 -0.038947940 3.244447947
-0.034610510 0.057396732 0.997751355 1.096640348 0.044122912 0.997463763 -0.055849634 -0.115758345 -0.998426437 0.042090714 -0.037055254 3.243002892
-0.032521725 0.058396790 0.997763515 1.140907288 0.045095239 0.997360706 -0.056903351 -0.117850199 -0.998453140 0.043143790 -0.035069227 3.241420746
-0.030482173 0.053978715 0.998076737 1.185379982 0.044353161 0.997630239 -0.052599985 -0.120590836 -0.998550773 0.042664502 -0.032804012 3.240236759
-0.027560234 0.047455441 0.998493195 1.230501652 0.043885808 0.997966826 -0.046219114 -0.123504654 -0.998656452 0.042545874 -0.029586792 3.238323212
-0.025013089 0.045437396 0.998654068 1.275133133 0.042080939 0.998128951 -0.044359516 -0.126731098 -0.998801172 0.040914733 -0.026878357 3.237853050
-0.021362305 0.051328178 0.998453438 1.319869041 0.049708802 0.997500598 -0.050215669 -0.129232764 -0.998535395 0.048559204 -0.023860335 3.235699654
-0.017940521 0.057170741 0.998203337 1.364128351 0.051398262 0.997096598 -0.056183595 -0.131657094 -0.998517215 0.050297953 -0.020826936 3.234674454
-0.015743256 0.057378553 0.998228371 1.409011245 0.045739681 0.997348249 -0.056606594 -0.134643406 -0.998829365 0.044767477 -0.018326044 3.234531403
-0.012256384 0.053915359 0.998470426 1.453652620 0.041224502 0.997723579 -0.053369008 -0.137418598 -0.999074817 0.040507335 -0.014451027 3.234376431
-0.007997990 0.050001062 0.998717189 1.499251604 0.045141213 0.997748971 -0.049591087 -0.140979007 -0.998948634 0.044686671 -0.010237098 3.233890057
-0.004150152 0.050916065 0.998694301 1.544203401 0.049567621 0.997485757 -0.050648466 -0.144061446 -0.998762131 0.049292706 -0.006663442 3.232906818
-0.001188636 0.055917334 0.998434901 1.589349389 0.049472388 0.997216105 -0.055790201 -0.146667570 -0.998774946 0.049328644 -0.003951788 3.232581377
0.002324224 0.056718588 0.998387516 1.634410858 0.045595407 0.997345865 -0.056765556 -0.149499193 -0.998957336 0.045653824 -0.000268102 3.233196974
0.006038368 0.056131072 0.998405159 1.679342985 0.045099027 0.997392178 -0.056346882 -0.152685761 -0.998964250 0.045367341 0.003491163 3.233347416
0.009550333 0.053112037 0.998542905 1.724213123 0.048996307 0.997364104 -0.053517953 -0.155824840 -0.998753309 0.049436029 0.006922901 3.233534336
0.013295889 0.053380139 0.998485804 1.769643664 0.053614549 0.997099459 -0.054019962 -0.159140795 -0.998473287 0.054251608 0.010395348 3.233471394
0.016439974 0.054214794 0.998394012 1.814008832 0.056656260 0.996874034 -0.055065196 -0.162151635 -0.998258471 0.057470545 0.013316989 3.234530687
0.019480467 0.054148637 0.998342872 1.860226512 0.057106085 0.996841967 -0.055181529 -0.165293142 -0.998178065 0.058086414 0.016326725 3.234667540
0.022884011 0.052560017 0.998355627 1.905204654 0.058662139 0.996825814 -0.053824127 -0.168580621 -0.998015642 0.059797388 0.019728065 3.235750675
0.027007401 0.051553156 0.998305142 1.951039910 0.060071688 0.996780753 -0.053099584 -0.171573892 -0.997828782 0.061403953 0.023823559 3.236216068
0.030079544 0.052287601 0.998179078 1.996664882 0.058735691 0.996812761 -0.053986005 -0.174032822 -0.997820437 0.060252611 0.026912510 3.236944199
0.032795966 0.053848896 0.998010397 2.042398930 0.055666562 0.996899128 -0.055618215 -0.177312270 -0.997910678 0.057379857 0.029696643 3.239346981
0.035099983 0.053833306 0.997932911 2.087704659 0.056799635 0.996826649 -0.055771433 -0.180460930 -0.997768462 0.058639802 0.031930923 3.241321802
0.038060129 0.053568576 0.997838736 2.134315968 0.055070248 0.996932089 -0.055620439 -0.183474854 -0.997757018 0.057068147 0.034993351 3.242782354
0.040281117 0.054218691 0.997716427 2.180359840 0.053647649 0.996969044 -0.056344025 -0.186267719 -0.997747302 0.055794738 0.037250280 3.245002985
0.043188512 0.053915087 0.997611105 2.226705551 0.050390046 0.997154355 -0.056071885 -0.189821512 -0.997795403 0.052691333 0.040348828 3.246839285
0.046770394 0.056162190 0.997325659 2.273304701 0.048992973 0.997087598 -0.058446359 -0.192750067 -0.997703552 0.051595509 0.043882668 3.248785496
0.049807012 0.059604812 0.996978700 2.319853306 0.047774497 0.996932805 -0.061988786 -0.196119770 -0.997615576 0.050717633 0.046806693 3.251493931
0.053409815 0.061800167 0.996658504 2.366609573 0.047749154 0.996783316 -0.064366728 -0.199609652 -0.997430444 0.051027417 0.050287068 3.253650665
0.056222916 0.063909359 0.996370733 2.413547516 0.041855562 0.996921062 -0.066306472 -0.202967763 -0.997540534 0.045431599 0.053374827 3.256813288
0.059468150 0.062835678 0.996250629 2.460896969 0.038297310 0.997138500 -0.065177724 -0.206562489 -0.997495294 0.042029716 0.056891561 3.259432077
0.062363863 0.063551679 0.996028125 2.508738041 0.040241372 0.996999025 -0.066133253 -0.210311711 -0.997241914 0.044205870 0.059619308 3.262912035
0.066673279 0.064842738 0.995665729 2.556551933 0.039539818 0.996930540 -0.067572847 -0.213967592 -0.996991158 0.043873750 0.063904762 3.265697241
0.069657505 0.065665416 0.995407343 2.604446411 0.035363667 0.997041464 -0.068247922 -0.217742071 -0.996943891 0.039955232 0.067129254 3.270096540
0.074080706 0.064048976 0.995193362 2.653103590 0.034545641 0.997171640 -0.066747829 -0.221181899 -0.996653736 0.039324317 0.071658552 3.273711205
0.078759491 0.063695095 0.994856775 2.701733351 0.034708206 0.997176468 -0.066591345 -0.225375742 -0.996289313 0.039774392 0.076326370 3.277507067
0.083331347 0.067102842 0.994260192 2.750291109 0.031115493 0.997068584 -0.069900259 -0.229514077 -0.996036112 0.036761779 0.080999136 3.282291174
0.089563072 0.075981244 0.993078768 2.798575640 0.028957123 0.996465683 -0.078851953 -0.233233929 -0.995560229 0.035818931 0.087046325 3.286831379
0.096933007 0.080703884 0.992013574 2.847331047 0.027145391 0.996122003 -0.083690591 -0.237620488 -0.994920671 0.035040978 0.094366372 3.291746616
0.103981435 0.083509564 0.991067111 2.896577120 0.022940917 0.996002257 -0.086332336 -0.242238626 -0.994314611 0.031712949 0.101649940 3.297502756
0.111566126 0.082146220 0.990356147 2.946082830 0.019517718 0.996204257 -0.084830038 -0.246564955 -0.993565500 0.028793661 0.109539330 3.303047657
0.119277000 0.079948589 0.989636898 2.995281219 0.019314202 0.996377289 -0.082820974 -0.251655966 -0.992673099 0.028992683 0.117300749 3.308827877
0.125991821 0.076410487 0.989084184 3.044874191 0.018989986 0.996660769 -0.079414792 -0.256043851 -0.991849482 0.028788304 0.124120057 3.315978527
0.133597910 0.071191020 0.988475382 3.094541311 0.016201187 0.997126341 -0.074003763 -0.260612994 -0.990903258 0.025901224 0.132060587 3.322687864
0.141254067 0.063606031 0.987927973 3.144304276 0.013460269 0.997718155 -0.066160917 -0.265019625 -0.989881933 0.022643277 0.140075624 3.329579830
0.148304343 0.060915805 0.987063825 3.193527699 0.013697861 0.997878850 -0.063641317 -0.269259036 -0.988846898 0.022958949 0.147155344 3.337657928
0.155534983 0.062451776 0.985854387 3.242401123 0.013986078 0.997760296 -0.065412536 -0.273559302 -0.987731457 0.023962179 0.154313207 3.345571041
0.161273539 0.069510192 0.984458923 3.289702415 0.013875188 0.997258306 -0.072686955 -0.277266562 -0.986812294 0.025382040 0.159866869 3.353407383
0.166794777 0.072986372 0.983286619 3.337401867 0.012760400 0.997013211 -0.076169804 -0.281328350 -0.985909104 0.025251858 0.165365219 3.361535072
0.171290517 0.076146245 0.982273519 3.384149075 0.010498413 0.996811092 -0.079103932 -0.285808802 -0.985164642 0.023862064 0.169944823 3.370115280
0.176503122 0.075423576 0.981406093 3.431102753 0.008177032 0.996913075 -0.078085944 -0.290434062 -0.984266102 0.021807401 0.175341547 3.379114389
0.181791008 0.072420590 0.980666816 3.477092266 0.012299038 0.997038841 -0.075909570 -0.294581294 -0.983260334 0.025860939 0.180361986 3.387140036
0.186616778 0.065450311 0.980250239 3.523270130 0.013024220 0.997525871 -0.069083296 -0.298743337 -0.982346475 0.025659103 0.185302675 3.395581961
0.189676821 0.059704445 0.980029643 3.568579912 0.011245594 0.997951865 -0.062972784 -0.302379966 -0.981782138 0.022965495 0.188616931 3.404838085
0.193158090 0.056258991 0.979553342 3.613591194 0.008105591 0.998229206 -0.058929946 -0.305967093 -0.981134117 0.019322656 0.192360044 3.414010525
0.196023941 0.056325067 0.978980243 3.657616138 0.005666035 0.998267293 -0.058569267 -0.309715807 -0.980582833 0.017027920 0.195365131 3.423267841
0.198159993 0.058276597 0.978435814 3.701405048 0.003987019 0.998174787 -0.060259756 -0.313104630 -0.980161667 0.015842119 0.197565973 3.432540894
0.199699998 0.062755704 0.977845490 3.744489670 -0.000133228 0.997948706 -0.064018674 -0.316345692 -0.979857147 0.012654253 0.199298680 3.441663504
0.201710105 0.066627212 0.977176487 3.786752939 -0.001050698 0.997697711 -0.067809537 -0.320359290 -0.979444742 0.012651152 0.201315701 3.450638533
0.203510344 0.072301872 0.976399601 3.828654528 -0.001990021 0.997298062 -0.073434621 -0.323809505 -0.979070842 0.013001658 0.203104377 3.459791899
0.205520809 0.074117385 0.975842118 3.870382309 -0.000787409 0.997140229 -0.075569190 -0.327414215 -0.978652477 0.014762657 0.204991460 3.468300343
0.206573248 0.073955640 0.975632191 3.910832882 -0.002982809 0.997182250 -0.074957639 -0.331215918 -0.978426635 0.012574125 0.206211805 3.477798462
0.206941664 0.071106918 0.975765884 3.951224804 -0.002772797 0.997393906 -0.072094962 -0.334800422 -0.978349388 0.012213849 0.206599534 3.486577511
0.207948625 0.068441175 0.975742340 3.991291285 -0.002691941 0.997585297 -0.069399595 -0.338474095 -0.978136003 0.011804910 0.207630694 3.494952679
0.207829714 0.067671910 0.975821435 4.030717373 -0.001346430 0.997622848 -0.068897054 -0.341387779 -0.978164196 0.013004984 0.207426786 3.503341198
0.205958486 0.066566706 0.976293981 4.069142342 -0.002390976 0.997714877 -0.067522854 -0.345349669 -0.978557825 0.011572608 0.205646992 3.512089252
0.204438627 0.067445837 0.976553202 4.107275963 -0.003315173 0.997665465 -0.068209954 -0.348618180 -0.978873909 0.010707312 0.204184949 3.519982576
0.202249229 0.070276141 0.976809382 4.144458771 -0.004072725 0.997473717 -0.070919566 -0.352067858 -0.979325652 0.010365151 0.202024519 3.527860641
0.200283468 0.074226506 0.976922274 4.181350708 -0.002098322 0.997156143 -0.075333700 -0.355357766 -0.979735851 0.013038204 0.199869633 3.535126448
0.197962999 0.074681245 0.977360427 4.217427254 -0.000025986 0.997093797 -0.076183833 -0.358582735 -0.980209529 0.015056184 0.197389603 3.542540550
0.195643187 0.073586039 0.977910340 4.253407478 -0.000302080 0.997185290 -0.074975997 -0.361414731 -0.980675042 0.014373133 0.195114791 3.549975395
0.193502426 0.070792653 0.978542447 4.288979053 -0.000819598 0.997404635 -0.071995169 -0.364645422 -0.981099546 0.013129232 0.193058193 3.556542873
0.191468954 0.066751458 0.979226232 4.323815346 -0.000810932 0.997695088 -0.067851879 -0.368176043 -0.981498420 0.012197442 0.191081762 3.563244820
0.189694405 0.065518782 0.979654849 4.357620716 0.002587096 0.997734249 -0.067228884 -0.371533066 -0.981839895 0.015287410 0.189095080 3.569115162
0.187890291 0.067306042 0.979881167 4.391903877 0.006577268 0.997540712 -0.069780216 -0.374214321 -0.982168019 0.019555969 0.186985493 3.575412273
0.185624003 0.069319107 0.980172753 4.425093651 0.010821027 0.997303903 -0.072579920 -0.376921684 -0.982561290 0.024079056 0.184373438 3.581050396
0.183777213 0.070931017 0.980405509 4.458333969 0.010015460 0.997206151 -0.074023932 -0.379991114 -0.982917011 0.023423130 0.182553351 3.587500572
0.182875335 0.073750354 0.980366170 4.491564751 0.009838099 0.996995151 -0.076836504 -0.382625103 -0.983087063 0.023696449 0.181600273 3.593331337
0.181525230 0.072051525 0.980743170 4.524733543 0.011485522 0.997088850 -0.075378232 -0.385745168 -0.983319223 0.024947399 0.180169225 3.599398613
0.181958556 0.070377812 0.980784535 4.557825089 0.017800787 0.997036159 -0.074846447 -0.388593495 -0.983145177 0.031077690 0.180166483 3.605166435
0.184280515 0.068975382 0.980450511 4.591816425 0.022489848 0.996977448 -0.074365146 -0.391207099 -0.982616425 0.035754234 0.182172298 3.610900879
0.186162591 0.068560131 0.980124056 4.625393867 0.025145747 0.996903181 -0.074509978 -0.393924206 -0.982197165 0.038516924 0.183862090 3.617026329
0.189752221 0.068113334 0.979466617 4.658953190 0.022535216 0.997025788 -0.073700190 -0.397113472 -0.981573462 0.036057267 0.187652886 3.623653889
0.195222318 0.069003582 0.978328645 4.692722321 0.020944702 0.997001052 -0.074500047 -0.400140285 -0.980535448 0.035034876 0.193191588 3.630428791
0.201423824 0.067652829 0.977165163 4.726694107 0.022403847 0.997032702 -0.073646463 -0.402810335 -0.979248047 0.036726419 0.199310482 3.637933731
0.209415317 0.067759693 0.975476265 4.760962486 0.020515110 0.997072101 -0.073664002 -0.405688167 -0.977611601 0.035438377 0.207412064 3.645247459
0.217424214 0.065935813 0.973847628 4.796105385 0.020998821 0.997168899 -0.072203077 -0.408355564 -0.975851297 0.036148351 0.215424061 3.653760433
0.226379097 0.065695412 0.971821249 4.830675125 0.017425569 0.997290075 -0.071476273 -0.411466628 -0.973883390 0.033115271 0.224620819 3.662314892
0.236142814 0.065826289 0.969486237 4.866479397 0.016039273 0.997302890 -0.071621761 -0.414213836 -0.971586049 0.032462820 0.234450102 3.671452045
0.245522439 0.069135487 0.966922462 4.902735710 0.010405835 0.997208178 -0.073943205 -0.417889118 -0.969335079 0.028216353 0.244117558 3.681573391
0.254802763 0.071360871 0.964356422 4.938734531 0.007048279 0.997109771 -0.075646870 -0.420924962 -0.966967463 0.026072090 0.253563344 3.691944599
0.265614569 0.074256212 0.961215377 4.975800037 0.002891456 0.996963501 -0.077816844 -0.423873961 -0.964075029 0.023448601 0.264593303 3.702722073
0.276155055 0.075876690 0.958113372 5.013236523 0.001493484 0.996843755 -0.079374366 -0.427353054 -0.961111963 0.023350563 0.275170088 3.713878632
0.285643339 0.076700442 0.955261707 5.050622940 -0.001641565 0.996829748 -0.079547189 -0.430771410 -0.958334565 0.021153999 0.284863710 3.725837231
0.296012640 0.076986894 0.952076495 5.088921547 -0.002054208 0.996795595 -0.079964302 -0.433910608 -0.955181897 0.021714687 0.295222223 3.738259792
0.306020498 0.078063138 0.948819041 5.127951622 -0.006812799 0.996786654 -0.079812311 -0.437490880 -0.952000558 0.017960086 0.305568993 3.751788616
0.316606402 0.073355019 0.945716321 5.167836666 -0.006671535 0.997152865 -0.075111225 -0.440814018 -0.948533535 0.017471317 0.316194355 3.765454769
0.327460051 0.066241950 0.942540169 5.208219051 -0.002633155 0.997599542 -0.069196716 -0.444228351 -0.944861352 0.020177308 0.326848447 3.779336929
0.338201821 0.061913364 0.939034820 5.248849869 -0.001507225 0.997867823 -0.065249562 -0.447680086 -0.941072464 0.020652188 0.337574065 3.794171333
0.348512113 0.058651738 0.935467422 5.291015625 -0.002081335 0.998086214 -0.061802391 -0.451238841 -0.937301993 0.019591864 0.347967207 3.810437202
0.358507872 0.056096874 0.931839764 5.333741665 0.003846492 0.998095632 -0.061565354 -0.454421878 -0.933518827 0.025655983 0.357609391 3.826050282
0.366668820 0.051132113 0.928945363 5.376180172 0.010590655 0.998194456 -0.059124094 -0.456887603 -0.930291235 0.031517100 0.365465283 3.842912674
0.374098122 0.041636385 0.926454008 5.420928955 0.020365721 0.998381913 -0.053092536 -0.459880114 -0.927165449 0.038729724 0.372644842 3.859601498
0.380906880 0.037392594 0.923857033 5.463705063 0.025186181 0.998391509 -0.050793618 -0.463117450 -0.924270332 0.042616066 0.379352450 3.877361298
0.388142109 0.037240751 0.920846879 5.507333279 0.026988843 0.998295367 -0.051748864 -0.466534227 -0.921204329 0.044938505 0.386475384 3.895592213
0.395928264 0.043696780 0.917241275 5.551572800 0.029538203 0.997744262 -0.060282093 -0.469272941 -0.917806327 0.050961044 0.393744409 3.914124012
0.403409362 0.047775012 0.913771629 5.595075607 0.033486109 0.997196257 -0.066920087 -0.472605884 -0.914406776 0.057594847 0.400678456 3.932293892
0.408492446 0.050224800 0.911378860 5.639030457 0.031263482 0.997129202 -0.068963103 -0.476141810 -0.912226140 0.056663781 0.405749559 3.952509880
0.412681282 0.051833820 0.909399569 5.681808472 0.024128197 0.997407198 -0.067799337 -0.480033576 -0.910555959 0.049921688 0.410360634 3.972795010
0.416897476 0.055038124 0.907285631 5.724612713 0.017913207 0.997473776 -0.068740264 -0.484364480 -0.908776939 0.044910040 0.414858401 3.993006229
0.420992613 0.058297653 0.905188859 5.766482353 0.016956007 0.997252345 -0.072112948 -0.488249362 -0.906905711 0.045707405 0.418847322 4.012521744
0.425160527 0.061741907 0.903009713 5.807421207 0.014139946 0.997095883 -0.074832365 -0.492624611 -0.905007541 0.044584282 0.423052788 4.031987667
0.428606272 0.065393150 0.901121855 5.848813534 0.010522674 0.996948302 -0.077352121 -0.496348441 -0.903430164 0.042635825 0.426610172 4.052173138
0.432502091 0.063898727 0.899365842 5.889461040 0.009329690 0.997115016 -0.075330295 -0.500413358 -0.901584625 0.040971313 0.430658162 4.071935654
0.436475456 0.060837477 0.897656918 5.929735184 0.010307238 0.997307658 -0.072602950 -0.504342258 -0.899657130 0.040941771 0.434673250 4.091570377
0.440197110 0.058079928 0.896020770 5.969275475 0.010056556 0.997524321 -0.069599949 -0.508218110 -0.897844851 0.039648578 0.438523233 4.110783100
0.443555117 0.057085156 0.894427240 6.007997513 0.008920550 0.997638881 -0.068096235 -0.512210786 -0.896202683 0.038183216 0.441998601 4.130592823
0.447112679 0.058898885 0.892536402 6.046106339 0.006924691 0.997571886 -0.069299124 -0.515761077 -0.894450843 0.037165053 0.445619166 4.149753571
0.449906349 0.059531942 0.891089380 6.083565712 0.007842562 0.997473955 -0.070598960 -0.519202828 -0.893041313 0.038751341 0.448302984 4.168632984
0.451960325 0.057841618 0.890160799 6.120624542 0.009568219 0.997523785 -0.069676004 -0.522862613 -0.891986728 0.040008046 0.450287700 4.187429905
0.453565896 0.056718893 0.889416099 6.157121181 0.011430338 0.997520506 -0.069441818 -0.526439190 -0.891149461 0.041662764 0.451792955 4.206117630
0.455783725 0.056596413 0.888289452 6.193107605 0.010041917 0.997585952 -0.068712667 -0.529958010 -0.890033960 0.040238246 0.454115093 4.224513531
0.457267106 0.056032870 0.887562513 6.228250980 0.011594582 0.997552752 -0.068950154 -0.533314168 -0.889253914 0.041819558 0.455498397 4.242921352
0.459919631 0.057756774 0.886080265 6.262470245 0.011098286 0.997430563 -0.070775412 -0.536625862 -0.887891293 0.042384978 0.458096862 4.260624886
0.462970257 0.057548098 0.884503663 6.297350883 0.014204248 0.997280300 -0.072320484 -0.540078700 -0.886259973 0.046045944 0.460893691 4.278439999
0.466223896 0.057056829 0.882824898 6.330747604 0.015555548 0.997235000 -0.072666094 -0.543514252 -0.884530008 0.047611494 0.464047194 4.295394897
0.469338119 0.055338196 0.881282926 6.364040852 0.018534832 0.997197092 -0.072487727 -0.546841621 -0.882824063 0.050355680 0.466996908 4.312916756
0.472422421 0.054359946 0.879694283 6.396658897 0.020470062 0.997150242 -0.072611079 -0.549811482 -0.881134510 0.052310500 0.469963431 4.330835342
0.476110339 0.054049380 0.877722919 6.428523540 0.021189474 0.997114480 -0.072895378 -0.552947640 -0.879130185 0.053304732 0.473591268 4.347352982
0.479225218 0.053294171 0.876072526 6.459890366 0.021919912 0.997116745 -0.072648197 -0.556226552 -0.877418280 0.054018281 0.476675272 4.364916325
0.482587934 0.052956298 0.874245226 6.491344929 0.023132449 0.997051597 -0.073164381 -0.559376001 -0.875542104 0.055531681 0.479940057 4.382335186
0.486646175 0.054205019 0.871915996 6.522421837 0.023012822 0.996931374 -0.074821189 -0.562277853 -0.873296082 0.056476694 0.483905435 4.399846077
0.491147995 0.054614022 0.869362414 6.553174973 0.024449781 0.996775031 -0.076431140 -0.565618575 -0.870732963 0.058794722 0.488228798 4.416570663
0.495720446 0.057945367 0.866546988 6.583160400 0.022470850 0.996581912 -0.079495490 -0.568834245 -0.868191481 0.058879588 0.492724001 4.434324265
0.501244903 0.063665718 0.862960100 6.613027573 0.018671848 0.996261597 -0.084345579 -0.572420537 -0.865103960 0.058390848 0.498182297 4.451813221
0.507289112 0.070796683 0.858862936 6.642712116 0.013175753 0.995866120 -0.089872241 -0.575715780 -0.861675203 0.056907374 0.504259229 4.469755173
0.513092279 0.077205174 0.854854226 6.672249317 0.008190461 0.995460749 -0.094819888 -0.579005480 -0.858294427 0.055653006 0.510130882 4.488376617
0.519603372 0.081649713 0.850497365 6.701669216 0.004490061 0.995148718 -0.098279744 -0.582541347 -0.854395866 0.054885276 0.516716003 4.506860256
0.525161028 0.082243919 0.847019434 6.732514381 0.000381750 0.995296180 -0.096877992 -0.585756481 -0.851002812 0.051199894 0.522659302 4.526717186
0.530617833 0.081503011 0.843683660 6.762449265 -0.005573997 0.995680273 -0.092680812 -0.588967860 -0.847592950 0.044475403 0.528779984 4.546195030
0.536011457 0.078894101 0.840516150 6.793493271 -0.012323024 0.996248782 -0.085653171 -0.593414545 -0.844120741 0.035553377 0.534973025 4.567856789
0.541967750 0.077859655 0.836784780 6.824298382 -0.019178210 0.996585667 -0.080307193 -0.596370757 -0.840180397 0.027475877 0.541610479 4.588529587
0.548000813 0.075710468 0.833044469 6.856122971 -0.021787809 0.996849477 -0.076265082 -0.600166857 -0.836194038 0.023643117 0.547923923 4.610285282
0.554435492 0.079275087 0.828442395 6.887691021 -0.026854530 0.996638596 -0.077397667 -0.603362262 -0.831793368 0.020664591 0.554700732 4.631907940
0.559891343 0.083357371 0.824362338 6.919873714 -0.030974185 0.996336758 -0.079709895 -0.607011795 -0.827986896 0.019094927 0.560422182 4.655945778
0.565623403 0.086838171 0.820078909 6.952579975 -0.033871029 0.996047556 -0.082110025 -0.610244632 -0.823967874 0.018666441 0.566329062 4.680234432
0.572266817 0.088952266 0.815228939 6.985948563 -0.036200710 0.995870888 -0.083250858 -0.613892436 -0.819268107 0.018129831 0.573123932 4.703115463
0.578629911 0.089981504 0.810611367 7.019521713 -0.039415486 0.995819211 -0.082404874 -0.617340207 -0.814637244 0.015731281 0.579757452 4.727786064
0.584864736 0.091885306 0.805909693 7.053625584 -0.045081750 0.995709598 -0.080808513 -0.621293664 -0.809877157 0.010930242 0.586497784 4.753956795
0.591916203 0.090272859 0.800928295 7.088491440 -0.045419298 0.995864928 -0.078677654 -0.624600887 -0.804718852 0.010192984 0.593568683 4.780442715
0.599230170 0.088186786 0.795704901 7.124042034 -0.046219934 0.996067584 -0.075585328 -0.628720939 -0.799241483 0.008515581 0.600949764 4.808024406
