0.997999132 0.006198834 0.062923461 0.002796808 -0.006249577 0.999980271 0.000609640 -0.000148577 -0.062918440 -0.001001665 0.998018146 0.023626039
0.995316803 0.006080340 0.096475132 0.004960936 -0.006372245 0.999975979 0.002717894 -0.000213321 -0.096456297 -0.003319929 0.995331705 0.032959647
0.990984976 0.003004934 0.133939520 0.008093999 -0.003700189 0.999980927 0.004942197 -0.000473451 -0.133922115 -0.005393244 0.990977168 0.042931721
0.984926939 -0.000101299 0.172970980 0.011886192 -0.000857065 0.999984682 0.005465910 -0.000584934 -0.172968894 -0.005531769 0.984911740 0.053599074
0.976333439 0.000114265 0.216270596 0.016490636 -0.001532283 0.999978423 0.006389018 -0.000499794 -0.216265187 -0.006569199 0.976312578 0.065784410
0.964599252 0.000024386 0.263720065 0.021134935 -0.002486524 0.999956369 0.009002402 -0.000229328 -0.263708353 -0.009339457 0.964557230 0.077259280
0.950341344 -0.003593001 0.311188787 0.027611395 -0.001619622 0.999862731 0.016490640 -0.000867012 -0.311205298 -0.016175745 0.950205028 0.090587683
0.933915973 -0.013098069 0.357252628 0.035336412 0.004816591 0.999698877 0.024060942 -0.000903584 -0.357460201 -0.020750158 0.933697820 0.102671295
0.913094342 -0.017795069 0.407359868 0.044363171 0.006814361 0.999573648 0.028390938 -0.001110751 -0.407691419 -0.023147708 0.912826300 0.116131291
0.888381004 -0.019920843 0.458674580 0.053438395 0.005913520 0.999471843 0.031954817 -0.000580044 -0.459068865 -0.025675671 0.888029575 0.129019126
0.860664010 -0.022240054 0.508687317 0.064197719 0.004239447 0.999324024 0.036518071 -0.000440376 -0.509155631 -0.029273236 0.860176504 0.142562568
0.829349756 -0.026899671 0.558081865 0.076466896 0.004973003 0.999156237 0.040769316 -0.000168548 -0.558707654 -0.031036679 0.828783751 0.155765817
0.794206381 -0.032718126 0.606766641 0.090503775 0.007480159 0.999000132 0.044077277 -0.000173445 -0.607602060 -0.030467743 0.793657005 0.169459879
0.757226110 -0.036849476 0.652112484 0.105718315 0.008399132 0.998874068 0.046691243 0.000156267 -0.653098822 -0.029878650 0.756683052 0.182644024
0.718041837 -0.039859124 0.694857657 0.122000925 0.009094143 0.998810887 0.047897227 0.000634244 -0.695940554 -0.028073078 0.717550516 0.196302772
0.677082181 -0.041732211 0.734723151 0.140667379 0.008437172 0.998765349 0.048954532 0.001383433 -0.735859036 -0.026947258 0.676598370 0.210374951
0.635439277 -0.041383043 0.771041095 0.161307916 0.002966481 0.998686254 0.051156357 0.002303115 -0.772145152 -0.030219480 0.634727240 0.225182444
0.594281673 -0.041921940 0.803163648 0.184256405 -0.000352681 0.998626888 0.052385300 0.003200950 -0.804256916 -0.031414885 0.593450844 0.240519702
0.554988980 -0.043094162 0.830740750 0.209343523 -0.002204400 0.998577535 0.053273275 0.004372254 -0.831854820 -0.031397361 0.554104447 0.255456328
0.517306805 -0.045374401 0.854596317 0.237139449 -0.003945563 0.998456419 0.055400930 0.005147593 -0.855790973 -0.032031145 0.516329288 0.270237923
0.480458617 -0.045017168 0.875861287 0.266640961 -0.007070204 0.998450458 0.055196356 0.006455355 -0.876988888 -0.032712083 0.479395866 0.285575926
0.444800854 -0.044199578 0.894538283 0.298918992 -0.007882391 0.998549640 0.053258285 0.008138353 -0.895594895 -0.030740434 0.443807304 0.299919069
0.412087917 -0.043045796 0.910126686 0.333694309 -0.006721010 0.998712599 0.050278742 0.009378779 -0.911119282 -0.026836231 0.411268055 0.314066887
0.383130312 -0.041324295 0.922769487 0.370434046 -0.004442107 0.998904765 0.046578202 0.011189794 -0.923683643 -0.021944564 0.382527173 0.328019649
0.358391941 -0.039493069 0.932735622 0.410028785 -0.003442285 0.999042153 0.043623220 0.012865776 -0.933564961 -0.018844955 0.357912719 0.342123330
0.338718593 -0.039146937 0.940073073 0.451374769 -0.002260566 0.999097347 0.042419363 0.014315049 -0.940885127 -0.016493326 0.338324368 0.356396765
0.324356914 -0.039511766 0.945109189 0.494366050 -0.001048197 0.999111652 0.042129155 0.016156537 -0.945934176 -0.014655543 0.324027359 0.371065557
0.313367486 -0.040965952 0.948747933 0.539531827 -0.000224419 0.999065876 0.043212753 0.017557982 -0.949631929 -0.013754389 0.313065529 0.385617256
0.303164124 -0.043059755 0.951964974 0.587048233 -0.001011768 0.998963475 0.045507822 0.019270884 -0.952937782 -0.014759507 0.302806318 0.400296390
0.292548060 -0.044506714 0.955214560 0.636562288 -0.002333359 0.998880088 0.047255866 0.021292340 -0.956247985 -0.016053470 0.292116582 0.416279614
0.283101559 -0.046140634 0.957979381 0.688412011 -0.003553583 0.998784781 0.049156159 0.023363274 -0.959083319 -0.017320443 0.282593608 0.431380391
0.273218274 -0.048367228 0.960735321 0.740451992 -0.004217383 0.998665333 0.051476132 0.024952095 -0.961942792 -0.018116008 0.272649646 0.446837723
0.262904525 -0.049502235 0.963551104 0.796528220 -0.004678373 0.998605788 0.052579653 0.027439218 -0.964810491 -0.018331282 0.262306392 0.462631404
0.252870619 -0.050727922 0.966169357 0.852914214 -0.004835679 0.998545766 0.053693444 0.029747019 -0.967488050 -0.018249582 0.252257586 0.477608144
0.242751718 -0.053111032 0.968633473 0.910513163 -0.006055772 0.998397768 0.056260686 0.032621015 -0.970069528 -0.019523203 0.242041171 0.492430449
0.231532991 -0.056793414 0.971167982 0.968768120 -0.007527543 0.998159945 0.060166519 0.035022259 -0.972798049 -0.021241046 0.230679452 0.507057250
0.219837904 -0.060670201 0.973648071 1.027753353 -0.008373741 0.997910082 0.064072721 0.037504565 -0.975500584 -0.022238694 0.218870461 0.520465195
0.207210958 -0.062812246 0.976277769 1.087736130 -0.009187498 0.997767746 0.066144891 0.040229928 -0.978253186 -0.022675499 0.206171334 0.533568680
0.193445683 -0.063219473 0.979072034 1.147703648 -0.009772670 0.997748137 0.066356294 0.043041691 -0.981062353 -0.022404484 0.192392230 0.545822024
0.179356217 -0.062256631 0.981812418 1.208543897 -0.011036019 0.997805536 0.065286808 0.045649782 -0.983722389 -0.022544898 0.178275526 0.557339668
0.162814081 -0.061067764 0.984765172 1.269725323 -0.011434901 0.997898936 0.063772790 0.048672538 -0.986590564 -0.021643806 0.161773741 0.568191409
0.142926693 -0.059394315 0.987949550 1.330869675 -0.013943695 0.997977853 0.062014438 0.051439464 -0.989635050 -0.022639185 0.141809464 0.577213287
0.117738903 -0.058223076 0.991336286 1.392244101 -0.018474840 0.997978508 0.060807407 0.053572856 -0.992872715 -0.025474178 0.116425276 0.585118771
0.087966204 -0.057794079 0.994445443 1.454909921 -0.022221008 0.997953176 0.059963547 0.055816147 -0.995875537 -0.027372343 0.086501896 0.591317892
0.055280864 -0.057598423 0.996808112 1.517369747 -0.025275150 0.997934103 0.059065193 0.058344305 -0.998150885 -0.028459650 0.053710878 0.595028162
0.021105349 -0.057333995 0.998131931 1.582053185 -0.026755642 0.997964382 0.057890113 0.060381979 -0.999419153 -0.027927453 0.019528389 0.596890092
-0.011824489 -0.055798568 0.998372138 1.645165920 -0.027983718 0.998069227 0.055450216 0.062822536 -0.999538541 -0.027282499 -0.013363123 0.595558286
-0.044326425 -0.053832386 0.997565687 1.710452795 -0.029550551 0.998180866 0.052552514 0.065008953 -0.998579979 -0.027149148 -0.045836568 0.593366265
-0.076095104 -0.050662864 0.995812654 1.775135279 -0.030930739 0.998347640 0.048428260 0.067152150 -0.996620715 -0.027116070 -0.077536464 0.588464856
-0.108146310 -0.046730559 0.993036091 1.839196324 -0.029608812 0.998602867 0.043767981 0.068293802 -0.993694007 -0.024669273 -0.109378934 0.581603050
-0.139212608 -0.040900473 0.989417553 1.902837276 -0.023621965 0.998999536 0.037972927 0.069591060 -0.989980817 -0.018085677 -0.140039444 0.571871996
-0.169500828 -0.034949452 0.984910190 1.967711687 -0.017678365 0.999318004 0.032418307 0.070622750 -0.985371530 -0.011916674 -0.170003057 0.560588837
-0.197840929 -0.029699191 0.979784131 2.031353712 -0.011424185 0.999542892 0.027991312 0.070891246 -0.980167568 -0.005655407 -0.198089719 0.546994686
-0.225268126 -0.024213828 0.973995864 2.094038725 -0.003806674 0.999705374 0.023972558 0.071366727 -0.974289358 0.001692568 -0.225293875 0.531688213
-0.251252174 -0.014105412 0.967818856 2.156623363 0.002478596 0.999881148 0.015216161 0.070461437 -0.967918515 0.006221926 -0.251187444 0.515307188
-0.276032448 0.001567085 0.961147070 2.219954014 0.008087630 0.999967039 0.000692313 0.069583304 -0.961114347 0.007964502 -0.276036024 0.496256351
-0.300811291 0.018262632 0.953508854 2.281211853 0.008268508 0.999828994 -0.016541272 0.067904048 -0.953647852 0.002908295 -0.300910830 0.477227926
-0.325914860 0.033401012 0.944808900 2.343737125 0.008744865 0.999439478 -0.032315750 0.065906107 -0.945358694 -0.002269957 -0.326024294 0.456225395
-0.350101233 0.043840457 0.935685575 2.405416489 0.012742060 0.999034643 -0.042040974 0.062363163 -0.936625421 -0.002796025 -0.350321770 0.433468819
-0.373818874 0.047312837 0.926294506 2.465477467 0.015041087 0.998875976 -0.044950098 0.058292508 -0.927380085 -0.002870710 -0.374110341 0.409394026
-0.396069050 0.046585456 0.917038321 2.524803162 0.018231086 0.998914301 -0.042870738 0.053828329 -0.918039799 -0.000261167 -0.396488309 0.383616209
-0.416065693 0.042377718 0.908346474 2.586597919 0.021629021 0.999092102 -0.036704220 0.049395978 -0.909077227 0.004375278 -0.416604519 0.354546547
-0.433615804 0.041186351 0.900156319 2.645920753 0.029355686 0.999070346 -0.031571161 0.045627244 -0.900619805 0.012734955 -0.434421778 0.324915171
-0.447423220 0.041583642 0.893355131 2.704202414 0.031989090 0.999023318 -0.030481016 0.041877598 -0.893750131 0.014939703 -0.448316455 0.295800447
-0.458672404 0.045563489 0.887436688 2.762316942 0.035806730 0.998821139 -0.032775547 0.038197920 -0.887883902 0.016742971 -0.459763169 0.265697718
-0.468415976 0.048057355 0.882200122 2.819436789 0.036398090 0.998721540 -0.035078742 0.034845181 -0.882758021 0.015678957 -0.469566226 0.235432863
-0.478976011 0.047469862 0.876543581 2.876652002 0.030338233 0.998835444 -0.037514731 0.030833833 -0.877303600 0.008624128 -0.479858279 0.205057144
-0.490282655 0.046009079 0.870348454 2.933343887 0.029815964 0.998906553 -0.036009174 0.027008288 -0.871053517 0.008295608 -0.491118312 0.174019814
-0.499115705 0.047537185 0.865230680 2.989291668 0.031598195 0.998828471 -0.036649592 0.024190575 -0.865959287 0.009047346 -0.500033021 0.141949177
-0.506262422 0.050536454 0.860897422 3.045444489 0.034027711 0.998674691 -0.038613804 0.021100797 -0.861707866 0.009745650 -0.507311106 0.108821630
-0.509879947 0.053176973 0.858600438 3.102395535 0.035412584 0.998539031 -0.040814232 0.017015249 -0.859516382 0.009594899 -0.511018157 0.075930834
-0.509711981 0.055278800 0.858567476 3.159694195 0.034824215 0.998441517 -0.043610238 0.013670407 -0.859640121 0.007670283 -0.510842562 0.043076992
-0.506362915 0.055604946 0.860525787 3.220067024 0.036548618 0.998405993 -0.043007944 0.010253206 -0.861545563 0.009673399 -0.507588029 0.008509159
-0.500630021 0.054362897 0.863952875 3.280974150 0.034468684 0.998486519 -0.042854849 0.006242476 -0.864975035 0.008324897 -0.501746058 -0.025148392
-0.493424892 0.053144854 0.868163288 3.343574524 0.033306438 0.998553991 -0.042196877 0.001388296 -0.869150460 0.008094436 -0.494481564 -0.060282230
-0.486900091 0.052629709 0.871870816 3.407358170 0.031084219 0.998594820 -0.042920183 -0.002117515 -0.872904539 0.006203587 -0.487851858 -0.093391895
-0.479891062 0.051271051 0.875828803 3.473103046 0.028422773 0.998675466 -0.042888876 -0.006311886 -0.876867712 0.004311495 -0.480712771 -0.129608154
-0.475655437 0.049058285 0.878262758 3.539824009 0.024852881 0.998794496 -0.042331003 -0.010814860 -0.879280627 0.001692389 -0.476301312 -0.163882732
-0.474022269 0.046592917 0.879279435 3.608102322 0.020195736 0.998911619 -0.042044636 -0.014682472 -0.880281389 -0.002172395 -0.474447370 -0.199808121
-0.474366546 0.044059690 0.879224241 3.678916931 0.016997229 0.999018967 -0.040892359 -0.019007236 -0.880163372 -0.004453586 -0.474650025 -0.236950874
-0.475441337 0.043084163 0.878691912 3.748541117 0.016085275 0.999058843 -0.040282622 -0.023350187 -0.879600465 -0.005018018 -0.475686789 -0.273572922
-0.476148486 0.042436358 0.878340542 3.818733692 0.015269724 0.999083281 -0.039992239 -0.026893482 -0.879232526 -0.005630220 -0.476359963 -0.310463428
-0.476127744 0.041686766 0.878387511 3.890281200 0.016179886 0.999121964 -0.038646348 -0.032453515 -0.879227281 -0.004188391 -0.476384163 -0.348333836
-0.476126075 0.041468956 0.878398955 3.963696480 0.016444884 0.999132693 -0.038255010 -0.036069736 -0.879223466 -0.003769030 -0.476395011 -0.387471676
-0.476576209 0.040564161 0.878196836 4.035287857 0.015354902 0.999166608 -0.037819054 -0.040638849 -0.878999114 -0.004539031 -0.476801872 -0.424689770
-0.477192521 0.038819786 0.877941072 4.106261730 0.013301509 0.999228477 -0.036952890 -0.045090057 -0.878698230 -0.005955702 -0.477340817 -0.461123943
-0.476572037 0.038242932 0.878303349 4.182622910 0.013763763 0.999255538 -0.036041126 -0.050500229 -0.879027784 -0.005087432 -0.476743579 -0.502611160
-0.476051331 0.037560910 0.878615081 4.255626202 0.012741542 0.999277174 -0.035815611 -0.055108204 -0.879325271 -0.005855155 -0.476185799 -0.541186810
-0.475146055 0.035688281 0.879183114 4.326664925 0.012578454 0.999350548 -0.033768285 -0.060100563 -0.879817247 -0.004986097 -0.475286365 -0.578182697
-0.472304225 0.033996738 0.880779922 4.402592659 0.012895669 0.999415457 -0.031660795 -0.064162441 -0.881341457 -0.003595276 -0.472466588 -0.619685650
-0.470114589 0.032816388 0.881995440 4.476912022 0.013789649 0.999459684 -0.029836833 -0.068507418 -0.882497966 -0.001864318 -0.470313072 -0.657393932
-0.467647433 0.032246444 0.883326769 4.550765991 0.013191477 0.999477625 -0.029502831 -0.072921276 -0.883816719 -0.002144538 -0.467828512 -0.695883751
-0.465885401 0.032511011 0.884247601 4.624166012 0.013167454 0.999468863 -0.029809773 -0.076829448 -0.884747088 -0.002244651 -0.466066003 -0.732641220
-0.465091228 0.033180572 0.884640694 4.696366310 0.012939825 0.999445379 -0.030683611 -0.080902830 -0.885168195 -0.002823583 -0.465262651 -0.769833565
-0.465503693 0.034408476 0.884376884 4.769877434 0.012443978 0.999399662 -0.032333616 -0.085792929 -0.884958506 -0.004046252 -0.465652466 -0.807620049
-0.468252063 0.036485519 0.882841349 4.842510223 0.011861437 0.999316633 -0.035007924 -0.090353079 -0.883515358 -0.005920767 -0.468364835 -0.845508575
-0.472992063 0.036731627 0.880300760 4.913524151 0.009733752 0.999287486 -0.036466479 -0.094861552 -0.881012976 -0.008679722 -0.473012567 -0.882830143
-0.478419900 0.035288487 0.877421856 4.987293243 0.011431294 0.999357820 -0.033959568 -0.099658430 -0.878056765 -0.006216866 -0.478516102 -0.921561241
-0.483713508 0.032676298 0.874616444 5.059654236 0.012362053 0.999458194 -0.030503551 -0.104576036 -0.875139296 -0.003942920 -0.483855367 -0.960998058
-0.488895774 0.030174049 0.871820331 5.131258011 0.009342341 0.999525368 -0.029355017 -0.109002657 -0.872292340 -0.006206697 -0.488945603 -0.999971867
-0.493907094 0.033472031 0.868870199 5.202089787 0.011266200 0.999421239 -0.032097086 -0.113094032 -0.869441688 -0.006064112 -0.493998289 -1.039374352
-0.498952389 0.034814194 0.865929782 5.271413803 0.011153572 0.999368012 -0.033752259 -0.117334187 -0.866557598 -0.007182558 -0.499025345 -1.078498363
-0.503837585 0.035937928 0.863050520 5.340399742 0.010384179 0.999313951 -0.035549872 -0.121751755 -0.863736033 -0.008949292 -0.503865123 -1.117556095
-0.507522821 0.036214698 0.860876977 5.409086227 0.009164887 0.999286711 -0.036634132 -0.126087263 -0.861589611 -0.010702817 -0.507492661 -1.157179356
-0.510768294 0.035325713 0.858992517 5.478382111 0.010085680 0.999332905 -0.035100080 -0.130706429 -0.859659433 -0.009264479 -0.510783792 -1.197584629
-0.513349295 0.028673712 0.857700825 5.547373772 0.010856830 0.999578655 -0.026918815 -0.134421408 -0.858111322 -0.004506839 -0.513444304 -1.237821579
-0.515618682 0.019711452 0.856591344 5.615695000 0.009823762 0.999805629 -0.017093686 -0.138060212 -0.856761813 -0.000398876 -0.515712142 -1.277706623
-0.517468691 0.018352719 0.855505466 5.684141159 0.011336294 0.999829292 -0.014591854 -0.141447216 -0.855627179 0.002147435 -0.517588377 -1.317647457
-0.518637061 0.023010118 0.854684830 5.751098633 0.011383692 0.999734998 -0.020007396 -0.144330159 -0.854918778 -0.000647108 -0.518761635 -1.357123852
-0.520042062 0.029523341 0.853630245 5.817873001 0.013237401 0.999561012 -0.026506059 -0.147482038 -0.854038060 -0.002484420 -0.520204544 -1.396797657
-0.520461082 0.032958254 0.853249133 5.884077549 0.018340949 0.999455750 -0.027418217 -0.150792047 -0.853688419 0.001379283 -0.520782351 -1.437029839
-0.520229936 0.034282494 0.853337884 5.950311661 0.022034846 0.999400139 -0.026717136 -0.154674888 -0.853741944 0.004904115 -0.520673275 -1.477328300
-0.519618750 0.030660456 0.853848159 6.017033100 0.019679954 0.999520302 -0.023914887 -0.157475248 -0.854171753 0.004377072 -0.519972801 -1.517590523
-0.518872261 0.025975270 0.854457140 6.084004402 0.018572802 0.999644876 -0.019110538 -0.160554111 -0.854650080 0.005953735 -0.519170403 -1.557359695
-0.518622756 0.019442482 0.854782045 6.150429726 0.015042552 0.999794185 -0.013614079 -0.163339823 -0.854870796 0.005797531 -0.518808484 -1.595797062
-0.517987728 0.013783024 0.855276942 6.217053890 0.006455344 0.999904692 -0.012204141 -0.166259348 -0.855363607 -0.000800489 -0.518027306 -1.634147644
-0.516465664 0.008857361 0.856262088 6.283610344 -0.001054795 0.999939144 -0.010979801 -0.168449759 -0.856307268 -0.006573871 -0.516424894 -1.672274113
-0.514659643 0.009526586 0.857341647 6.349134445 0.002434634 0.999950469 -0.009649719 -0.170993894 -0.857391119 -0.002879008 -0.514657378 -1.710576534
-0.511406898 0.012809161 0.859243214 6.414897919 0.006535111 0.999917984 -0.011016683 -0.173474163 -0.859313846 -0.000018758 -0.511448622 -1.749823570
-0.506078959 0.015895914 0.862340569 6.480429649 0.008610415 0.999873459 -0.013377951 -0.175708741 -0.862444103 0.000654810 -0.506151795 -1.787341118
-0.498606801 0.018304741 0.866635025 6.546500206 0.013854778 0.999817610 -0.013146613 -0.178003684 -0.866717577 0.005452046 -0.498769403 -1.824718475
-0.490360856 0.021065453 0.871265173 6.612001419 0.021163398 0.999700844 -0.012259707 -0.181048140 -0.871262789 0.012427253 -0.490659952 -1.861828804
-0.480429888 0.020177111 0.876801193 6.678332806 0.018353079 0.999747694 -0.012950095 -0.183200538 -0.876841307 0.009870389 -0.480679035 -1.897086143
-0.469812870 0.018124776 0.882580221 6.745117188 0.016075151 0.999799073 -0.011974921 -0.185126811 -0.882619917 0.008561638 -0.470009804 -1.930847168
-0.458571911 0.014700400 0.888535738 6.812334061 0.016200278 0.999835312 -0.008180859 -0.187538162 -0.888509631 0.010643014 -0.458734512 -1.964298248
-0.447741270 0.013842008 0.894056082 6.879599571 0.015448802 0.999850690 -0.007743225 -0.189662844 -0.894029796 0.010345135 -0.447888255 -1.996611595
-0.435883045 0.013061118 0.899908662 6.947090149 0.016403848 0.999843895 -0.006566137 -0.191771641 -0.899853945 0.011899897 -0.436029196 -2.028346062
-0.423764825 0.014263900 0.905659974 7.014648914 0.017929779 0.999812186 -0.007357300 -0.193757385 -0.905594766 0.013120518 -0.423941016 -2.059454918
-0.411869049 0.018000910 0.911065221 7.082547665 0.017974606 0.999770820 -0.011627708 -0.196583688 -0.911065757 0.011586946 -0.412098169 -2.089076996
-0.400303125 0.027331922 0.915975153 7.149883747 0.021208484 0.999563694 -0.020557521 -0.199045420 -0.916137397 0.011197205 -0.400708199 -2.117744446
-0.387854099 0.031849235 0.921170413 7.218116760 0.020226037 0.999456286 -0.026039883 -0.201413870 -0.921498895 0.008531953 -0.388287425 -2.145687103
-0.376024961 0.028291006 0.926177740 7.286915302 0.018258065 0.999565959 -0.023120018 -0.204584494 -0.926429808 0.008216514 -0.376378179 -2.172877312
-0.364286900 0.024764808 0.930957615 7.355401039 0.019103425 0.999634743 -0.019116489 -0.208367482 -0.931091011 0.010820594 -0.364626884 -2.198384285
-0.354829788 0.025621066 0.934579849 7.424315929 0.016355725 0.999641597 -0.021194965 -0.211657017 -0.934787869 0.007765125 -0.355121732 -2.223263741
-0.348007917 0.030155724 0.937006474 7.493407249 0.011502623 0.999544621 -0.027896272 -0.215151191 -0.937421024 0.001069908 -0.348196268 -2.247410774
-0.343089700 0.035095979 0.938646913 7.561726570 0.004773050 0.999353945 -0.035621196 -0.218225121 -0.939290702 -0.007741052 -0.343035579 -2.270730019
-0.339637756 0.037071072 0.939825714 7.631350517 0.001301970 0.999240518 -0.038944162 -0.222019196 -0.940555632 -0.012003276 -0.339428067 -2.294732094
-0.336111665 0.036617193 0.941110015 7.699902534 -0.000452726 0.999237537 -0.039040536 -0.226306364 -0.941821992 -0.013548047 -0.335838914 -2.317721367
-0.331587672 0.036582664 0.942714810 7.768592358 -0.001831125 0.999221087 -0.039419498 -0.230232775 -0.943422556 -0.014797252 -0.331262469 -2.340184212
-0.325983524 0.032588586 0.944813609 7.838104725 -0.004573541 0.999339640 -0.036047284 -0.234167993 -0.945364416 -0.016071962 -0.325619221 -2.362875938
-0.320567369 0.029113643 0.946778357 7.905950546 -0.004787300 0.999464989 -0.032354690 -0.237805426 -0.947213769 -0.014904364 -0.320256472 -2.384916306
-0.315103292 0.025848743 0.948705375 7.978376389 -0.006814747 0.999541640 -0.029497299 -0.242085546 -0.949032962 -0.015759882 -0.314782739 -2.407341003
-0.309266329 0.024000699 0.950672507 8.049705505 -0.015758988 0.999414861 -0.030357854 -0.245932817 -0.950844884 -0.024370300 -0.308707118 -2.428956985
-0.302880526 0.024372406 0.952716827 8.119903564 -0.021563271 0.999241769 -0.032417838 -0.249629661 -0.952784538 -0.030362422 -0.302125335 -2.449197769
-0.296509147 0.028472319 0.954605460 8.190135956 -0.020806855 0.999125659 -0.036262993 -0.253259063 -0.954803288 -0.030614650 -0.295657516 -2.469339371
-0.289681077 0.031745221 0.956596792 8.259978294 -0.019396568 0.999049842 -0.039027814 -0.256848544 -0.956926823 -0.029860307 -0.288790107 -2.489653587
-0.282919168 0.029899750 0.958677709 8.330799103 -0.021447070 0.999066889 -0.037488755 -0.260866404 -0.958904028 -0.031167109 -0.282013893 -2.509116173
-0.275615692 0.025342884 0.960933745 8.399399757 -0.020337334 0.999274909 -0.032187231 -0.264365375 -0.961052716 -0.028414138 -0.274900436 -2.529476166
-0.269061923 0.022664249 0.962856174 8.470776558 -0.020960273 0.999348521 -0.029380396 -0.268390507 -0.962894738 -0.028086875 -0.268411636 -2.547617912
-0.262812495 0.025946839 0.964497983 8.540414810 -0.022914456 0.999188542 -0.033123959 -0.271762908 -0.964574814 -0.030806337 -0.262004614 -2.565510750
-0.256034851 0.028827289 0.966237724 8.611809731 -0.022326954 0.999112248 -0.035724312 -0.275543272 -0.966409802 -0.030719809 -0.255164027 -2.583759308
-0.249096990 0.029707974 0.968023002 8.683009148 -0.023386005 0.999053478 -0.036678094 -0.279601425 -0.968196332 -0.031774584 -0.248166442 -2.601275444
-0.241342783 0.029273763 0.969998479 8.753055573 -0.022446450 0.999109089 -0.035737142 -0.284139991 -0.970180452 -0.030397914 -0.240470648 -2.618749619
-0.234292865 0.028476166 0.971748888 8.826148987 -0.020635391 0.999200046 -0.034255877 -0.287789375 -0.971947014 -0.028078325 -0.233517885 -2.634901047
-0.226619840 0.029492257 0.973536730 8.897678375 -0.018356735 0.999234557 -0.034543827 -0.291712850 -0.973810375 -0.025699269 -0.225904942 -2.651255608
-0.220193028 0.029917959 0.974997461 8.968909264 -0.016010862 0.999284029 -0.034279082 -0.295982361 -0.975324988 -0.023158560 -0.219556451 -2.666464806
-0.213416219 0.029381637 0.976519525 9.042210579 -0.022640888 0.999130487 -0.035010070 -0.298959076 -0.976699054 -0.029580979 -0.212565422 -2.680936813
-0.206848741 0.027603246 0.977983534 9.109325409 -0.026328698 0.999082863 -0.033767425 -0.303150505 -0.978018701 -0.032733776 -0.205932260 -2.695086479
-0.203649163 0.027464898 0.978658617 9.185886383 -0.023716906 0.999174714 -0.032975912 -0.306983620 -0.978756666 -0.029926270 -0.202829599 -2.707775116
-0.199026227 0.028201949 0.979588449 9.256899834 -0.021290723 0.999225497 -0.033092994 -0.310620427 -0.979763031 -0.027442509 -0.198271632 -2.721698761
-0.193846703 0.029196888 0.980597258 9.329901695 -0.021606406 0.999187529 -0.034021609 -0.314412713 -0.980793834 -0.027782161 -0.193058372 -2.736001015
-0.187797904 0.028023966 0.981807709 9.400290489 -0.014598189 0.999402821 -0.031318493 -0.318531305 -0.982099056 -0.020214168 -0.187276602 -2.749237061
-0.182474494 0.026608521 0.982850671 9.470655441 -0.007684277 0.999564588 -0.028487667 -0.322133154 -0.983180761 -0.012750763 -0.182190537 -2.762067795
-0.177827239 0.025626978 0.983728111 9.547926903 -0.006733631 0.999605775 -0.027257837 -0.325884163 -0.984038770 -0.011471245 -0.177584648 -2.776171684
-0.173780799 0.027654490 0.984396100 9.619790077 -0.007765365 0.999536097 -0.029450675 -0.329006612 -0.984753847 -0.012762150 -0.173485398 -2.787373543
-0.169980407 0.029422659 0.985008240 9.691828728 -0.009694691 0.999455869 -0.031527206 -0.332459271 -0.985399902 -0.014908350 -0.169602633 -2.799290657
-0.168748498 0.028881546 0.985236049 9.763854980 -0.012824718 0.999421656 -0.031493973 -0.335767686 -0.985575795 -0.017949929 -0.168280482 -2.809854507
-0.168337226 0.027528930 0.985345006 9.835976601 -0.013695750 0.999448121 -0.030262742 -0.339530170 -0.985634327 -0.018589385 -0.167867303 -2.820593834
-0.167325616 0.022974689 0.985634029 9.908283234 -0.012749955 0.999594390 -0.025464589 -0.342911065 -0.985819340 -0.016827667 -0.166964889 -2.832257271
-0.165931821 0.017948717 0.985973895 9.980340958 -0.013711764 0.999695718 -0.020506095 -0.346162587 -0.986041903 -0.016922057 -0.165635228 -2.844017029
-0.164788246 0.015940031 0.986200273 10.050825119 -0.013124323 0.999745429 -0.018351961 -0.349537253 -0.986241758 -0.015967395 -0.164537072 -2.855215073
-0.163611293 0.020514766 0.986311555 10.120609283 -0.012807130 0.999655366 -0.022916781 -0.352628827 -0.986441791 -0.016381262 -0.163292170 -2.866151810
-0.163653970 0.023921499 0.986227751 10.190819740 -0.012670872 0.999572515 -0.026347781 -0.355932891 -0.986436427 -0.016808284 -0.163280845 -2.877081871
-0.163146734 0.023088804 0.986331701 10.260872841 -0.016558919 0.999521255 -0.026136527 -0.358796120 -0.986462891 -0.020596674 -0.162686348 -2.887746811
-0.162819505 0.022418553 0.986401200 10.330337524 -0.016907405 0.999531627 -0.025507784 -0.362667143 -0.986511052 -0.020830648 -0.162364244 -2.898052216
-0.162679672 0.022773303 0.986416101 10.399039268 -0.013331114 0.999591589 -0.025276052 -0.365802407 -0.986588895 -0.017261924 -0.162309647 -2.908357620
-0.161623120 0.025718410 0.986517549 10.467911720 -0.014482855 0.999490857 -0.028429378 -0.368600160 -0.986746430 -0.018882427 -0.161168337 -2.919013023
-0.162155032 0.026667826 0.986404955 10.537409782 -0.023325061 0.999251842 -0.030849550 -0.372095704 -0.986489654 -0.028010361 -0.161411643 -2.928357124
-0.161743045 0.028235627 0.986428916 10.605754852 -0.029083272 0.999019980 -0.033364765 -0.375688344 -0.986404300 -0.034085095 -0.160763264 -2.937788010
-0.161270618 0.031842124 0.986396372 10.674123764 -0.026228983 0.998988032 -0.036536898 -0.379279256 -0.986561596 -0.031764504 -0.160272241 -2.948335648
-0.160880804 0.032555740 0.986436844 10.742209435 -0.024588702 0.999013424 -0.036981050 -0.383366257 -0.986667633 -0.030204738 -0.159921646 -2.958551407
-0.159097314 0.033715084 0.986687243 10.809663773 -0.025393587 0.998946309 -0.038228534 -0.387238950 -0.986936450 -0.031137571 -0.158073425 -2.968495369
-0.157546282 0.032940134 0.986962140 10.876627922 -0.017751489 0.999187529 -0.036181785 -0.390718162 -0.987352073 -0.023220347 -0.156833529 -2.978680611
-0.153433919 0.029615177 0.987715065 10.942814827 -0.011200254 0.999434471 -0.031706441 -0.394782275 -0.988095522 -0.015927499 -0.153015494 -2.989453316
-0.151855588 0.024433166 0.988100767 11.009446144 -0.007853393 0.999633014 -0.025925273 -0.398557901 -0.988371611 -0.011696836 -0.151607990 -2.999188423
-0.148214102 0.024246646 0.988658011 11.076038361 -0.004956729 0.999668658 -0.025259763 -0.401802063 -0.988942862 -0.008644364 -0.148044825 -3.008248329
-0.143107295 0.029046277 0.989281058 11.141895294 -0.004955997 0.999535680 -0.030064290 -0.405435205 -0.989694953 -0.009205285 -0.142896891 -3.017313957
-0.136877298 0.032011934 0.990070701 11.207242966 -0.002796225 0.999461234 -0.032702141 -0.408843398 -0.990584135 -0.007244637 -0.136713982 -3.025450706
-0.128098011 0.032836556 0.991217852 11.274208069 -0.003674636 0.999429166 -0.033583462 -0.411621600 -0.991754770 -0.007944337 -0.127904177 -3.033832550
-0.118977189 0.028452042 0.992489398 11.340498924 -0.001998988 0.999580443 -0.028894959 -0.415062428 -0.992895126 -0.005421811 -0.118870378 -3.040802956
-0.107123494 0.026734626 0.993886292 11.406077385 0.001824823 0.999642015 -0.026692767 -0.418558717 -0.994244099 -0.001045754 -0.107133865 -3.047457695
-0.093512416 0.029260570 0.995188117 11.471410751 0.007463110 0.999560535 -0.028687865 -0.421854556 -0.995590210 0.004744530 -0.093689680 -3.053217888
-0.079190612 0.030197004 0.996402025 11.536972046 0.006045808 0.999537230 -0.029811520 -0.424848109 -0.996841192 0.003663265 -0.079336524 -3.058161736
-0.065083981 0.030306889 0.997419596 11.602273941 0.007676708 0.999524295 -0.029869923 -0.427818596 -0.997850418 0.005712846 -0.065285683 -3.062174797
-0.051930070 0.031879243 0.998141825 11.665549278 0.009317802 0.999462306 -0.031436644 -0.431430161 -0.998607337 0.007667982 -0.052199244 -3.064580917
-0.039106607 0.038090378 0.998508751 11.726320267 0.005014120 0.999268115 -0.037922967 -0.434954524 -0.999222457 0.003523602 -0.039268970 -3.064819336
-0.026758552 0.047685795 0.998503983 11.787832260 -0.001898400 0.998857319 -0.047753546 -0.438362002 -0.999640167 -0.003173372 -0.026637435 -3.064482689
-0.013730407 0.055057935 0.998388827 11.850621223 -0.006138775 0.998459399 -0.055146255 -0.442348301 -0.999886930 -0.006886059 -0.013371229 -3.063224792
-0.000620842 0.055560157 0.998455107 11.907901764 -0.006495003 0.998434067 -0.055563021 -0.446716130 -0.999978662 -0.006519466 -0.000258923 -3.062431335
0.011566401 0.051943202 0.998583078 11.968919754 -0.010536495 0.998600721 -0.051822077 -0.450816453 -0.999877632 -0.009922168 0.012097538 -3.060882568
0.021499574 0.049427498 0.998546362 12.029480934 -0.013888014 0.998695552 -0.049135864 -0.455995709 -0.999672472 -0.012811421 0.022158027 -3.057592392
0.030254006 0.056246560 0.997958481 12.090837479 -0.018779930 0.998271227 -0.055694859 -0.460140496 -0.999365807 -0.017056597 0.031257987 -3.054663658
0.037557840 0.064175040 0.997231662 12.150480270 -0.021923753 0.997748435 -0.063382603 -0.464349210 -0.999053955 -0.019482546 0.038880229 -3.051762581
0.039431095 0.067421883 0.996945083 12.211084366 -0.025414787 0.997465909 -0.066451900 -0.468315631 -0.998899043 -0.022716880 0.041044652 -3.047427177
0.039458632 0.062591441 0.997258902 12.271553040 -0.027834779 0.997717738 -0.061518896 -0.473135859 -0.998833418 -0.025331032 0.041110754 -3.043994904
0.037908196 0.058609493 0.997560978 12.332157135 -0.029292827 0.997914672 -0.057517119 -0.478266597 -0.998851836 -0.027041009 0.039546013 -3.041047096
0.035405517 0.055587899 0.997825980 12.393204689 -0.027530178 0.998127162 -0.054627839 -0.482950360 -0.998993874 -0.025536191 0.036869526 -3.038882256
0.031803012 0.056052607 0.997921169 12.451454163 -0.026493451 0.998122692 -0.055219598 -0.486745894 -0.999142945 -0.024682224 0.033228338 -3.035722733
0.028507531 0.055428054 0.998055816 12.512106895 -0.023942254 0.998212874 -0.054752916 -0.491588861 -0.999306977 -0.022334822 0.029783666 -3.033576965
0.024306595 0.054643020 0.998210073 12.570429802 -0.025808450 0.998206556 -0.054014392 -0.495672166 -0.999371350 -0.024449350 0.025673270 -3.031866074
0.019117713 0.054998476 0.998303354 12.630075455 -0.026733316 0.998157024 -0.054478463 -0.499409407 -0.999459743 -0.025646459 0.020552754 -3.030560493
0.013290167 0.053288832 0.998490810 12.689752579 -0.027636992 0.998216987 -0.052906364 -0.503582120 -0.999529779 -0.026892139 0.014739215 -3.028807640
0.007641673 0.050443389 0.998697698 12.748509407 -0.024738325 0.998430729 -0.050240614 -0.508135736 -0.999664783 -0.024322182 0.008877575 -3.028264999
0.002396703 0.050457746 0.998723507 12.806036949 -0.026129346 0.998388350 -0.050378114 -0.512011945 -0.999655843 -0.025975237 0.003711283 -3.027420998
-0.002272844 0.051580146 0.998666406 12.863365173 -0.027359465 0.998291790 -0.051623065 -0.516118348 -0.999623179 -0.027440298 -0.000857711 -3.027237892
-0.006672382 0.053989019 0.998519361 12.921530724 -0.028396644 0.998128533 -0.054157645 -0.520360470 -0.999574602 -0.028715951 -0.005126834 -3.026420593
-0.009132624 0.056223433 0.998376429 12.978858948 -0.028583417 0.997995436 -0.056463446 -0.524615586 -0.999549627 -0.029052673 -0.007507324 -3.026415825
-0.010606289 0.057459522 0.998291552 13.036184311 -0.025458947 0.998008490 -0.057713717 -0.528771639 -0.999619663 -0.026027575 -0.009122372 -3.026727676
-0.009762168 0.055850822 0.998391390 13.093178749 -0.022378549 0.998176694 -0.056057628 -0.532847404 -0.999701858 -0.022889797 -0.008494496 -3.027038574
-0.005618215 0.052051693 0.998628676 13.150238037 -0.019474760 0.998449266 -0.052151907 -0.537370622 -0.999794662 -0.019741047 -0.004595757 -3.027154922
0.001648486 0.051841147 0.998654008 13.206538200 -0.019244887 0.998472035 -0.051799934 -0.541645825 -0.999813497 -0.019133588 0.002643645 -3.026233673
0.012785316 0.052489243 0.998539567 13.262361526 -0.016174113 0.998501480 -0.052280143 -0.545649350 -0.999787390 -0.015482077 0.013615131 -3.024918556
0.027016759 0.052562848 0.998252273 13.317621231 -0.013337347 0.998546660 -0.052217394 -0.549576342 -0.999546170 -0.011903280 0.027678549 -3.022803307
0.042163014 0.049997944 0.997859001 13.372934341 -0.014331367 0.998674631 -0.049433261 -0.553373933 -0.999008000 -0.012216426 0.042823672 -3.019631386
0.058354020 0.045658093 0.997251332 13.428123474 -0.019108448 0.998821616 -0.044611860 -0.556975067 -0.998113096 -0.016452642 0.059157729 -3.015126228
0.074507654 0.039046615 0.996455848 13.482957840 -0.020132666 0.999088347 -0.037644405 -0.560482979 -0.997017324 -0.017256511 0.075225830 -3.009867668
0.090593040 0.032006968 0.995373547 13.536974907 -0.020425517 0.999332905 -0.030275272 -0.563211083 -0.995678544 -0.017588289 0.091186345 -3.003561974
0.108314991 0.024999214 0.993802309 13.590708733 -0.021062933 0.999517083 -0.022847312 -0.565816939 -0.993893504 -0.018457683 0.108789206 -2.996833801
0.124611497 0.019264603 0.992018580 13.643657684 -0.022791179 0.999603271 -0.016549002 -0.568362117 -0.991943836 -0.020547077 0.125001073 -2.988470078
0.142168462 0.016971331 0.989697099 13.695692062 -0.023721831 0.999624252 -0.013733958 -0.570683539 -0.989558280 -0.021524888 0.142517626 -2.979527473
0.159998119 0.015683237 0.986992717 13.747333527 -0.022489861 0.999672174 -0.012238956 -0.572428226 -0.986861110 -0.020239120 0.160298407 -2.970232010
0.176792085 0.015175276 0.984131277 13.797735214 -0.023776185 0.999655187 -0.011143434 -0.573953629 -0.983961046 -0.021428812 0.177091956 -2.959588528
0.192318797 0.014282743 0.981228590 13.848173141 -0.027854221 0.999570668 -0.009090358 -0.575228155 -0.980937123 -0.025583109 0.192634046 -2.947770596
0.206105649 0.010797857 0.978470325 13.897914886 -0.030650031 0.999519706 -0.004573999 -0.577013135 -0.978049755 -0.029047413 0.206337631 -2.935537338
0.217760324 0.006879566 0.975978196 13.947776794 -0.027468018 0.999622285 -0.000917560 -0.578293085 -0.975615859 -0.026608374 0.217867017 -2.923395157
0.228916049 0.005959631 0.973427951 13.996883392 -0.024092235 0.999709666 -0.000454888 -0.579267561 -0.973148048 -0.023347924 0.228993177 -2.911697865
0.239075422 0.009593306 0.970953584 14.044488907 -0.029286938 0.999567509 -0.002664771 -0.581085801 -0.970559239 -0.027799176 0.239252985 -2.899180412
0.247377276 0.016896896 0.968771875 14.091567993 -0.033587810 0.999396563 -0.008854344 -0.582504869 -0.968336880 -0.030348562 0.247795522 -2.885038853
0.255987525 0.026488034 0.966317177 14.138047218 -0.033682924 0.999261916 -0.018468134 -0.584037185 -0.966093123 -0.027820770 0.256690800 -2.871531963
0.264103055 0.031971317 0.963964462 14.185089111 -0.027958380 0.999284208 -0.025482826 -0.585224807 -0.964089155 -0.020220790 0.264807880 -2.858575344
0.270539820 0.030086927 0.962238550 14.233055115 -0.027692692 0.999341130 -0.023461051 -0.586762905 -0.962310433 -0.020299826 0.271194756 -2.844397545
0.275851667 0.023000851 0.960925043 14.280693054 -0.029921120 0.999434650 -0.015333200 -0.588100076 -0.960734487 -0.024522262 0.276383877 -2.829209805
0.279910266 0.013051421 0.959937453 14.329013824 -0.034972388 0.999382555 -0.003390047 -0.589733601 -0.959388971 -0.032622397 0.280193865 -2.813214302
0.282114804 0.005098849 0.959367216 14.376792908 -0.035349783 0.999362051 0.005083669 -0.591390729 -0.958729267 -0.035347596 0.282115102 -2.798618793
0.282659590 0.004113790 0.959211469 14.425315857 -0.031064108 0.999505520 0.004867344 -0.592700303 -0.958717167 -0.031172849 0.282647610 -2.783555508
0.283558130 0.005691008 0.958938122 14.471322060 -0.027822865 0.999610245 0.002294840 -0.593843400 -0.958551288 -0.027331129 0.283605993 -2.768846035
0.285270691 0.005090226 0.958433509 14.519430161 -0.024424434 0.999699771 0.001960363 -0.594153762 -0.958135724 -0.023968428 0.285309374 -2.755079746
0.286761999 0.003990198 0.957993567 14.567935944 -0.027277870 0.999619901 0.004001670 -0.593696594 -0.957613409 -0.027279550 0.286761820 -2.739552498
0.289368272 0.000641914 0.957217753 14.615589142 -0.027750041 0.999585092 0.007718556 -0.594354093 -0.956815660 -0.028796334 0.289266050 -2.724179745
0.292612553 -0.004733669 0.956219375 14.664630890 -0.026939804 0.999549985 0.013192019 -0.595202565 -0.955851555 -0.029620513 0.292353392 -2.708868980
0.297356546 -0.008055552 0.954732597 14.713203430 -0.024599068 0.999567807 0.016095364 -0.595722198 -0.954449654 -0.028271593 0.297029853 -2.693610668
0.303154290 -0.010007124 0.952888966 14.761732101 -0.023324024 0.999567389 0.017917696 -0.595622540 -0.952656031 -0.027657032 0.302789748 -2.677361012
0.311218679 -0.013090219 0.950248182 14.810647964 -0.021938715 0.999539673 0.020954456 -0.595668197 -0.950085104 -0.027368642 0.310788274 -2.660953999
0.320346177 -0.014491232 0.947189748 14.859169006 -0.019722572 0.999564230 0.021962833 -0.595353961 -0.947095275 -0.025716726 0.319920778 -2.643675327
0.330981672 -0.013166892 0.943545401 14.906692505 -0.020804334 0.999557793 0.021246383 -0.596115470 -0.943407893 -0.026661996 0.330561399 -2.625199795
0.342243969 -0.009148268 0.939566672 14.954664230 -0.022082414 0.999598086 0.017776459 -0.595899820 -0.939351678 -0.026831785 0.341904402 -2.606947899
0.353664696 -0.005936945 0.935353518 15.002479553 -0.023270223 0.999614537 0.015143489 -0.595548630 -0.935082853 -0.027121600 0.353390217 -2.587293625
0.365262687 -0.005952721 0.930885553 15.050994873 -0.021619108 0.999655604 0.014875436 -0.595726788 -0.930653512 -0.025558354 0.365008175 -2.568081379
0.376241982 -0.009019832 0.926477551 15.099753380 -0.020750033 0.999619782 0.018158494 -0.595869780 -0.926289082 -0.026056428 0.375911713 -2.547162056
0.387258410 -0.010221437 0.921914637 15.148508072 -0.021696653 0.999560595 0.020196185 -0.595703542 -0.921715975 -0.027823603 0.386866450 -2.525516033
0.398334920 -0.010762736 0.917176843 15.197349548 -0.023287281 0.999490201 0.021842446 -0.595367074 -0.916944385 -0.030059166 0.397881210 -2.503257275
0.407441080 -0.011642437 0.913157344 15.245867729 -0.027214602 0.999319851 0.024883850 -0.594847381 -0.912825942 -0.034989916 0.406847119 -2.480112553
0.414066494 -0.010212584 0.910189331 15.294559479 -0.030813256 0.999206722 0.025229057 -0.594212770 -0.909724951 -0.038492404 0.413423300 -2.455991745
0.417954445 -0.013459888 0.908368289 15.344087601 -0.030649757 0.999112070 0.028906934 -0.594161510 -0.907950819 -0.039923050 0.417170823 -2.431832790
0.420179069 -0.016937481 0.907283127 15.394314766 -0.027822675 0.999115288 0.031537015 -0.593360245 -0.907014549 -0.038494233 0.419336081 -2.408159733
