0.999039114 -0.000514462 0.043824658 0.001490480 0.000629167 0.999996424 -0.002603605 -0.000665136 -0.043823160 0.002628676 0.999035835 0.038955040
0.995994568 -0.004864813 0.089281499 0.004753276 0.005577120 0.999954581 -0.007730483 -0.001225562 -0.089239836 0.008197452 0.995976448 0.077358343
0.990851879 -0.004206005 0.134888351 0.009713558 0.005829730 0.999915183 -0.011644824 -0.002065563 -0.134827927 0.012324659 0.990792394 0.115325771
0.983461976 -0.001827604 0.181105375 0.016094089 0.004460248 0.999890208 -0.014130344 -0.003045918 -0.181059673 0.014704431 0.983362198 0.152674392
0.973911583 -0.004004464 0.226892561 0.024649395 0.007393615 0.999873400 -0.014089360 -0.004160006 -0.226807415 0.015399346 0.973817885 0.189782798
0.962207139 -0.004913423 0.272274256 0.034958199 0.009532300 0.999832213 -0.015643969 -0.004992064 -0.272151679 0.017648138 0.962092519 0.226947442
0.948670566 -0.007803056 0.316169679 0.046831626 0.014400464 0.999724507 -0.018535586 -0.005916680 -0.315937936 0.022137154 0.948521554 0.262366265
0.933421016 -0.008967040 0.358670861 0.060180269 0.017296733 0.999649942 -0.020021796 -0.007308700 -0.358365744 0.024892600 0.933249354 0.298465610
0.916080773 -0.009164305 0.400889099 0.075082168 0.019134419 0.999598980 -0.020873709 -0.008313232 -0.400537044 0.026792783 0.915888786 0.332857519
0.896265924 -0.009152175 0.443422675 0.091946989 0.019946834 0.999607205 -0.019685704 -0.009470588 -0.443068326 0.026488503 0.896096468 0.368093163
0.874269605 -0.008848586 0.485360086 0.110053949 0.020505678 0.999614596 -0.018712532 -0.010788329 -0.485007435 0.026312435 0.874114096 0.401207834
0.850247741 -0.008833272 0.526308656 0.129803687 0.021288352 0.999618173 -0.017614137 -0.012233632 -0.525952101 0.026180625 0.850111127 0.433054298
0.824560583 -0.008965109 0.565702677 0.150990859 0.023194063 0.999569535 -0.017966436 -0.013293797 -0.565298080 0.027935360 0.824413538 0.464844227
0.797068655 -0.010704477 0.603793800 0.173569202 0.026830837 0.999483287 -0.017699875 -0.014446437 -0.603292286 0.030308310 0.796944022 0.494826347
0.768207014 -0.009530330 0.640130579 0.197619602 0.027470214 0.999458969 -0.018086370 -0.015782541 -0.639611900 0.031478599 0.768053234 0.523972571
0.737604856 -0.012715814 0.675112844 0.223321408 0.032728456 0.999320805 -0.016935673 -0.016820895 -0.674438953 0.034587238 0.737520039 0.551732957
0.705451906 -0.011673657 0.708661675 0.250062943 0.032917485 0.999325037 -0.016306685 -0.018153567 -0.707992971 0.034830943 0.705359995 0.578648388
0.671234369 -0.010401406 0.741172254 0.278063327 0.034384549 0.999262094 -0.017116617 -0.019294746 -0.740447283 0.036974136 0.671096683 0.604226947
0.635633826 -0.011337694 0.771907449 0.307231069 0.038819376 0.999096632 -0.017291522 -0.020473806 -0.771014094 0.040956043 0.635499716 0.628252327
0.598991394 -0.009625078 0.800697625 0.337111861 0.039002486 0.999091625 -0.017167304 -0.021756656 -0.799805105 0.041512266 0.598822713 0.650655508
0.561041832 -0.008349478 0.827745318 0.368718207 0.042066664 0.998944700 -0.018436216 -0.023036040 -0.826717854 0.045163974 0.560801029 0.672513604
0.521980047 -0.006392629 0.852933824 0.400395602 0.046391014 0.998704553 -0.020905305 -0.024154691 -0.851695299 0.050480615 0.521600366 0.692001283
0.482998431 -0.005322587 0.875605047 0.435023427 0.048621241 0.998601735 -0.020750040 -0.024966728 -0.874270260 0.052595239 0.482581854 0.711877465
0.444438398 -0.006822702 0.895783484 0.470126629 0.053838562 0.998366833 -0.019107705 -0.025838112 -0.894190133 0.056719892 0.444079876 0.729199350
0.407209098 -0.007486403 0.913304269 0.505769134 0.057585023 0.998187363 -0.017492866 -0.027427703 -0.911517799 0.059715904 0.406902075 0.745453477
0.372067928 -0.005152227 0.928191245 0.541090429 0.059543338 0.998057425 -0.018328071 -0.028483354 -0.926293790 0.062086891 0.371651947 0.759431839
0.338543296 -0.005753079 0.940933228 0.578704774 0.060465559 0.998047531 -0.015652932 -0.029263264 -0.939006090 0.062193252 0.338230193 0.772944272
0.305508614 -0.007447274 0.952160239 0.616215169 0.063547961 0.997899413 -0.012584879 -0.030088648 -0.950066388 0.064352632 0.305340171 0.784582019
0.272142768 -0.007078310 0.962230861 0.654909968 0.063444398 0.997929037 -0.010602741 -0.031279601 -0.960163057 0.063933618 0.272028267 0.796478689
0.240197182 -0.004177810 0.970715106 0.693227887 0.061583120 0.998041987 -0.010942922 -0.032048367 -0.968768716 0.062408127 0.239984155 0.805659294
0.208551109 -0.002097879 0.978009224 0.734628320 0.061046105 0.998075664 -0.010876575 -0.032462109 -0.976104379 0.061971974 0.208277822 0.815839291
0.178341031 -0.001696683 0.983967304 0.775594831 0.063618422 0.997926056 -0.009809893 -0.033091698 -0.981909990 0.064347945 0.178079128 0.822711885
0.147429466 -0.001897897 0.989070714 0.816717744 0.064744338 0.997871876 -0.007735911 -0.033948861 -0.986951172 0.065177232 0.147238612 0.829440057
0.116789401 -0.002633058 0.993153334 0.858675420 0.063054919 0.997998655 -0.004769014 -0.034804028 -0.991153121 0.063180164 0.116721690 0.834639847
0.087413609 -0.002536922 0.996168852 0.901750505 0.064131603 0.997936666 -0.003086111 -0.034874007 -0.994105637 0.064155675 0.087395906 0.838784456
0.060417056 -0.002168291 0.998170853 0.945783615 0.066667184 0.997773528 -0.001867788 -0.035256594 -0.995944440 0.066658087 0.060427070 0.841067553
0.034824252 -0.001776167 0.999391973 0.989756823 0.070763707 0.997492850 -0.000693004 -0.035731688 -0.996885180 0.070744805 0.034862638 0.843113303
0.012087822 -0.000739595 0.999926805 1.033938289 0.075509973 0.997145057 -0.000175286 -0.035659932 -0.997071862 0.075506553 0.012109160 0.843550920
-0.008744121 -0.001132876 0.999961197 1.080451965 0.080790371 0.996729434 0.001835673 -0.036171570 -0.996692836 0.080803283 -0.008623958 0.844068170
-0.026608109 -0.001879908 0.999644220 1.126904964 0.084851593 0.996385038 0.004132313 -0.036297079 -0.996038318 0.084931351 -0.026352406 0.842912316
-0.041805387 -0.001544061 0.999124587 1.173604369 0.088047177 0.996102631 0.005223467 -0.036140252 -0.995238662 0.088188469 -0.041506529 0.840467691
-0.056404829 -0.002066506 0.998405933 1.220394850 0.090578690 0.995863438 0.007178464 -0.036473602 -0.994290769 0.090839192 -0.055984259 0.838321090
-0.069454432 -0.003000134 0.997580647 1.268162012 0.090756200 0.995829582 0.009313570 -0.036289174 -0.993448257 0.091183499 -0.068892479 0.834600210
-0.081758380 -0.002902672 0.996648014 1.315756679 0.090459637 0.995846629 0.010321043 -0.036329232 -0.992538512 0.091000244 -0.081156254 0.830925584
-0.092934251 -0.000114458 0.995672345 1.364061594 0.090671644 0.995843887 0.008577608 -0.036331497 -0.991535187 0.091076396 -0.092537642 0.826594353
-0.102945566 0.003641025 0.994680345 1.412961483 0.091198348 0.995815873 0.005793496 -0.036177903 -0.990497410 0.091309614 -0.102846980 0.821663022
-0.112276554 0.005915890 0.993659437 1.462638855 0.092359789 0.995715499 0.004507884 -0.036243882 -0.989375412 0.092280298 -0.112342000 0.816166997
-0.119921684 0.007399581 0.992755830 1.513523579 0.091662139 0.995783448 0.003650343 -0.035767667 -0.988542855 0.091435872 -0.120094299 0.810573459
-0.125651956 0.007987594 0.992042243 1.565604687 0.091744460 0.995776057 0.003602687 -0.035868455 -0.987823129 0.091467068 -0.125854015 0.803925276
-0.130509257 0.009646847 0.991400063 1.618457317 0.093100049 0.995653450 0.002567590 -0.036004748 -0.987066150 0.092634499 -0.130840063 0.796799779
-0.135140896 0.011488385 0.990759790 1.672395468 0.092102833 0.995748997 0.001016703 -0.035761975 -0.986536384 0.091389179 -0.135624528 0.789696336
-0.139029980 0.012588632 0.990208089 1.726948261 0.092449978 0.995717287 0.000321752 -0.035720434 -0.985963285 0.091589458 -0.139598370 0.781758785
-0.141983151 0.011331325 0.989804268 1.782201052 0.092210338 0.995737851 0.001827914 -0.035986394 -0.985564888 0.091529720 -0.142422915 0.774237990
-0.144569993 0.009494188 0.989449024 1.838780403 0.092693642 0.995686710 0.003989574 -0.035913546 -0.985143363 0.092292398 -0.144826412 0.766098857
-0.146715879 0.008401880 0.989143014 1.895772219 0.092698231 0.995680213 0.005292173 -0.035908677 -0.984825611 0.092468254 -0.146860957 0.757866621
-0.148559213 0.009487644 0.988858104 1.954142094 0.095284812 0.995438635 0.004764142 -0.035517957 -0.984302342 0.094930910 -0.148785591 0.748803377
-0.149551272 0.009384948 0.988709509 2.013013840 0.095306046 0.995435655 0.004967103 -0.035452027 -0.984150052 0.094972827 -0.149763107 0.740059137
-0.150141001 0.010774167 0.988605857 2.072542667 0.097395599 0.995237947 0.003945165 -0.035231527 -0.983855546 0.096878193 -0.150475383 0.731081486
-0.150238395 0.010705925 0.988591850 2.133219719 0.097275443 0.995249450 0.004005132 -0.035475347 -0.983852565 0.096767433 -0.150566101 0.721957445
-0.149540424 0.012341440 0.988678575 2.194483042 0.097089037 0.995273113 0.002261236 -0.035473403 -0.983977318 0.096327998 -0.150031805 0.712729454
-0.148400187 0.012333313 0.988850534 2.256387234 0.097472936 0.995235682 0.002215140 -0.035309665 -0.984112024 0.096714884 -0.148895383 0.703570366
-0.146720886 0.011008896 0.989116848 2.318638802 0.096411355 0.995336354 0.003223069 -0.035545040 -0.984468460 0.095834970 -0.147098064 0.694181681
-0.145666242 0.012105702 0.989259899 2.383323669 0.097091168 0.995273232 0.002117140 -0.035140146 -0.984558284 0.096356779 -0.146152973 0.684650183
-0.144536853 0.012715682 0.989417732 2.448012829 0.097170494 0.995266736 0.001404068 -0.035404850 -0.984716773 0.096345149 -0.145088315 0.674922943
-0.144301534 0.013439706 0.989442527 2.514586449 0.097673446 0.995218277 0.000726661 -0.035182860 -0.984701514 0.096747115 -0.144924283 0.666441679
-0.143282056 0.013016474 0.989596367 2.579848766 0.097091250 0.995275021 0.000966509 -0.035484754 -0.984907985 0.096219629 -0.143868804 0.657209396
-0.141823053 0.011755236 0.989822209 2.649301529 0.099620789 0.995022416 0.002456813 -0.035213903 -0.984866440 0.098955303 -0.142288208 0.646269083
-0.141366839 0.009658566 0.989910126 2.717091560 0.100728452 0.994902968 0.004677523 -0.035497054 -0.984819353 0.100373365 -0.141619205 0.637303352
-0.140571594 0.011222406 0.990006924 2.785818577 0.102485448 0.994729102 0.003276028 -0.035111830 -0.984751940 0.101921819 -0.140980840 0.627259254
-0.139753342 0.013173612 0.990098774 2.854009151 0.104190007 0.994556308 0.001473592 -0.035057835 -0.984689593 0.103364334 -0.140365124 0.618001223
-0.138768435 0.012829415 0.990241766 2.923397541 0.103435501 0.994634867 0.001608692 -0.035291575 -0.984908342 0.102649391 -0.139350891 0.607568502
-0.138690472 0.012334777 0.990258992 2.994920731 0.103260010 0.994652212 0.002072542 -0.035406046 -0.984937787 0.102541596 -0.139222503 0.597199678
-0.138862371 0.011526374 0.990244687 3.063399553 0.103989080 0.994573891 0.003005647 -0.035826415 -0.984836876 0.103391998 -0.139307499 0.589458466
-0.138842821 0.011767263 0.990244508 3.134033442 0.106105052 0.994350195 0.003061007 -0.036746360 -0.984613836 0.105494946 -0.139307022 0.580625296
-0.138613462 0.011822508 0.990275979 3.205486298 0.105956092 0.994366407 0.002959815 -0.035851717 -0.984662175 0.105336040 -0.139085293 0.569756508
-0.138730884 0.012844928 0.990246832 3.277772427 0.107488766 0.994203925 0.002162621 -0.036834158 -0.984479547 0.106740430 -0.139307499 0.559943438
-0.139370441 0.013626235 0.990146697 3.350117445 0.105795771 0.994387150 0.001206919 -0.036122106 -0.984572709 0.104921527 -0.140029669 0.550137758
-0.140350819 0.013787427 0.990005970 3.423984051 0.104871482 0.994485259 0.001017565 -0.037273124 -0.984532297 0.103966199 -0.141022801 0.539817333
-0.142189503 0.014923986 0.989726961 3.498680592 0.103868902 0.994590998 -0.000074965 -0.036791638 -0.984374642 0.102791190 -0.142970562 0.529788971
-0.143528938 0.013955757 0.989547849 3.572849989 0.102819428 0.994699657 0.000885016 -0.037111446 -0.984290540 0.101871759 -0.144203067 0.519674063
-0.144361258 0.013988618 0.989426196 3.648986340 0.103913568 0.994585752 0.001099830 -0.037543520 -0.984053731 0.102973573 -0.145033240 0.508518219
-0.145650983 0.013151550 0.989248633 3.724414349 0.100236513 0.994962454 0.001530710 -0.037427492 -0.984245121 0.099381782 -0.146235585 0.498945713
-0.146594763 0.014479131 0.989090621 3.800817490 0.100096390 0.994977713 0.000270149 -0.037143752 -0.984119236 0.099044003 -0.147307873 0.487076283
-0.149740100 0.015386995 0.988605678 3.877309084 0.098494358 0.995137453 -0.000570111 -0.037129551 -0.983807325 0.097286716 -0.150527596 0.476311207
-0.153142929 0.016195389 0.988071322 3.955983639 0.099530004 0.995034158 -0.000883184 -0.037782386 -0.983179033 0.098207489 -0.153994322 0.463198662
-0.157310605 0.014998877 0.987435281 4.034197807 0.097611412 0.995224535 0.000433512 -0.038537234 -0.982713282 0.096453145 -0.158023477 0.450428486
-0.162059903 0.015032738 0.986666560 4.111679077 0.096233025 0.995358646 0.000641079 -0.038524181 -0.982077420 0.095053792 -0.162754297 0.438273907
-0.167209506 0.015015045 0.985807240 4.190883636 0.093960993 0.995575607 0.000773518 -0.039365172 -0.981433988 0.092756748 -0.167880535 0.425612450
-0.172037840 0.016979612 0.984943926 4.269516468 0.094497330 0.995524883 -0.000656388 -0.039834529 -0.980547369 0.092961654 -0.172872543 0.412456036
-0.176951289 0.018353190 0.984048605 4.347967148 0.093736939 0.995595515 -0.001712818 -0.040819161 -0.979745865 0.091938607 -0.177892327 0.399191380
-0.181524158 0.018751128 0.983207881 4.427185059 0.092791803 0.995683789 -0.001857442 -0.041115932 -0.978998959 0.090896450 -0.182480574 0.384850979
-0.186835289 0.018449215 0.982218027 4.507197857 0.091220960 0.995829761 -0.001353043 -0.041808978 -0.978146911 0.089346074 -0.187739134 0.370596409
-0.192407966 0.017761381 0.981154263 4.587000370 0.089642510 0.995973885 -0.000450433 -0.042598113 -0.977212071 0.087866463 -0.193225503 0.355811596
-0.197847247 0.017168140 0.980082512 4.667680264 0.089050256 0.996026993 0.000528947 -0.043260962 -0.976179600 0.087381251 -0.198589921 0.339805603
-0.203553081 0.017116439 0.978914320 4.749021530 0.088886574 0.996041179 0.001066955 -0.043664858 -0.975020707 0.087229520 -0.204268694 0.323538780
-0.209404469 0.018625766 0.977651894 4.829773426 0.089318514 0.996003091 0.000155836 -0.044194832 -0.973741412 0.087355033 -0.210231066 0.307159424
-0.214969516 0.019729838 0.976421416 4.911157131 0.089092821 0.996023178 -0.000511187 -0.044703454 -0.972548485 0.086882249 -0.215872407 0.289750099
-0.220879555 0.019596910 0.975104392 4.992352486 0.089440979 0.995992124 0.000243355 -0.045350775 -0.971191525 0.087268025 -0.221747041 0.271986008
-0.226629972 0.019249259 0.973790705 5.073931217 0.088423587 0.996082544 0.000888871 -0.045959428 -0.969958842 0.086307518 -0.227444172 0.253830910
-0.232028127 0.020044200 0.972502589 5.155325413 0.087627642 0.996153235 0.000375301 -0.046313658 -0.968754113 0.085305184 -0.232892036 0.235145092
-0.236891270 0.020649111 0.971316695 5.237475395 0.086755261 0.996229649 -0.000020270 -0.046658754 -0.967654884 0.084262036 -0.237789631 0.215339184
-0.241557956 0.019792130 0.970184445 5.320527554 0.087950960 0.996123552 0.001576869 -0.047328815 -0.966392398 0.085709564 -0.242362380 0.195839405
-0.244865894 0.020292774 0.969344616 5.402180672 0.090511888 0.995893359 0.002015628 -0.047343582 -0.965322912 0.088230766 -0.245697141 0.174747944
-0.248806715 0.020925159 0.968327105 5.485823154 0.091490597 0.995803952 0.001989116 -0.047728881 -0.964222312 0.089087725 -0.249677062 0.153893471
-0.251820803 0.021075862 0.967544317 5.568889618 0.091548763 0.995798290 0.002135904 -0.048404098 -0.963433981 0.089115351 -0.252692223 0.132300854
-0.254776716 0.021108031 0.966769516 5.651896000 0.090920873 0.995855629 0.002217657 -0.048908845 -0.962716103 0.088464536 -0.255640030 0.110410213
-0.258796334 0.021586601 0.965690672 5.735589027 0.089332141 0.996000469 0.001676071 -0.049270794 -0.961792171 0.086700976 -0.259689689 0.088591099
-0.262971282 0.022231957 0.964547515 5.819179535 0.088411845 0.996083319 0.001145505 -0.049904048 -0.960744262 0.085578658 -0.263906956 0.066151142
-0.267572165 0.021827849 0.963290513 5.903420448 0.087381914 0.996173441 0.001699016 -0.050364062 -0.959567368 0.084628783 -0.268455625 0.043240070
-0.272298455 0.022409115 0.961951911 5.987380981 0.087607272 0.996153831 0.001593002 -0.050976858 -0.958216369 0.084707752 -0.273214340 0.020662785
-0.276574373 0.022639040 0.960725963 6.070225239 0.087173760 0.996191800 0.001620850 -0.051823959 -0.957030654 0.084198371 -0.277494669 -0.003612518
-0.280985594 0.022475969 0.959448755 6.153962135 0.086329706 0.996264696 0.001944229 -0.052495942 -0.955821216 0.083375230 -0.281876326 -0.027861595
-0.285283446 0.021852754 0.958194196 6.237952709 0.086158201 0.996277153 0.002930614 -0.052935988 -0.954562962 0.083392337 -0.286104202 -0.052280903
-0.289479017 0.022021942 0.956931055 6.322912216 0.087230511 0.996182144 0.003462663 -0.053738013 -0.953201354 0.084475949 -0.290294766 -0.077406406
-0.293480158 0.022639656 0.955697238 6.408495426 0.087994754 0.996115029 0.003424721 -0.054256499 -0.951906860 0.085101418 -0.294332147 -0.103434086
-0.297290802 0.023557542 0.954496324 6.493857384 0.088145092 0.996103525 0.002869550 -0.055026144 -0.950709581 0.084987260 -0.298208952 -0.129270554
-0.300967097 0.025173690 0.953302205 6.579404831 0.087924428 0.996126115 0.001454098 -0.055402204 -0.949572563 0.084256187 -0.302014589 -0.155565262
-0.304558873 0.026057970 0.952137172 6.665865421 0.088692792 0.996058404 0.001110024 -0.056189880 -0.948355317 0.084785767 -0.305669546 -0.182708740
-0.307361722 0.027095784 0.951206923 6.751412392 0.088486604 0.996077359 0.000218568 -0.056607842 -0.947469711 0.084236242 -0.308553696 -0.210396767
-0.311188102 0.027110476 0.949961662 6.838580608 0.088535242 0.996072888 0.000575909 -0.056972936 -0.946215451 0.084284298 -0.312366247 -0.238375664
-0.315038681 0.027193785 0.948689163 6.924748421 0.088399403 0.996084809 0.000803127 -0.057871521 -0.944953024 0.084116571 -0.316209197 -0.266663551
-0.318572402 0.028085625 0.947482467 7.011436462 0.090738803 0.995874226 0.000989055 -0.058551729 -0.943545580 0.086288504 -0.319806457 -0.296216965
-0.322139144 0.028129352 0.946274281 7.098116875 0.092526600 0.995708406 0.001899885 -0.059185222 -0.942159832 0.088167578 -0.323359370 -0.324913979
-0.324427366 0.027713738 0.945504546 7.184410095 0.093594410 0.995606065 0.002932423 -0.059841648 -0.941268802 0.089445300 -0.325595737 -0.354852676
-0.327313662 0.027098397 0.944527149 7.271557808 0.092944272 0.995664656 0.003643097 -0.060257554 -0.940333605 0.088980824 -0.328413248 -0.384714127
-0.329807878 0.028093647 0.943630099 7.357706070 0.092590705 0.995700538 0.002717463 -0.060498714 -0.939496696 0.088267602 -0.330991149 -0.414438248
-0.333205104 0.029678360 0.942387342 7.445348263 0.091347344 0.995818675 0.000937106 -0.061140016 -0.938419044 0.086396821 -0.334522843 -0.444973946
-0.336275220 0.031457301 0.941238403 7.531808853 0.090526044 0.995893657 -0.000941817 -0.061629415 -0.937402964 0.084889874 -0.337742090 -0.475405693
-0.339362264 0.032234889 0.940103352 7.617515564 0.089817315 0.995956779 -0.001727421 -0.062636599 -0.936357915 0.083851330 -0.340885401 -0.506152153
-0.342624784 0.032933027 0.938894987 7.704712868 0.088354535 0.996085465 -0.002696431 -0.063731983 -0.935308397 0.082031764 -0.344193339 -0.537416458
-0.346288562 0.033126686 0.937543094 7.791524887 0.089318275 0.996000707 -0.002201836 -0.065249935 -0.933866560 0.082977250 -0.347862482 -0.569124222
-0.350294352 0.032373227 0.936080039 7.880385399 0.088725604 0.996055305 -0.001245030 -0.065861002 -0.932427824 0.082618140 -0.351784945 -0.601782799
-0.354352593 0.031600494 0.934578001 7.968276024 0.087719373 0.996145129 -0.000422768 -0.065909758 -0.930988729 0.081830777 -0.355758667 -0.633942604
-0.357698321 0.031406894 0.933308959 8.054929733 0.088549495 0.996071696 0.000418375 -0.067803442 -0.929629505 0.082793690 -0.359074235 -0.667930603
-0.361736536 0.031346865 0.931753457 8.142885208 0.087833323 0.996134996 0.000586837 -0.069241539 -0.928133845 0.082051270 -0.363091707 -0.700615883
-0.365036011 0.032005988 0.930443168 8.228044510 0.087013632 0.996207118 -0.000130580 -0.069449678 -0.926918268 0.080913566 -0.366436362 -0.733866692
-0.368421078 0.032782160 0.929080963 8.314340591 0.087355547 0.996177077 -0.000509343 -0.070362598 -0.925545871 0.080972716 -0.369876266 -0.766963005
-0.370839953 0.033430718 0.928094923 8.401308060 0.088173084 0.996104956 -0.000649075 -0.070772260 -0.924501657 0.081592284 -0.372343183 -0.803176880
-0.373226166 0.033333901 0.927141488 8.488673210 0.089080036 0.996024489 0.000049193 -0.071789950 -0.923453987 0.082608141 -0.374711871 -0.838493347
-0.375760794 0.033061348 0.926126778 8.575202942 0.090807229 0.995867670 0.001292552 -0.071989253 -0.922257006 0.084584698 -0.377210259 -0.873705864
-0.378404856 0.033320278 0.925040364 8.660559654 0.091707751 0.995784581 0.001646232 -0.073186308 -0.921086133 0.085456304 -0.379865527 -0.907797813
-0.380832076 0.034327399 0.924006999 8.748401642 0.091390565 0.995814919 0.000671755 -0.073500782 -0.920116901 0.084701344 -0.382375479 -0.944308281
-0.383634448 0.034565743 0.922837973 8.835298538 0.091145806 0.995837390 0.000590357 -0.074416026 -0.918976188 0.084339291 -0.385188103 -0.980032921
-0.386188269 0.035891246 0.921721578 8.923350334 0.090755448 0.995872915 -0.000753415 -0.074908838 -0.917944610 0.083360292 -0.387851715 -1.016306877
-0.389467716 0.036766838 0.920306087 9.008496284 0.089682162 0.995968759 -0.001836701 -0.075626165 -0.916663647 0.081819706 -0.391194940 -1.051068306
-0.392007113 0.037542518 0.919195771 9.097472191 0.088568963 0.996065795 -0.002910319 -0.075442389 -0.915688753 0.080271348 -0.393790007 -1.087449074
-0.396090508 0.038676225 0.917396605 9.188730240 0.088875659 0.996036172 -0.003619062 -0.076509759 -0.913900137 0.080100745 -0.397957921 -1.122740746
-0.397381544 0.038155794 0.916860104 9.273664474 0.091425717 0.995810270 -0.001816043 -0.078014135 -0.913087964 0.083102919 -0.399204969 -1.163552284
-0.399963379 0.037247241 0.915774167 9.359243393 0.091981128 0.995760679 -0.000327894 -0.079198122 -0.911904097 0.084102787 -0.401693821 -1.200011253
-0.402920842 0.036557563 0.914504409 9.450223923 0.090924479 0.995857775 0.000250668 -0.081215531 -0.910707176 0.083251834 -0.404575825 -1.240079880
-0.406025887 0.037385274 0.913096726 9.536326408 0.089475743 0.995988488 -0.000992069 -0.080517411 -0.909470916 0.081297196 -0.407742143 -1.277489662
-0.409492254 0.035808571 0.911610663 9.624537468 0.087469637 0.996167183 0.000161040 -0.083396360 -0.908110797 0.079804197 -0.411054850 -1.316990852
-0.413089633 0.035457455 0.910000026 9.712205887 0.087112695 0.996198177 0.000728222 -0.084568620 -0.906514585 0.079573371 -0.414607882 -1.355950356
-0.416770220 0.035407204 0.908322036 9.799543381 0.086152665 0.996281683 0.000693935 -0.085717842 -0.904920042 0.078543581 -0.418270946 -1.395417213
-0.420338154 0.035155348 0.906686425 9.885582924 0.085479945 0.996339381 0.000996827 -0.086221427 -0.903332353 0.077922501 -0.421804547 -1.435545921
-0.424273729 0.034556713 0.904874444 9.972721100 0.084734768 0.996402144 0.001677963 -0.087157890 -0.901560843 0.077386238 -0.425675392 -1.474883080
-0.428357005 0.034976214 0.902932405 10.059112549 0.083949953 0.996469200 0.001226922 -0.087540731 -0.899701416 0.076326691 -0.429780841 -1.513774872
-0.432118058 0.035422374 0.901121318 10.145217896 0.084214121 0.996446967 0.001213946 -0.088814408 -0.897876561 0.076411694 -0.433565855 -1.555565834
-0.435468793 0.036039434 0.899482310 10.228979111 0.084883153 0.996390224 0.001172462 -0.089559212 -0.896193087 0.076861456 -0.436955929 -1.595562935
-0.439187407 0.036119647 0.897669137 10.316142082 0.085053146 0.996375263 0.001521212 -0.090559080 -0.894360363 0.077017672 -0.440667510 -1.637055397
-0.442821622 0.035842203 0.895893276 10.401403427 0.083464243 0.996509790 0.001387051 -0.092562824 -0.892716706 0.075389259 -0.444267631 -1.679012299
-0.446256876 0.036946483 0.894141912 10.486509323 0.084435567 0.996428490 0.000967882 -0.092091963 -0.890912712 0.075929306 -0.447782636 -1.720831871
-0.450056791 0.037169281 0.892226219 10.573265076 0.084850304 0.996392846 0.001291419 -0.092909083 -0.888959885 0.076286867 -0.451587200 -1.761946678
-0.453251958 0.039109223 0.890524089 10.658244133 0.086979277 0.996209979 0.000519392 -0.093708649 -0.887128711 0.077692553 -0.454935789 -1.806729317
-0.456832170 0.041068900 0.888604283 10.742301941 0.088789254 0.996050358 -0.000388132 -0.094098955 -0.885110557 0.078721195 -0.458674431 -1.847803116
-0.459742308 0.042078141 0.887054861 10.828017235 0.090427697 0.995902956 -0.000374617 -0.094563544 -0.883436322 0.080042101 -0.461663723 -1.890999794
-0.462008953 0.043893237 0.885788560 10.913105011 0.091988310 0.995759130 -0.001363397 -0.095512241 -0.882091880 0.080852278 -0.464087367 -1.936117172
-0.465009093 0.046567868 0.884080410 10.998334885 0.093889937 0.995577872 -0.003056591 -0.096667454 -0.880313218 0.081584908 -0.467324972 -1.979385376
-0.468029618 0.047477663 0.882436514 11.083364487 0.095098183 0.995463014 -0.003120332 -0.097185418 -0.878581047 0.082457699 -0.470421314 -2.023827553
-0.470752239 0.048183464 0.880948603 11.168870926 0.095712222 0.995403588 -0.003297857 -0.098467603 -0.877058327 0.082765087 -0.473200202 -2.069780350
-0.474833250 0.048457898 0.878740609 11.254667282 0.094853096 0.995484650 -0.003641209 -0.099502042 -0.874949217 0.081622303 -0.477285624 -2.114104271
-0.478170276 0.049448021 0.876874089 11.340181351 0.095614411 0.995410442 -0.003992718 -0.100539908 -0.873047054 0.081932597 -0.480703712 -2.160383224
-0.481257558 0.049597785 0.875175059 11.425779343 0.094816014 0.995485604 -0.004276821 -0.101749659 -0.871436298 0.080922350 -0.483787656 -2.207132339
-0.484194636 0.049544856 0.873556495 11.511745453 0.093460336 0.995612085 -0.004664231 -0.102725610 -0.869954467 0.079384491 -0.486700535 -2.254246712
-0.486580014 0.050429504 0.872179389 11.597351074 0.095319107 0.995437145 -0.004378732 -0.103501946 -0.868420601 0.081004754 -0.489166617 -2.301862717
-0.488696933 0.050432757 0.870994687 11.684299469 0.096841633 0.995294333 -0.003294189 -0.104571924 -0.867062271 0.082738698 -0.491281271 -2.350943565
-0.490333557 0.050652038 0.870061696 11.770646095 0.097786441 0.995203376 -0.002828656 -0.105098158 -0.866031647 0.083693258 -0.492934704 -2.399987221
-0.492305160 0.050331425 0.868966281 11.857477188 0.097591065 0.995223820 -0.002355041 -0.105951726 -0.864934504 0.083643943 -0.494865775 -2.449522972
-0.494635940 0.049742881 0.867675781 11.944629669 0.097487919 0.995235622 -0.001480822 -0.106955335 -0.863615513 0.083855435 -0.497128606 -2.499042511
-0.497105360 0.049618553 0.866270363 12.031288147 0.098414116 0.995145380 -0.000525811 -0.107439891 -0.862091064 0.084991843 -0.499575257 -2.547945023
-0.499608159 0.049376030 0.864843130 12.117980957 0.098017164 0.995184720 -0.000194357 -0.107628897 -0.860688210 0.084672369 -0.502042055 -2.596981049
-0.502485991 0.049835015 0.863148093 12.203895569 0.097083114 0.995275855 -0.000946188 -0.108045116 -0.859117568 0.083321653 -0.504950285 -2.643486023
-0.505041718 0.052364159 0.861505210 12.290886879 0.096503220 0.995324910 -0.003924780 -0.108278111 -0.857683122 0.081155844 -0.507733941 -2.693410873
-0.508665681 0.051863417 0.859400690 12.378633499 0.095655710 0.995408475 -0.003454172 -0.110037729 -0.855633914 0.080449559 -0.511291146 -2.743343353
-0.513110042 0.050005727 0.856864929 12.468551636 0.093760423 0.995592892 -0.001955883 -0.111117229 -0.853186429 0.079336435 -0.515537262 -2.797083855
-0.517886400 0.047654863 0.854121029 12.557579041 0.091427408 0.995811760 -0.000124416 -0.111737877 -0.850549698 0.078025639 -0.520074368 -2.850865364
-0.522906303 0.046143580 0.851140261 12.645905495 0.089943580 0.995946050 0.001263658 -0.112218693 -0.847631454 0.077215381 -0.524936795 -2.903608322
-0.527241826 0.046468906 0.848443925 12.733852386 0.090536542 0.995891631 0.001716828 -0.112788767 -0.844878435 0.077720352 -0.529282808 -2.957125664
-0.531656265 0.047302559 0.845638275 12.822134018 0.091921985 0.995764017 0.002091568 -0.113160372 -0.841957211 0.078844748 -0.533752322 -3.011751175
-0.535338044 0.048167821 0.843263328 12.910329819 0.092404187 0.995719969 0.001785701 -0.113299459 -0.839568138 0.078877017 -0.537497759 -3.067092896
-0.538942575 0.048280947 0.840957761 12.998506546 0.094432659 0.995525539 0.003363857 -0.114597738 -0.837032557 0.081226803 -0.541090488 -3.123580933
-0.542533278 0.046722505 0.838733971 13.086032867 0.093797766 0.995577633 0.005213247 -0.114533722 -0.834781170 0.081499733 -0.544516444 -3.180770874
-0.546589851 0.044727951 0.836205125 13.174476624 0.092199177 0.995715916 0.007006419 -0.115274847 -0.832309365 0.080927052 -0.548372149 -3.238101959
-0.551048160 0.044420395 0.833290339 13.262691498 0.091294467 0.995797276 0.007289099 -0.115588725 -0.829464495 0.080091439 -0.552787542 -3.295072556
-0.555391788 0.044052441 0.830421388 13.350764275 0.090968065 0.995821595 0.008013431 -0.115740478 -0.826598525 0.079992414 -0.557078481 -3.352811813
-0.559012294 0.044287160 0.827975810 13.439697266 0.092408940 0.995679259 0.009133028 -0.116143405 -0.823993862 0.081617840 -0.560689449 -3.413270950
-0.562772751 0.043600392 0.825461030 13.529199600 0.092962213 0.995611131 0.010791019 -0.116613388 -0.821367741 0.082809567 -0.564356089 -3.474576950
-0.566049576 0.042932201 0.823252439 13.619524002 0.091766246 0.995717943 0.011170194 -0.116411507 -0.819247663 0.081869677 -0.567565441 -3.536785126
-0.569550991 0.041834176 0.820890665 13.710348129 0.091691673 0.995704234 0.012874577 -0.116578072 -0.816825747 0.082601570 -0.570940137 -3.598678589
-0.572111607 0.041310001 0.819134831 13.802406311 0.092261732 0.995633125 0.014227693 -0.116279989 -0.814970016 0.083714619 -0.573424578 -3.663038254
-0.574162245 0.040019799 0.817762971 13.895198822 0.089748114 0.995862126 0.014277691 -0.116302103 -0.813807786 0.081590392 -0.575378060 -3.729063034
-0.577423215 0.039397392 0.815493762 13.988630295 0.086431794 0.996172011 0.013073251 -0.115932643 -0.811857045 0.078033395 -0.578618050 -3.793685913
-0.580273151 0.038504202 0.813511193 14.081785202 0.082888924 0.996487021 0.011959611 -0.115493566 -0.810192883 0.074370913 -0.581426263 -3.859758377
-0.582852960 0.036245283 0.811769009 14.173468590 0.081481233 0.996576428 0.014006909 -0.115141451 -0.808482170 0.074307904 -0.583810806 -3.924877167
-0.585185528 0.035876073 0.810105383 14.264680862 0.082422771 0.996478319 0.015408964 -0.114557147 -0.806699634 0.075788237 -0.586081743 -3.991420746
-0.587872028 0.036148574 0.808145881 14.355649948 0.081991091 0.996519148 0.015068474 -0.113911659 -0.804788113 0.075119101 -0.588789582 -4.056941986
-0.590424299 0.035281811 0.806321621 14.446424484 0.080438927 0.996642232 0.015291351 -0.113187224 -0.803074658 0.073888026 -0.591279864 -4.123180389
-0.593460917 0.031564247 0.804243743 14.537021637 0.078288272 0.996756315 0.018650020 -0.112657219 -0.801046312 0.074030906 -0.594007015 -4.188970566
-0.596268773 0.029456271 0.802244484 14.625516891 0.076663211 0.996848762 0.020378353 -0.111679018 -0.799116135 0.073653609 -0.596647978 -4.254709244
-0.599465132 0.028754840 0.799884081 14.713474274 0.075733677 0.996908605 0.020920224 -0.110633582 -0.796809793 0.073119111 -0.599789619 -4.319114685
-0.602234721 0.029320067 0.797780573 14.800391197 0.075768515 0.996913493 0.020558106 -0.109332144 -0.794715464 0.072827451 -0.602597475 -4.384084702
-0.604879022 0.028947303 0.795791090 14.887255669 0.075769164 0.996897221 0.021329328 -0.108127385 -0.792704523 0.073198088 -0.605195642 -4.449472427
-0.608265996 0.028163601 0.793233514 14.973196030 0.075538017 0.996888399 0.022529608 -0.107411742 -0.790130734 0.073623277 -0.608500719 -4.513856888
-0.611122251 0.026151737 0.791104138 15.058921814 0.071493119 0.997192621 0.022263460 -0.106148660 -0.788300931 0.070164196 -0.611276269 -4.579177856
-0.614540339 0.022985674 0.788550496 15.144117355 0.061873607 0.997900605 0.019131819 -0.105029404 -0.786455214 0.060547736 -0.614672303 -4.644062042
-0.618167043 0.025647031 0.785628259 15.229412079 0.054254167 0.998476148 0.010094075 -0.104803264 -0.784172177 0.048863426 -0.618616581 -4.708898544
-0.620687723 0.036039803 0.783229411 15.314563751 0.064607948 0.997896731 0.005282414 -0.105326951 -0.781391740 0.053881571 -0.621710658 -4.774822235
-0.621857285 0.037306443 0.782241583 15.397214890 0.071829066 0.997371376 0.009535472 -0.105607167 -0.779829621 0.062117379 -0.622902393 -4.840175629
-0.624307871 0.027463915 0.780695736 15.479261398 0.070046902 0.997324109 0.020930551 -0.105249017 -0.778031826 0.067752413 -0.624560952 -4.905244827
-0.627423406 0.017472431 0.778482199 15.562318802 0.064597972 0.997470021 0.029675767 -0.103332579 -0.775994122 0.068907641 -0.626964808 -4.970596313
-0.630804300 0.011553836 0.775855899 15.643551826 0.059145305 0.997696161 0.033230264 -0.101177454 -0.773684502 0.066850029 -0.630034447 -5.035619736
-0.633611917 0.010764726 0.773576200 15.725807190 0.057686180 0.997777104 0.033364329 -0.098911226 -0.771497488 0.065764688 -0.632824540 -5.101501465
-0.636066556 0.015592048 0.771476567 15.805477142 0.063011855 0.997506261 0.031791732 -0.097255230 -0.769056976 0.068833828 -0.635462880 -5.167173386
-0.638311625 0.022244029 0.769456625 15.884691238 0.067619622 0.997338593 0.027262827 -0.095376760 -0.766802371 0.069432542 -0.638116956 -5.232345581
-0.640841007 0.025073787 0.767264128 15.964076042 0.068410128 0.997355282 0.024545051 -0.093483090 -0.764619529 0.068218112 -0.640861511 -5.298715591
-0.643877625 0.024955103 0.764721394 16.043254852 0.067974448 0.997381628 0.024685413 -0.091989875 -0.762103081 0.067875899 -0.643887997 -5.365209579
-0.646857023 0.024005758 0.762233257 16.122478485 0.068230323 0.997317791 0.026493065 -0.090462714 -0.759552836 0.069144651 -0.646759987 -5.431787491
-0.649284005 0.023070794 0.760196149 16.198463440 0.068453856 0.997255623 0.028201282 -0.088854402 -0.757459283 0.070348993 -0.649081349 -5.496299744
-0.651406288 0.023539849 0.758363843 16.275711060 0.068905488 0.997223616 0.028233116 -0.087075651 -0.755593717 0.070646659 -0.651219845 -5.561611176
-0.652697325 0.023261266 0.757261813 16.350807190 0.068776406 0.997220695 0.028647359 -0.085200369 -0.754490793 0.070779793 -0.652483106 -5.626688004
-0.654029012 0.024050299 0.756087124 16.427194595 0.069534324 0.997174382 0.028429417 -0.083399773 -0.753266990 0.071167663 -0.653853297 -5.691802979
-0.655531645 0.023522468 0.754801333 16.501478195 0.071007989 0.997006297 0.030598687 -0.081448078 -0.751821935 0.073655330 -0.655239463 -5.755872726
-0.656488538 0.022894079 0.753988743 16.572921753 0.072628483 0.996814013 0.032969482 -0.079401314 -0.750831664 0.076405130 -0.656059742 -5.819440842
-0.658649921 0.022465479 0.752114356 16.640256882 0.074037425 0.996638715 0.035067488 -0.077233195 -0.748798490 0.078781791 -0.658099294 -5.879138947
-0.659577608 0.022674141 0.751294434 16.712165833 0.072660297 0.996787012 0.033706907 -0.074741602 -0.748116255 0.076821595 -0.659105897 -5.942195892
-0.662201166 0.023223002 0.748966455 16.784833908 0.068899222 0.997172475 0.029998396 -0.071480155 -0.746152103 0.071468160 -0.661928773 -6.001426697
-0.663172245 0.021270521 0.748164594 16.850168228 0.064054884 0.997541666 0.028417794 -0.070809305 -0.745720863 0.066769481 -0.662904501 -6.064367294
-0.665535569 0.020908222 0.746073425 16.906751633 0.065061316 0.997427642 0.030085750 -0.069950283 -0.743525207 0.068563648 -0.665183902 -6.119592667
-0.665695310 0.020055214 0.745954394 16.964519501 0.063108973 0.997570574 0.029498916 -0.066007793 -0.743550539 0.066713691 -0.665343761 -6.181291580
-0.668148875 0.019714015 0.743766487 17.016950607 0.060816962 0.997750819 0.028187752 -0.063705981 -0.741537988 0.064067230 -0.667845011 -6.232624054
-0.667298675 0.019277833 0.744540751 17.078052521 0.060386628 0.997774184 0.028287223 -0.060576141 -0.742338181 0.063836329 -0.666977525 -6.305189133
-0.667954564 0.018942915 0.743961215 17.118167877 0.062517196 0.997570693 0.030729746 -0.054428518 -0.741571784 0.067036428 -0.667516112 -6.360713959
-0.668136120 0.016796989 0.743849456 17.192474365 0.063277692 0.997405887 0.034314331 -0.053872943 -0.741343439 0.069995724 -0.667465806 -6.427196503
-0.666936278 0.015068567 0.744962454 17.238075256 0.067665353 0.996889234 0.040413827 -0.051818311 -0.742036045 0.077361591 -0.665881157 -6.495609283
-0.663743854 0.014681064 0.747815967 17.272903442 0.071255527 0.996501148 0.043681491 -0.045517921 -0.744558215 0.082279339 -0.662467599 -6.553600311
-0.662347913 0.011292280 0.749111593 17.333820343 0.064925157 0.996989965 0.042376518 -0.043683887 -0.746378183 0.076704167 -0.661087394 -6.620872498
-0.662309408 0.011637909 0.749140084 17.391633987 0.058482241 0.997631669 0.036205493 -0.036323428 -0.746944547 0.067790627 -0.661421418 -6.686727524
-0.657495022 0.007728983 0.753419518 17.426437378 0.052367691 0.997997999 0.035462283 -0.037452102 -0.751637101 0.062771104 -0.656583548 -6.761463165
-0.655403972 0.007831664 0.755237877 17.464834213 0.050696164 0.998147249 0.033644117 -0.033250749 -0.753575146 0.060338154 -0.654586673 -6.828100204
-0.652985334 0.010427768 0.757298768 17.532077789 0.053995680 0.998001814 0.032815926 -0.027323067 -0.755443335 0.062319182 -0.652243614 -6.902214050
-0.650224209 0.009362790 0.759684622 17.581010818 0.054408174 0.997930527 0.034269620 -0.026259601 -0.757791579 0.063615993 -0.649388075 -6.957036972
-0.647944808 0.010691959 0.761612594 17.654174805 0.052160021 0.998177052 0.030362334 -0.020794690 -0.759899616 0.059398834 -0.647321343 -7.033172607
-0.645982146 0.005154245 0.763335347 17.702762604 0.043821011 0.998578548 0.030341407 -0.016568840 -0.762093902 0.053050127 -0.645289779 -7.087987900
-0.644258618 -0.000605355 0.764807582 17.772668839 0.035296444 0.998910666 0.030523669 -0.011569381 -0.763992906 0.046660122 -0.643535495 -7.164081573
-0.644101024 -0.003443062 0.764932930 17.830497742 0.029069990 0.999157310 0.028975310 -0.003838718 -0.764388084 0.040899612 -0.643458128 -7.231500626
-0.643383741 -0.003968631 0.765533626 17.892375946 0.028069317 0.999191880 0.028770469 0.004638910 -0.765029132 0.039998457 -0.642752409 -7.311813354
-0.642199039 -0.004055142 0.766527236 17.955036163 0.030099874 0.999081373 0.030503189 -0.005840719 -0.765946746 0.042661492 -0.641487122 -7.372447968
-0.640721798 -0.005852049 0.767750978 18.000839233 0.030892134 0.998964667 0.033395272 -0.005080938 -0.767151535 0.045114536 -0.639877677 -7.427230835
-0.639395952 -0.007496933 0.768841147 18.080135345 0.029886262 0.998954415 0.034595247 -0.002550840 -0.768296599 0.045097847 -0.638503432 -7.500492096
-0.638420582 -0.008724325 0.769638419 18.137851715 0.027477644 0.999040008 0.034117639 -0.002125680 -0.769197226 0.042929247 -0.637567997 -7.565582275
-0.637649417 -0.007928711 0.770285726 18.202306747 0.025554415 0.999178946 0.031438936 0.004653037 -0.769902587 0.039731223 -0.636923313 -7.628530502
-0.635897040 -0.005064360 0.771757245 18.264938354 0.027227465 0.999208748 0.028991265 0.011874020 -0.771293461 0.039448455 -0.635256052 -7.697921753
-0.635166049 -0.005403633 0.772356689 18.341728210 0.028434515 0.999134064 0.030374037 0.012126565 -0.771852016 0.041254144 -0.634462476 -7.763166428
-0.634338260 -0.005555480 0.773035944 18.414381027 0.030007131 0.999043643 0.031802967 0.014547229 -0.772473335 0.043370418 -0.633564949 -7.832555771
-0.632958412 -0.005856916 0.774163783 18.479301453 0.029509153 0.999062181 0.031685140 0.018693745 -0.773623347 0.042900290 -0.632192016 -7.901514053
-0.632283330 -0.004959945 0.774721742 18.528045654 0.030789027 0.999028683 0.031524234 0.024954677 -0.774125576 0.043785162 -0.631516457 -7.961858749
-0.631353259 -0.006936822 0.775464475 18.593126297 0.029920135 0.998997569 0.033296224 0.022206843 -0.774918079 0.044223677 -0.630512714 -8.010160446
-0.630319953 -0.007184890 0.776302457 18.657466888 0.030582339 0.998951197 0.034076937 0.026948035 -0.775733113 0.045220509 -0.629439235 -8.084276199
