0.999990702 -0.002405881 -0.003586445 0.000222332 0.002398862 0.999995172 -0.001960364 -0.001196344 0.003591144 0.001951742 0.999991655 0.042683858
0.999980211 -0.002784682 -0.005644748 -0.000076933 0.002766052 0.999990702 -0.003305604 -0.001737692 0.005653901 0.003289924 0.999978602 0.063925907
0.999962449 -0.004793679 -0.007220516 -0.000534592 0.004757632 0.999976158 -0.005001194 -0.002278146 0.007244318 0.004966653 0.999961436 0.088268518
0.999926925 -0.007222602 -0.009693664 -0.000383309 0.007156549 0.999951065 -0.006831523 -0.002793587 0.009742531 0.006761651 0.999929667 0.106373198
0.999928594 -0.008081962 -0.008803134 -0.002174435 0.008011712 0.999935985 -0.007986371 -0.003204899 0.008867116 0.007915272 0.999929368 0.137993768
0.999884486 -0.008626893 -0.012511336 -0.001275699 0.008541398 0.999939919 -0.006870822 -0.003818156 0.012569859 0.006763163 0.999898136 0.149747774
0.999861360 -0.009024911 -0.013994494 -0.001661766 0.008923732 0.999933720 -0.007275575 -0.004454934 0.014059228 0.007149684 0.999875605 0.173811108
0.999857306 -0.008454521 -0.014626033 -0.001976221 0.008308831 0.999915540 -0.009993280 -0.005069606 0.014709285 0.009870329 0.999843121 0.194279045
0.999848366 -0.006735945 -0.016058994 -0.002482564 0.006512620 0.999881923 -0.013918511 -0.005691226 0.016150853 0.013811814 0.999774158 0.218310222
0.999828637 -0.005218657 -0.017762421 -0.003651078 0.004909040 0.999836028 -0.017430181 -0.006257458 0.017850470 0.017339997 0.999690294 0.239838049
0.999816358 -0.003547563 -0.018833708 -0.004653521 0.003213338 0.999837339 -0.017746843 -0.006679620 0.018893603 0.017683065 0.999665141 0.265137166
0.999814212 -0.000912156 -0.019254580 -0.005466646 0.000699476 0.999938726 -0.011049560 -0.007382934 0.019263478 0.011034039 0.999753535 0.294164658
0.999778628 -0.000076658 -0.021039529 -0.005906724 0.000071082 0.999999940 -0.000265767 -0.008078928 0.021039547 0.000264213 0.999778628 0.312758088
0.999762297 0.000863372 -0.021786388 -0.006864215 -0.000728741 0.999980569 0.006186799 -0.008514829 0.021791305 -0.006169451 0.999743521 0.338313758
0.999736249 0.003055366 -0.022761473 0.003383970 -0.002936609 0.999981940 0.005249061 -0.003301421 0.022777099 -0.005180835 0.999727130 0.290660441
0.999704063 0.004985103 -0.023811487 0.008472908 -0.005027397 0.999985874 -0.001716644 -0.003160537 0.023802593 0.001835846 0.999714971 0.309584290
0.999668181 0.004727525 -0.025322013 0.007809795 -0.004925495 0.999957740 -0.007761416 -0.003118148 0.025284249 0.007883565 0.999649227 0.338111520
0.999651432 0.002378409 -0.026293861 -0.010513496 -0.002542193 0.999977589 -0.006197313 -0.009734827 0.026278531 0.006261996 0.999635041 0.444569081
0.999633253 0.001576268 -0.027033860 -0.011446316 -0.001498744 0.999994695 0.002887675 -0.010191914 0.027038269 -0.002846099 0.999630332 0.475307435
0.999628425 0.000490862 -0.027254639 -0.012411934 -0.000211341 0.999947369 0.010257835 -0.010357013 0.027258240 -0.010248264 0.999575913 0.502398074
0.999625146 -0.000786800 -0.027366821 -0.013795329 0.001133174 0.999919415 0.012643523 -0.010389186 0.027354667 -0.012669794 0.999545515 0.533979595
0.999593019 -0.001870566 -0.028465029 -0.014100891 0.002205723 0.999928534 0.011747496 -0.010782427 0.028441021 -0.011805502 0.999525785 0.562417150
0.999608219 -0.001732861 -0.027935542 -0.015267366 0.001989153 0.999956191 0.009149224 -0.010908996 0.027918464 -0.009201207 0.999567866 0.595018089
0.999631345 0.000218779 -0.027150797 -0.016742796 -0.000056523 0.999982119 0.005976718 -0.010949598 0.027151618 -0.005972980 0.999613464 0.625377953
0.999642491 -0.002668994 -0.026603999 -0.017669311 0.002680757 0.999996305 0.000406492 -0.011273281 0.026602816 -0.000477665 0.999645948 0.659673214
0.999646306 -0.006362624 -0.025823208 -0.018514141 0.006215938 0.999964118 -0.005756718 -0.011653451 0.025858909 0.005594166 0.999649942 0.690261841
0.999675095 -0.005181557 -0.024957336 -0.019483401 0.004906936 0.999926865 -0.011052293 -0.012171825 0.025012780 0.010926237 0.999627411 0.725507140
0.999686301 -0.003572852 -0.024789145 -0.020812087 0.003281321 0.999925077 -0.011791152 -0.012992181 0.024829417 0.011706113 0.999623179 0.758249998
0.999688387 -0.003691645 -0.024687210 -0.022351030 0.003413290 0.999930263 -0.011307911 -0.013713849 0.024727231 0.011220124 0.999631286 0.795084000
0.999677956 -0.002181754 -0.025282778 -0.023311405 0.001863347 0.999918759 -0.012610541 -0.014735193 0.025308236 0.012559369 0.999600828 0.829020858
0.999678314 0.000965438 -0.025344033 -0.024539534 -0.001345217 0.999886990 -0.014972149 -0.015555403 0.025326714 0.015001426 0.999566674 0.866492808
0.999678791 0.004298196 -0.024976360 -0.026339157 -0.004686173 0.999868929 -0.015496051 -0.016681699 0.024906481 0.015608118 0.999567926 0.901545703
0.999667346 0.005626274 -0.025171155 -0.027486918 -0.006009817 0.999866605 -0.015187771 -0.017973024 0.025082346 0.015333992 0.999567807 0.940106750
0.999646068 0.006592930 -0.025773084 -0.028863970 -0.006997231 0.999853373 -0.015628377 -0.018979738 0.025666269 0.015803186 0.999545634 0.975892246
0.999629140 0.006252167 -0.026505694 -0.029920859 -0.006671591 0.999853492 -0.015765138 -0.020062545 0.026403243 0.015936125 0.999524355 1.015092254
0.999611378 0.007987134 -0.026708398 -0.031453837 -0.008363655 0.999866784 -0.014015606 -0.021571379 0.026592895 0.014233538 0.999545038 1.051340938
0.999599397 0.008708679 -0.026928635 -0.032961931 -0.009052983 0.999878466 -0.012690410 -0.022362884 0.026814846 0.012929111 0.999556780 1.091463447
0.999574661 0.009281430 -0.027646855 -0.034290574 -0.009588353 0.999893665 -0.010989740 -0.023797350 0.027541913 0.011250153 0.999557316 1.128201365
0.999555647 0.009738419 -0.028172458 -0.035414785 -0.010095015 0.999870360 -0.012543175 -0.024579011 0.028046655 0.012822003 0.999524355 1.168164968
0.999552011 0.010573295 -0.028000016 -0.037399717 -0.010947243 0.999852479 -0.013235835 -0.025834084 0.027855938 0.013536429 0.999520302 1.205631733
0.999532819 0.009991275 -0.028885249 -0.038757958 -0.010356247 0.999868095 -0.012513392 -0.026896030 0.028756414 0.012806688 0.999504387 1.246572018
0.999526322 0.009404892 -0.029302413 -0.040425178 -0.009687558 0.999907732 -0.009519506 -0.028198870 0.029210180 0.009798866 0.999525249 1.284935713
0.999495208 0.010111428 -0.030118661 -0.041725900 -0.010293142 0.999929726 -0.005884362 -0.029224128 0.030057045 0.006191407 0.999529004 1.326077223
0.999486446 0.009825163 -0.030500155 -0.043601193 -0.009937309 0.999944389 -0.003527495 -0.030210778 0.030463802 0.003828773 0.999528527 1.365263343
0.999445915 0.009696539 -0.031840112 -0.044671956 -0.009796400 0.999947548 -0.002981839 -0.031109108 0.031809531 0.003292105 0.999488533 1.407070637
0.999460220 0.009364739 -0.031488966 -0.047323562 -0.009514154 0.999944150 -0.004598492 -0.031842958 0.031444144 0.004895601 0.999493539 1.446732163
0.999433637 0.010509680 -0.031968120 -0.049145766 -0.010690788 0.999927700 -0.005499632 -0.032449946 0.031908013 0.005838281 0.999473751 1.488708615
0.999398410 0.009693167 -0.033298846 -0.050773751 -0.009844055 0.999942005 -0.004370383 -0.033455532 0.033254549 0.004695549 0.999435902 1.528945446
0.999381781 0.009971197 -0.033713225 -0.052869976 -0.010067268 0.999945700 -0.002681125 -0.034230895 0.033684663 0.003018868 0.999427974 1.571146011
0.999342740 0.009846065 -0.034887187 -0.054583531 -0.009848695 0.999951482 0.000096464 -0.035177775 0.034886446 0.000247192 0.999391258 1.611326814
0.999325812 0.011249681 -0.034947701 -0.056742910 -0.011256726 0.999936640 -0.000004818 -0.036114834 0.034945436 0.000398211 0.999389172 1.653590918
0.999282837 0.012261465 -0.035825107 -0.058588792 -0.012400673 0.999916375 -0.003666132 -0.037153598 0.035777159 0.004107758 0.999351323 1.693227172
0.999265194 0.013327613 -0.035936702 -0.060255963 -0.013608868 0.999878585 -0.007593157 -0.038075011 0.035831138 0.008076636 0.999325216 1.734880924
0.999259949 0.013436939 -0.036041919 -0.062641859 -0.013733268 0.999873817 -0.007986859 -0.039052267 0.035930052 0.008475922 0.999318361 1.775273561
0.999226630 0.014287158 -0.036633380 -0.064331241 -0.014496015 0.999880135 -0.005442014 -0.040127508 0.036551237 0.005968844 0.999313951 1.817338467
0.999239922 0.015078731 -0.035946958 -0.066687696 -0.015206040 0.999879003 -0.003270806 -0.041267723 0.035893291 0.003814931 0.999348342 1.858481169
0.999240696 0.012928871 -0.036753960 -0.068116583 -0.013021622 0.999912620 -0.002285286 -0.042007659 0.036721200 0.002762147 0.999321759 1.900269985
0.999273360 0.012703965 -0.035935178 -0.070753090 -0.012812460 0.999914050 -0.002790499 -0.043173283 0.035896637 0.003248890 0.999350250 1.941418409
0.999281704 0.012348218 -0.035827979 -0.072502807 -0.012522478 0.999910831 -0.004643461 -0.044173080 0.035767447 0.005088781 0.999347210 1.983715415
0.999286652 0.012600441 -0.035601366 -0.074412189 -0.012846061 0.999895155 -0.006678879 -0.045247037 0.035513476 0.007131452 0.999343753 2.023841381
0.999292195 0.011612789 -0.035781052 -0.076025985 -0.011927268 0.999891996 -0.008588098 -0.046656765 0.035677455 0.009008789 0.999322772 2.066364288
0.999305665 0.010058367 -0.035875145 -0.078096144 -0.010519891 0.999864042 -0.012699253 -0.047439899 0.035742532 0.013067838 0.999275565 2.106277227
0.999317825 0.008053522 -0.036042795 -0.079702623 -0.008564040 0.999864876 -0.014032329 -0.049027428 0.035924915 0.014331428 0.999251723 2.148154259
0.999339759 0.006547244 -0.035738122 -0.081405997 -0.006985991 0.999901593 -0.012165688 -0.049995635 0.035654951 0.012407321 0.999287128 2.188479900
0.999339342 0.005512123 -0.035922650 -0.083138965 -0.005755626 0.999961138 -0.006678667 -0.051038135 0.035884440 0.006881013 0.999332249 2.230718851
0.999353886 0.004601683 -0.035646692 -0.084951907 -0.004623398 0.999989152 -0.000526779 -0.052191101 0.035643879 0.000691247 0.999364316 2.271529675
0.999362707 0.002149569 -0.035631597 -0.086599924 -0.002141762 0.999997675 0.000257277 -0.053164259 0.035632070 -0.000180799 0.999364972 2.313093662
0.999381244 -0.000610129 -0.035167363 -0.088460997 0.000518361 0.999996424 -0.002618526 -0.053955190 0.035168834 0.002598677 0.999378026 2.353294611
0.999362767 -0.001872637 -0.035644386 -0.089935690 0.001662865 0.999981105 -0.005913864 -0.054834340 0.035654791 0.005850824 0.999347031 2.395006180
0.999365091 0.000514675 -0.035624497 -0.092118129 -0.000869986 0.999950051 -0.009958998 -0.056239232 0.035617594 0.009983668 0.999315619 2.437443495
0.999351919 0.000077506 -0.035995767 -0.093447417 -0.000589828 0.999898672 -0.014222465 -0.056903172 0.035991017 0.014234480 0.999250710 2.476875782
0.999373198 0.003260718 -0.035249867 -0.095594443 -0.003805340 0.999874234 -0.015394291 -0.057950608 0.035195239 0.015518780 0.999259949 2.519398689
0.999371707 0.006572168 -0.034827262 -0.097416632 -0.006977709 0.999909103 -0.011535648 -0.059304737 0.034748282 0.011771415 0.999326766 2.559269428
0.999362230 0.007952942 -0.034812376 -0.099170625 -0.008283811 0.999921799 -0.009370451 -0.060712684 0.034735132 0.009652854 0.999349952 2.602148533
0.999357522 0.007396788 -0.035069082 -0.101065576 -0.007711293 0.999931157 -0.008841391 -0.061704285 0.035001270 0.009106139 0.999345779 2.641890526
0.999349535 0.005285492 -0.035673231 -0.102524012 -0.005573539 0.999952614 -0.007979964 -0.062882110 0.035629366 0.008173599 0.999331653 2.684322357
0.999355376 0.004940572 -0.035558037 -0.104362056 -0.005188188 0.999962926 -0.006874802 -0.063830927 0.035522755 0.007054852 0.999343991 2.723721743
0.999334395 0.003086791 -0.036348224 -0.106008150 -0.003263331 0.999983191 -0.004798589 -0.065153308 0.036332797 0.004914012 0.999327660 2.765793562
0.999313831 0.002049466 -0.036981679 -0.107849926 -0.002161569 0.999993205 -0.002991576 -0.066070847 0.036975298 0.003069462 0.999311447 2.805848837
0.999288201 0.001745038 -0.037683975 -0.109699704 -0.001898180 0.999990106 -0.004028458 -0.067484848 0.037676569 0.004097121 0.999281585 2.847788334
0.999276698 0.001485172 -0.037998322 -0.111708082 -0.001786474 0.999967217 -0.007896604 -0.068430550 0.037985351 0.007958775 0.999246597 2.887120962
0.999270797 0.002332438 -0.038110308 -0.114243217 -0.002710685 0.999947548 -0.009876396 -0.069572061 0.038085274 0.009972499 0.999224722 2.928272963
0.999203801 0.004161644 -0.039679617 -0.115500264 -0.004483493 0.999957740 -0.008025663 -0.070783362 0.039644543 0.008197176 0.999180198 2.967717886
0.999157429 0.004971236 -0.040739831 -0.117224738 -0.005142556 0.999978364 -0.004101514 -0.071661659 0.040718559 0.004307565 0.999161363 3.008720875
0.999134779 0.006486334 -0.041081328 -0.119579449 -0.006510097 0.999978721 -0.000444670 -0.072520390 0.041077569 0.000711729 0.999155700 3.048382282
0.999131560 0.007492665 -0.040987693 -0.122250095 -0.007473989 0.999971867 0.000608866 -0.073652528 0.040991105 -0.000301995 0.999159455 3.088398933
0.999069929 0.007461775 -0.042468648 -0.123789757 -0.007523170 0.999970853 -0.001286016 -0.074669279 0.042457815 0.001604319 0.999096990 3.127209425
0.999049425 0.007517718 -0.042938437 -0.126106054 -0.007618228 0.999968588 -0.002177623 -0.075618908 0.042920720 0.002502668 0.999075353 3.166825533
0.999033749 0.006700312 -0.043435942 -0.128144369 -0.006811435 0.999973893 -0.002410816 -0.076492004 0.043418653 0.002704348 0.999053299 3.205561876
0.999009192 0.005833164 -0.044120997 -0.130103573 -0.005930799 0.999980271 -0.002082319 -0.077419743 0.044107981 0.002341929 0.999024034 3.244372845
0.998979807 0.004176313 -0.044966187 -0.132272154 -0.004221778 0.999990642 -0.000916189 -0.078371182 0.044961940 0.001105091 0.998988092 3.281748056
0.998937368 0.004618517 -0.045856729 -0.134189010 -0.004535169 0.999987841 0.001921432 -0.079491973 0.045865048 -0.001711422 0.998946190 3.318744898
0.998894215 0.003517194 -0.046882179 -0.136232868 -0.003396909 0.999990761 0.002645110 -0.080323935 0.046891049 -0.002482931 0.998896897 3.355190277
0.998793066 0.002862158 -0.049032807 -0.138431162 -0.002726503 0.999992251 0.002833287 -0.081133246 0.049040537 -0.002696179 0.998793125 3.390883446
0.998617828 0.001952480 -0.052522846 -0.140487149 -0.001852776 0.999996364 0.001946920 -0.081929475 0.052526459 -0.001846916 0.998617828 3.425502539
0.998415649 0.001715054 -0.056242410 -0.142580733 -0.001653668 0.999997973 0.001137966 -0.082782477 0.056244250 -0.001043157 0.998416483 3.460082054
0.998275995 0.001396118 -0.058678329 -0.145368189 -0.001322156 0.999998271 0.001299283 -0.083557397 0.058680043 -0.001219461 0.998276114 3.492031097
0.998110592 0.002830606 -0.061377343 -0.148045123 -0.002691852 0.999993622 0.002343236 -0.084320053 0.061383583 -0.002173590 0.998111904 3.523938656
0.997920811 0.003963522 -0.064330034 -0.150576860 -0.003749674 0.999987066 0.003444613 -0.085091054 0.064342849 -0.003196235 0.997922719 3.554952860
0.997710168 0.004947228 -0.067453399 -0.152948171 -0.004631979 0.999977589 0.004829188 -0.085705481 0.067475781 -0.004505687 0.997710764 3.584866285
0.997513294 0.006497351 -0.070178039 -0.155415252 -0.006113679 0.999965191 0.005680535 -0.086444207 0.070212506 -0.005237363 0.997518301 3.613928795
0.997299910 0.008449581 -0.072948888 -0.157868743 -0.008032026 0.999949634 0.006015405 -0.087034397 0.072996043 -0.005413235 0.997317553 3.641944408
0.997094870 0.010259591 -0.075475313 -0.160494566 -0.009927674 0.999939322 0.004771563 -0.087602086 0.075519688 -0.004008407 0.997136235 3.669045925
0.996889591 0.011597360 -0.077952594 -0.163038507 -0.011543638 0.999932706 0.001139759 -0.088335410 0.077960566 -0.000236358 0.996956408 3.694797277
0.996649444 0.013948378 -0.080593579 -0.165474102 -0.014186223 0.999896526 -0.002379299 -0.089042217 0.080552056 0.003514645 0.996744215 3.719308376
0.996446252 0.015644059 -0.082765877 -0.167735636 -0.016113628 0.999857605 -0.005008508 -0.089626990 0.082675740 0.006324367 0.996556461 3.742605209
0.996334970 0.017470788 -0.083733931 -0.170055345 -0.018040689 0.999818921 -0.006054230 -0.090254031 0.083612993 0.007542659 0.996469736 3.765073538
0.996381819 0.019760512 -0.082660921 -0.172348246 -0.020269644 0.999780357 -0.005324549 -0.091143534 0.082537554 0.006980791 0.996563494 3.786625147
0.996527612 0.023885064 -0.079763189 -0.174490839 -0.024290457 0.999696493 -0.004115924 -0.091627643 0.079640664 0.006039117 0.996805370 3.807373524
0.996918917 0.026436454 -0.073849559 -0.176545426 -0.026708664 0.999639630 -0.002700710 -0.092352130 0.073751546 0.004664812 0.997265756 3.827739239
0.997367024 0.027341254 -0.067167163 -0.177707672 -0.027454346 0.999622762 -0.000761078 -0.092853904 0.067121021 0.002603105 0.997741461 3.846468687
0.997984052 0.027055573 -0.057409074 -0.178835511 -0.027001040 0.999633908 0.001725517 -0.093412235 0.057434745 -0.000171934 0.998349249 3.865286112
0.998566151 0.026789431 -0.046346828 -0.179193854 -0.026685592 0.999639809 0.002857851 -0.093829550 0.046406694 -0.001616961 0.998921335 3.882341862
0.999126077 0.025725538 -0.032942742 -0.179700941 -0.025645683 0.999667048 0.002844366 -0.094279721 0.033004947 -0.001997042 0.999453187 3.898989677
0.999507427 0.025991110 -0.017587237 -0.179955199 -0.025956066 0.999660611 0.002218029 -0.094890557 0.017638918 -0.001760441 0.999842882 3.915536880
0.999702632 0.024379190 -0.000600969 -0.179196969 -0.024379671 0.999702454 -0.000806607 -0.095328867 0.000581125 0.000821018 0.999999523 3.930505991
0.999515355 0.023560958 0.020345157 -0.178393230 -0.023451552 0.999709308 -0.005599417 -0.095687211 -0.020471169 0.005119578 0.999777317 3.946293592
0.998800576 0.021541361 0.043969624 -0.177078441 -0.021117682 0.999726176 -0.010077621 -0.096202187 -0.044174671 0.009136997 0.998982012 3.960530996
0.997312009 0.018871207 0.070799910 -0.175243452 -0.017973889 0.999750137 -0.013289784 -0.096422240 -0.071033008 0.011981511 0.997402012 3.975418329
0.994808614 0.016730215 0.100378662 -0.173103780 -0.015377958 0.999780476 -0.014230277 -0.097048320 -0.100594707 0.012612784 0.994847536 3.989397526
0.991108000 0.014521720 0.132264912 -0.170054823 -0.012493211 0.999791443 -0.016153719 -0.097561382 -0.132471919 0.014357668 0.991082788 4.003774166
0.985777795 0.011853010 0.167635381 -0.167088985 -0.009024681 0.999803960 -0.017623711 -0.098086469 -0.167811424 0.015860207 0.985691547 4.016811371
0.978504181 0.008694800 0.206043616 -0.163438916 -0.005124620 0.999827445 -0.017854659 -0.098761432 -0.206163302 0.016414963 0.978379905 4.030447483
0.969415605 0.006190255 0.245346770 -0.159441143 -0.001663350 0.999824643 -0.018653970 -0.099281810 -0.245419219 0.017675353 0.969255924 4.042528629
0.958095551 0.006587415 0.286373109 -0.154573694 -0.001070493 0.999810874 -0.019417103 -0.100009404 -0.286446869 0.018296881 0.957921386 4.055287361
0.943711698 0.008725917 0.330654055 -0.149933547 -0.002305832 0.999801219 -0.019803602 -0.100584999 -0.330761135 0.017926458 0.943544209 4.066470146
0.926952302 0.008832930 0.375075281 -0.144175708 -0.002193851 0.999833345 -0.018123999 -0.101188421 -0.375172853 0.015977222 0.926817179 4.078241348
0.908085763 0.008276427 0.418702394 -0.137736663 -0.001100084 0.999848366 -0.017377978 -0.101499133 -0.418782741 0.015320086 0.907957196 4.089280605
0.885941505 0.007248094 0.463740349 -0.130949944 0.000904372 0.999848962 -0.017355016 -0.102294311 -0.463796109 0.015794924 0.885801196 4.100324631
0.862615049 0.007308968 0.505808115 -0.123319954 0.002990971 0.999804437 -0.019548116 -0.102749117 -0.505852044 0.018375358 0.862424493 4.110253811
0.836372256 0.009475615 0.548079967 -0.115522623 0.003558784 0.999735653 -0.022714896 -0.103404567 -0.548150361 0.020948607 0.836117446 4.120247841
0.806767464 0.014139418 0.590699911 -0.107005745 0.002231339 0.999633610 -0.026975473 -0.104003452 -0.590864897 0.023080986 0.806440294 4.130658627
0.774863243 0.020457823 0.631797791 -0.098056257 -0.001533724 0.999534070 -0.030484224 -0.104579613 -0.632127047 0.022652103 0.774533629 4.139869690
0.739362836 0.024982858 0.672843516 -0.088248074 -0.003800868 0.999450326 -0.032933220 -0.105108514 -0.673296452 0.021792211 0.739051402 4.149247169
0.701641738 0.025278563 0.712081373 -0.077684522 -0.001403126 0.999417543 -0.034096312 -0.105601192 -0.712528527 0.022924257 0.701268554 4.158051968
0.662065148 0.022679893 0.749103129 -0.066280961 0.002323490 0.999475062 -0.032313697 -0.106270626 -0.749442756 0.023134306 0.661664844 4.166201115
0.619689345 0.020823870 0.784570873 -0.054267049 0.003444862 0.999566138 -0.029251125 -0.106874950 -0.784839630 0.020829350 0.619348764 4.174105644
0.574750185 0.019578384 0.818094730 -0.041658521 0.004196463 0.999630094 -0.026871046 -0.107325859 -0.818318188 0.018877244 0.574455380 4.181594849
0.528275609 0.016907860 0.848904669 -0.028561115 0.005695587 0.999708652 -0.023455843 -0.108028680 -0.849053919 0.017226160 0.528025389 4.188281059
0.478915095 0.013228650 0.877761543 -0.014499903 0.007690537 0.999784887 -0.019263681 -0.108777672 -0.877827525 0.015976125 0.478710353 4.194711208
0.428724468 0.013561360 0.903333545 -0.000130653 0.004521792 0.999842584 -0.017156264 -0.109578036 -0.903423965 0.011439997 0.428595662 4.200373173
0.378799617 0.018523024 0.925293386 0.014876127 0.000800935 0.999792755 -0.020342285 -0.110202000 -0.925478458 0.008446752 0.378706276 4.205628395
0.329325199 0.023642272 0.943920612 0.030853510 0.000359540 0.999683261 -0.025164396 -0.110584527 -0.944216609 0.008626649 0.329212427 4.210469246
0.283734202 0.025493376 0.958563983 0.047487020 0.002077588 0.999627829 -0.027200447 -0.111239344 -0.958900690 0.009709199 0.283575654 4.214299679
0.243644118 0.024871211 0.969545722 0.065477371 0.009529960 0.999561489 -0.028036039 -0.111905165 -0.969817817 0.016070548 0.243300259 4.217311859
0.209304571 0.024372406 0.977546692 0.084065914 0.017216008 0.999442518 -0.028604474 -0.112644970 -0.977698922 0.022816498 0.208768308 4.219889641
0.179435253 0.025758944 0.983432531 0.103243113 0.021811239 0.999307275 -0.030154388 -0.113065019 -0.983528018 0.026860641 0.178749084 4.222638607
0.151892960 0.024407983 0.988095641 0.123496771 0.019850366 0.999418080 -0.027739134 -0.113778628 -0.988197684 0.023827441 0.151320100 4.225452900
0.126664400 0.021185188 0.991719365 0.144785404 0.013190018 0.999647558 -0.023039205 -0.114538789 -0.991857946 0.015999041 0.126340330 4.228419781
0.103182793 0.017501276 0.994508445 0.166670322 0.008394157 0.999794245 -0.018465212 -0.115274265 -0.994626999 0.010253352 0.103014648 4.230697155
0.081241846 0.014996757 0.996581614 0.189601660 0.012338576 0.999795020 -0.016050961 -0.116173290 -0.996618032 0.013600408 0.081040144 4.231992245
0.061365187 0.015189417 0.997999847 0.213352442 0.020365953 0.999656975 -0.016466904 -0.117186725 -0.997907639 0.021335714 0.061034799 4.232757568
0.044188142 0.017160844 0.998875856 0.237844944 0.024790883 0.999525726 -0.018268706 -0.118177883 -0.998715580 0.025570273 0.043741763 4.233379364
0.029515803 0.022586938 0.999309182 0.264009237 0.025745369 0.999395788 -0.023349321 -0.118507154 -0.999232769 0.026416758 0.028916478 4.234750748
0.019165635 0.027325662 0.999442875 0.290094614 0.022711730 0.999356627 -0.027758833 -0.119375259 -0.999558389 0.023231093 0.018532693 4.235025883
0.012551010 0.026615938 0.999567032 0.317955494 0.024422469 0.999339283 -0.026916539 -0.120507523 -0.999623060 0.024749726 0.011892676 4.235701561
0.010247707 0.023566261 0.999669790 0.346829414 0.031364743 0.999222755 -0.023877248 -0.121229507 -0.999455512 0.031599075 0.009500623 4.235857964
0.010729969 0.021913191 0.999702454 0.376802921 0.032648813 0.999219120 -0.022253031 -0.122390330 -0.999409437 0.032877870 0.010006189 4.236430168
0.012572229 0.021469463 0.999690473 0.406362295 0.031084329 0.999277890 -0.021851523 -0.123560280 -0.999437749 0.031349432 0.011895776 4.236998081
0.013595402 0.021995628 0.999665737 0.437580585 0.027985236 0.999357998 -0.022369461 -0.124653712 -0.999516010 0.028280005 0.012971163 4.238482952
0.014981985 0.023034599 0.999622524 0.469741344 0.026445933 0.999375761 -0.023425281 -0.125914514 -0.999538124 0.026786907 0.014363468 4.239307880
0.016051292 0.023717549 0.999589860 0.503278494 0.025978766 0.999371231 -0.024129529 -0.127139241 -0.999533653 0.026355421 0.015425026 4.240223408
0.016820073 0.023252012 0.999588311 0.536800146 0.025533574 0.999393523 -0.023677142 -0.128471404 -0.999532580 0.025921313 0.016216159 4.241189003
0.017124653 0.021773951 0.999616444 0.571317673 0.024575060 0.999451637 -0.022191370 -0.129798993 -0.999551475 0.024945650 0.016580164 4.242511749
0.017634988 0.020805649 0.999628067 0.606563091 0.024897162 0.999464333 -0.021241469 -0.130980536 -0.999534488 0.025262494 0.017107546 4.243300438
0.016765416 0.018500825 0.999688447 0.642462015 0.025568577 0.999493897 -0.018926034 -0.132367194 -0.999532640 0.025877910 0.016283870 4.244416237
0.015997112 0.016912745 0.999729156 0.678429127 0.023379909 0.999577224 -0.017284295 -0.133591369 -0.999598801 0.023650073 0.015594959 4.245347023
0.014830709 0.015619030 0.999768019 0.715811968 0.022656696 0.999616027 -0.015952751 -0.134942681 -0.999633312 0.022888033 0.014471173 4.246399879
0.013661146 0.013492339 0.999815643 0.751215935 0.024858959 0.999595284 -0.013829032 -0.135790005 -0.999597609 0.025043298 0.013320208 4.247088909
0.012542605 0.012028079 0.999848962 0.789323330 0.026073750 0.999583721 -0.012351971 -0.136714458 -0.999581337 0.026224740 0.012223780 4.247856140
0.010922611 0.010952013 0.999880373 0.825016260 0.023420623 0.999662876 -0.011205475 -0.138212919 -0.999666035 0.023540214 0.010662436 4.248548508
0.010232329 0.015703540 0.999824405 0.863634586 0.020946033 0.999653935 -0.015915232 -0.139420524 -0.999728322 0.021105206 0.009899855 4.249400139
0.009032786 0.020463066 0.999749839 0.900599957 0.021495862 0.999555588 -0.020653306 -0.140447825 -0.999728143 0.021677041 0.008588850 4.250542164
0.008038104 0.021831846 0.999729455 0.940315485 0.021796232 0.999520302 -0.022002533 -0.142020941 -0.999730229 0.021967195 0.007558405 4.251225948
0.006623447 0.019970806 0.999778807 0.977257967 0.018749459 0.999622345 -0.020091901 -0.143260539 -0.999802411 0.018878389 0.006246507 4.251890182
0.005742311 0.015830873 0.999858260 1.016951323 0.015553052 0.999752343 -0.015918519 -0.144884020 -0.999862611 0.015642256 0.005494654 4.252607822
0.005154669 0.011060462 0.999925554 1.054852724 0.013670831 0.999844611 -0.011130041 -0.145876065 -0.999893248 0.013727184 0.005002618 4.253625393
0.004728734 0.005376591 0.999974310 1.094474792 0.009875126 0.999936521 -0.005423085 -0.147210836 -0.999940038 0.009900517 0.004675329 4.254538536
0.004798234 0.004178259 0.999979794 1.131705284 0.007325811 0.999964297 -0.004213346 -0.148412555 -0.999961674 0.007345879 0.004767418 4.255189419
0.005691767 0.010908920 0.999924421 1.170907259 0.010420857 0.999885559 -0.010967817 -0.149711996 -0.999929667 0.010482497 0.005577445 4.255718708
0.007198572 0.022012241 0.999731839 1.207186460 0.012824479 0.999673426 -0.022103298 -0.150806248 -0.999891877 0.012980153 0.006913960 4.256017208
0.007849216 0.026572298 0.999616086 1.246340513 0.014835183 0.999533772 -0.026686599 -0.152286500 -0.999859154 0.015038956 0.007451355 4.256623268
0.009255350 0.021661034 0.999722600 1.282989740 0.016457381 0.999626637 -0.021811320 -0.153548658 -0.999821782 0.016654687 0.008895457 4.257129192
0.010167062 0.013720365 0.999854267 1.322489738 0.019589985 0.999711215 -0.013917606 -0.155312151 -0.999756515 0.019728631 0.009895325 4.257827759
0.010621011 0.010726555 0.999886036 1.358766079 0.020841252 0.999722898 -0.010946186 -0.156607151 -0.999726355 0.020955138 0.010394514 4.258533955
0.010410786 0.011677145 0.999877691 1.397120237 0.019765822 0.999734044 -0.011881271 -0.157670394 -0.999750495 0.019887097 0.010177255 4.259498119
0.008810997 0.012800579 0.999879420 1.433554649 0.015964428 0.999788821 -0.012940104 -0.158847392 -0.999833941 0.016076518 0.008604825 4.260905266
0.006294906 0.013240094 0.999892592 1.471917629 0.013495320 0.999820173 -0.013324098 -0.160273045 -0.999889195 0.013577744 0.006115079 4.262044907
0.004022539 0.012814830 0.999909759 1.507195950 0.012538644 0.999838650 -0.012864360 -0.161581606 -0.999913275 0.012589260 0.003861189 4.262984753
0.001781523 0.012561995 0.999919593 1.544981241 0.011100722 0.999859214 -0.012581016 -0.163165420 -0.999936879 0.011122243 0.001641810 4.263613701
0.000266016 0.013655842 0.999906719 1.579951048 0.010171446 0.999854982 -0.013657842 -0.164105088 -0.999948204 0.010174131 0.000127077 4.263719082
-0.002142906 0.012453211 0.999920249 1.617780685 0.007797559 0.999892235 -0.012436154 -0.165438533 -0.999967396 0.007770289 -0.002239704 4.264619827
-0.003676653 0.011747370 0.999924421 1.652430296 0.008334309 0.999896646 -0.011716402 -0.166488528 -0.999958694 0.008290603 -0.003774166 4.263958454
-0.005788565 0.011794779 0.999913812 1.689774036 0.008051073 0.999898553 -0.011747994 -0.167780712 -0.999950945 0.007982376 -0.005882859 4.264412880
-0.007892609 0.012830004 0.999886572 1.723909855 0.007878548 0.999887466 -0.012767825 -0.168968007 -0.999937832 0.007776882 -0.007992744 4.264760971
-0.008467555 0.012812357 0.999882102 1.760229349 0.008992357 0.999878466 -0.012736158 -0.170246929 -0.999923706 0.008883453 -0.008581758 4.264715672
-0.009798527 0.011693999 0.999883592 1.793848991 0.010411784 0.999878585 -0.011591908 -0.171380490 -0.999897778 0.010296987 -0.009919167 4.264528751
-0.011191249 0.010893345 0.999878049 1.828930140 0.010578081 0.999885976 -0.010775036 -0.172725812 -0.999881446 0.010456204 -0.011305213 4.264449120
-0.012395859 0.010778202 0.999865174 1.865018845 0.009177199 0.999900997 -0.010664815 -0.173775002 -0.999881148 0.009043762 -0.012493610 4.264495850
-0.014038920 0.009958122 0.999851823 1.897460222 0.007332761 0.999924541 -0.009855886 -0.174857661 -0.999874532 0.007193309 -0.014110804 4.264730930
-0.014398932 0.008937964 0.999856412 1.932211399 0.006548053 0.999939442 -0.008844408 -0.175912812 -0.999874890 0.006419762 -0.014456630 4.264506340
-0.015221000 0.008507752 0.999848008 1.963079214 0.006741760 0.999941945 -0.008405919 -0.177049950 -0.999861479 0.006612788 -0.015277386 4.264439106
-0.015592098 0.011329423 0.999814272 1.994986773 0.007211891 0.999911070 -0.011218050 -0.178044617 -0.999852419 0.007035639 -0.015672445 4.264470100
-0.015581489 0.014287848 0.999776542 2.028046370 0.006940328 0.999875367 -0.014181097 -0.179190770 -0.999854565 0.006717815 -0.015678763 4.264370918
-0.015810490 0.015719168 0.999751508 2.058430195 0.004758171 0.999866247 -0.015645728 -0.180277318 -0.999863744 0.004509623 -0.015883207 4.264286995
-0.015938640 0.016591934 0.999735236 2.089847803 0.005475671 0.999848783 -0.016506519 -0.181455657 -0.999857903 0.005211129 -0.016027093 4.264173508
-0.016065598 0.016348008 0.999737322 2.121028423 0.006484639 0.999846995 -0.016245594 -0.182595462 -0.999849975 0.006221939 -0.016169190 4.264005661
-0.016313791 0.015951734 0.999739766 2.151974678 0.007231926 0.999848485 -0.015835460 -0.183690891 -0.999840915 0.006971708 -0.016426682 4.263733864
-0.016619563 0.016144946 0.999731660 2.182690144 0.003648414 0.999863923 -0.016086433 -0.184806734 -0.999855399 0.003380087 -0.016676188 4.263851166
-0.016412020 0.016462674 0.999729812 2.213299751 0.000866405 0.999864280 -0.016450668 -0.186039463 -0.999864936 0.000596184 -0.016424060 4.263835907
-0.016400814 0.015103247 0.999751389 2.243823290 0.002563745 0.999883235 -0.015063182 -0.187130183 -0.999862194 0.002316059 -0.016437650 4.263682842
-0.017087817 0.014241362 0.999752700 2.274167776 0.002720216 0.999895513 -0.014196905 -0.188265264 -0.999850392 0.002476951 -0.017124772 4.263265133
-0.020907760 0.013966992 0.999683797 2.304755926 -0.000622107 0.999902010 -0.013983052 -0.189371988 -0.999781191 -0.000914265 -0.020897031 4.263489723
-0.026073575 0.013624625 0.999567211 2.335093975 -0.004169180 0.999896944 -0.013737872 -0.190521598 -0.999651372 -0.004525570 -0.026014090 4.263275623
-0.031920552 0.017336747 0.999339998 2.364928007 -0.000734801 0.999848902 -0.017369045 -0.191501424 -0.999490082 -0.001288744 -0.031902909 4.262376308
-0.038709402 0.019973217 0.999050975 2.394817591 0.001644529 0.999800146 -0.019924477 -0.192545712 -0.999249220 0.000871705 -0.038734555 4.261610031
-0.045961142 0.021618633 0.998709381 2.424777269 0.000926660 0.999766290 -0.021598868 -0.193571329 -0.998942912 -0.000067243 -0.045970440 4.260599136
-0.051874876 0.021190559 0.998428881 2.454926968 -0.002471730 0.999769092 -0.021347428 -0.194627479 -0.998650670 -0.003575238 -0.051810503 4.259321213
-0.057142615 0.019853789 0.998168647 2.485487461 -0.003099241 0.999793887 -0.020063540 -0.195836544 -0.998361230 -0.004240046 -0.057069302 4.257876396
-0.061890602 0.020402551 0.997874439 2.518016100 -0.005179979 0.999770999 -0.020762604 -0.197088480 -0.998069584 -0.006453977 -0.061770797 4.256478310
-0.065618873 0.020322034 0.997637749 2.547545195 -0.007401723 0.999755204 -0.020852009 -0.197817445 -0.997817218 -0.008752526 -0.065452456 4.254766464
-0.067819118 0.016941397 0.997553766 2.580504894 -0.006890555 0.999824047 -0.017448409 -0.198999733 -0.997673869 -0.008057036 -0.067690372 4.252647400
-0.069661617 0.013960435 0.997473121 2.611504793 -0.004910530 0.999885142 -0.014337136 -0.200063407 -0.997558713 -0.005896868 -0.069585085 4.250755310
-0.071109295 0.011235995 0.997405291 2.643881083 -0.005354103 0.999917865 -0.011646018 -0.201139778 -0.997454166 -0.006168352 -0.071043372 4.248906136
-0.072255850 0.010875545 0.997326970 2.677999496 -0.006349226 0.999915302 -0.011363767 -0.202145025 -0.997366071 -0.007153349 -0.072180629 4.246994019
-0.072763443 0.014643037 0.997241735 2.709370375 -0.004067396 0.999879539 -0.014978546 -0.203066826 -0.997340977 -0.005146067 -0.072695136 4.244937897
-0.073408008 0.018427692 0.997131824 2.744466066 0.001641551 0.999830127 -0.018356711 -0.204164296 -0.997300744 0.000289316 -0.073425770 4.242829323
-0.072910428 0.022918740 0.997075140 2.775729656 0.009382220 0.999707460 -0.022293178 -0.205462933 -0.997294366 0.007729375 -0.073104024 4.239555836
-0.073516965 0.024112731 0.997002423 2.809469223 0.009881296 0.999676228 -0.023448769 -0.206654221 -0.997245014 0.008127796 -0.073731422 4.237344742
-0.073977113 0.021454254 0.997029245 2.845112324 0.007088890 0.999754608 -0.020986924 -0.208212152 -0.997234881 0.005515279 -0.074111104 4.235226631
-0.073666096 0.017298607 0.997132897 2.877079010 0.008438862 0.999824584 -0.016721856 -0.209115237 -0.997247219 0.007182832 -0.073799133 4.233141899
-0.073763728 0.015042655 0.997162282 2.910998821 0.010313712 0.999844253 -0.014320172 -0.210361332 -0.997222364 0.009228135 -0.073907375 4.230754852
-0.074477434 0.014561262 0.997116566 2.944399118 0.010246707 0.999851763 -0.013835854 -0.211682424 -0.997170210 0.009186703 -0.074615598 4.228516102
-0.075786591 0.015633594 0.997001588 2.977681637 0.009336126 0.999844372 -0.014968492 -0.212943509 -0.997080445 0.008173721 -0.075920701 4.226360321
-0.078154922 0.016297052 0.996808112 3.010553122 0.007997433 0.999844432 -0.015719656 -0.214078814 -0.996909261 0.006743339 -0.078273058 4.224382877
-0.080745816 0.016109668 0.996604621 3.045825243 0.009064933 0.999839902 -0.015427517 -0.215401381 -0.996693611 0.007788447 -0.080878973 4.222151756
-0.080245018 0.016575409 0.996637285 3.076058865 0.010187093 0.999823153 -0.015808171 -0.216522396 -0.996723056 0.008884309 -0.080399632 4.218609810
-0.082387209 0.015515529 0.996479690 3.112010956 0.009405734 0.999846399 -0.014790300 -0.217976496 -0.996556044 0.008154090 -0.082520485 4.216254234
-0.081581593 0.016866110 0.996523976 3.142005920 0.007920966 0.999836206 -0.016273713 -0.218615055 -0.996635199 0.006565799 -0.081701756 4.212808609
-0.084164143 0.018841000 0.996273816 3.179225445 0.006471220 0.999810457 -0.018361202 -0.219053701 -0.996430933 0.004901752 -0.084270120 4.211261749
-0.082427859 0.019228322 0.996411681 3.205893993 0.006494273 0.999803007 -0.018756533 -0.220426738 -0.996576011 0.004924912 -0.082536459 4.207590103
-0.083854556 0.018869583 0.996299505 3.242828369 0.006665227 0.999808967 -0.018375069 -0.222215191 -0.996455848 0.005099731 -0.083964348 4.205423355
-0.085216522 0.017503889 0.996208668 3.278349161 0.006705427 0.999833107 -0.016993985 -0.223019123 -0.996339858 0.005231835 -0.085319757 4.202843666
-0.084538341 0.015714917 0.996296406 3.302822590 0.004209120 0.999872327 -0.015414169 -0.223785222 -0.996411443 0.002890444 -0.084593773 4.199847698
-0.086243033 0.014157275 0.996173620 3.340538979 0.001676408 0.999899685 -0.014065095 -0.224573433 -0.996272802 0.000456979 -0.086258054 4.197366714
-0.088109136 0.013268200 0.996022463 3.368300438 0.002293842 0.999911308 -0.013117089 -0.225678161 -0.996108234 0.001128983 -0.088131785 4.194971561
-0.090645790 0.013931350 0.995785892 3.408559084 0.003160187 0.999901116 -0.013701256 -0.226792812 -0.995878279 0.001904910 -0.090680838 4.192074776
-0.092081904 0.015094475 0.995637178 3.445670366 0.002559430 0.999885380 -0.014922173 -0.228023961 -0.995748281 0.001174205 -0.092110038 4.188575745
-0.093362451 0.018691648 0.995456696 3.467691422 0.004029992 0.999822676 -0.018395660 -0.228807315 -0.995624006 0.002294218 -0.093421221 4.186707020
-0.093491077 0.022067128 0.995375514 3.506965637 0.005924696 0.999748945 -0.021607606 -0.230514526 -0.995602429 0.003877179 -0.093598366 4.183043003
-0.094026685 0.026298687 0.995222390 3.535108089 0.007052112 0.999643564 -0.025749251 -0.231381595 -0.995544791 0.004597304 -0.094178557 4.180467606
-0.093971968 0.026590629 0.995219767 3.574745655 0.008719923 0.999626875 -0.025885018 -0.233103722 -0.995536745 0.006245776 -0.094168782 4.177264690
-0.094025612 0.026669642 0.995212555 3.614948273 0.012858981 0.999590278 -0.025572069 -0.234370649 -0.995486796 0.010392991 -0.094329953 4.174246788
-0.093132377 0.024439169 0.995353758 3.637800217 0.013112531 0.999642134 -0.023317561 -0.235671267 -0.995567381 0.010879988 -0.093419433 4.171741486
-0.092472911 0.021991337 0.995472372 3.678612709 0.012804149 0.999699652 -0.020895304 -0.237990975 -0.995632887 0.010813928 -0.092726707 4.168546677
-0.090387225 0.020486996 0.995695949 3.707783699 0.011864793 0.999739587 -0.019493135 -0.238466799 -0.995836020 0.010051794 -0.090606809 4.166234970
-0.089343548 0.016851226 0.995858312 3.748942137 0.012076384 0.999801695 -0.015834520 -0.240176335 -0.995927691 0.010611657 -0.089529276 4.163609505
-0.086817980 0.014044114 0.996125340 3.778009415 0.012749442 0.999834418 -0.012985225 -0.240941316 -0.996142745 0.011572691 -0.086982608 4.160675049
-0.085222363 0.013411162 0.996271729 3.818982601 0.010883002 0.999862313 -0.012528552 -0.242553890 -0.996302545 0.009774715 -0.085356593 4.157855988
-0.083961487 0.018016864 0.996306300 3.848005772 0.012514818 0.999776721 -0.017024968 -0.243571967 -0.996390581 0.011039150 -0.084168315 4.155819893
-0.081998944 0.024045456 0.996342301 3.883035421 0.012946785 0.999650240 -0.023059767 -0.244908154 -0.996548355 0.011008550 -0.082281590 4.153365135
-0.080484629 0.027691949 0.996371150 3.918195486 0.010987571 0.999577940 -0.026893526 -0.246187538 -0.996695340 0.008783187 -0.080754876 4.150987625
-0.078909159 0.025237154 0.996562302 3.953585863 0.009792822 0.999650896 -0.024539961 -0.247574180 -0.996833742 0.007822730 -0.079128742 4.148586273
-0.077777386 0.022786524 0.996710479 3.995297909 0.010039483 0.999705970 -0.022071589 -0.249429494 -0.996920347 0.008289789 -0.077983260 4.145751953
-0.077451110 0.021135705 0.996772110 4.024450302 0.010009504 0.999741375 -0.020420907 -0.250469685 -0.996945918 0.008395571 -0.077642679 4.143925667
-0.076780915 0.020684954 0.996833444 4.059794426 0.009173559 0.999757111 -0.020039031 -0.251841247 -0.997005820 0.007605896 -0.076951981 4.141799450
-0.075902581 0.020647798 0.996901453 4.100922585 0.009258185 0.999757051 -0.020002039 -0.253590047 -0.997072279 0.007711290 -0.076075315 4.138706684
-0.075149536 0.019131023 0.996988714 4.130521297 0.011192867 0.999769151 -0.018340698 -0.254489422 -0.997109473 0.009780867 -0.075346351 4.136836529
-0.074309945 0.017972019 0.997073293 4.165948868 0.013185938 0.999767900 -0.017037867 -0.256057560 -0.997148037 0.011881263 -0.074529648 4.134537697
