1.0 0.0 0.0 0.0 0.0 1.0 0.0 0.0 0.0 0.0 1.0 0.0
0.9999992022912535 -0.0010233068581678474 0.0007404457647139497 -0.0025839926674962044 0.0010213898555575876 0.9999961379143001 0.0025847474241911415 0.0007430879632011056 -0.0007430878948147568 -0.002583989078522845 0.9999963854038786 0.0010213903151452541
0.9999977331456257 -0.0017844379101293003 0.0011616733425004306 -0.005495088640600443 0.0017780262828745398 0.999983309924494 0.005497135162124265 0.0011714635184034705 -0.0011714632504650302 -0.005495057215184297 0.9999842158854582 0.0017780284397304058
0.9999969456458382 -0.002268416588642301 0.0009813180804305202 -0.007971598766744137 0.0022605207941928536 0.9999656540645703 0.007973753003133044 0.0009993723360821605 -0.000999372169729137 -0.007971510358540844 0.9999677276181816 0.002260523848235607
0.9999971272903712 -0.002372858925057744 0.00033904502174668014 -0.010321740992367268 0.0023692328966545416 0.9999439159277409 0.010322389964359188 0.000363519589882344 -0.0003635195818760376 -0.010321557034511177 0.9999466652346498 0.0023692352697253227
0.9999963455508241 -0.002688682099300469 -0.00028261911791528784 -0.012559778057038784 0.002692019491675126 0.9999175122319501 0.012558732536539703 -0.0002488293685019016 0.00024882936593414616 -0.01255944745746408 0.9999210960688397 0.0026920228265225887
0.9999957716268697 -0.002854470201411693 -0.0005556331978103292 -0.015134094282984734 0.002862551621024969 0.9998814073360189 0.0151319880372376 -0.000512373517267406 0.0005123734948487916 -0.015133514582257063 0.999885350532645 0.002862555906176567
0.9999953633483127 -0.0028548992398122934 -0.0010596377712873016 -0.017619334161281586 0.002873123795427 0.9998407078396899 0.017615450782878298 -0.001009178813546896 0.0010091786422485771 -0.017618413576663924 0.9998442744055244 0.0028731292113661766
0.9999932840976214 -0.002752434064930132 -0.002419889743783682 -0.019924290478229523 0.0028000913242027916 0.9997977302947438 0.019916274401977047 -0.002364584244787693 0.0023645820412879566 -0.019922916558499516 0.9997987228175345 0.002800102811306715
0.9999865197618304 -0.0028653446439949703 -0.004330137953172031 -0.022148476913571358 0.002960513052992679 0.9997506308597613 0.022133943570273734 -0.00426564970985055 0.004265636773733964 -0.0221464646293744 0.9997456368733671 0.0029605443123728037
0.9999738024143108 -0.00308272317647246 -0.006549145202404761 -0.023860791698098183 0.0032380307705653618 0.9997106037917693 0.02383744581587503 -0.006473810877650976 0.006473765657931527 -0.023858027666031942 0.9996943957400647 0.003238104283809662
0.9999660264466651 -0.003260208776610248 -0.007570798584069466 -0.025270087644457817 0.0034503655822492674 0.999675430028894 0.025241425750041638 -0.00748611893504858 0.007486049012427343 -0.025266690231982282 0.9996527164145079 0.0034504691138863564
0.9999630976611461 -0.003498243944222051 -0.00784637529256153 -0.02635173499584198 0.0037036597984244275 0.9996467129886892 0.026319804615663092 -0.0077516078017652035 0.007751530172974948 -0.02634789365804901 0.9996227799924138 0.0037037795409560204
0.9999639672812249 -0.0038270733040517728 -0.007577443442131526 -0.02750237099826336 0.00403388489029603 0.9996145286925423 0.027468560200316575 -0.00746946781873703 0.00746939836165733 -0.02749813696802001 0.9995939478365217 0.004034008365124464
0.9999623395891141 -0.004017486255423494 -0.0076928023276846514 -0.028745677322149277 0.004236809341758628 0.9995788217065659 0.028709382478816988 -0.007574295159429312 0.007574222736818208 -0.028740894208442794 0.9995581984807249 0.004236943554133177
0.9999608401371103 -0.00415498967902556 -0.007813722099737479 -0.029863961040973663 0.004386321424361108 0.9995454955477242 0.02982553460739109 -0.007686321623623371 0.007686245939789173 -0.02985864014019533 0.9995245786034136 0.004386465065181255
0.9999623674352975 -0.004364100623899942 -0.007497888965535155 -0.030942918732762337 0.004593856696056729 0.9995118047257759 0.030903862128842108 -0.007359427399933338 0.007359360967578126 -0.030937143364681598 0.9994942385859871 0.00459399726241827
0.9999694196938264 -0.004759404254504332 -0.006205461170170018 -0.03241569176316261 0.004957932347794663 0.9994633447074116 0.032379646278310185 -0.006048060022294521 0.006048023150333759 -0.03240942235548177 0.9994563776166308 0.004958043340593576
0.9999720830308422 -0.0047340975656342986 -0.0057811313077581515 -0.03350723907351494 0.004925035987798978 0.9994274905187309 0.033472902711757714 -0.00561938714236021 0.005619357568029553 -0.03350044052950599 0.9994229051331831 0.004925133660435677
0.9999695838779584 -0.0046118213502154256 -0.006289866673975694 -0.034565504640340805 0.004826345119777388 0.9993920539891327 0.034528666585424576 -0.006126841064542532 0.006126802732869231 -0.034557973424613773 0.999383914599918 0.004826454445719719
0.9999623698542137 -0.004554675470676548 -0.0073833465922612425 -0.035238418728113174 0.004811846138813658 0.9993688444933976 0.035196005350999426 -0.007218442857265472 0.007218380170164385 -0.035230208447978466 0.9993531544956622 0.004811990074813366
0.9999521660503021 -0.0045061163174098424 -0.008681044121706023 -0.03528553619980812 0.004809388697119474 0.9993674163046711 0.035236870021131704 -0.00851687416434288 0.008516771199759531 -0.035276935017941734 0.9993412842788348 0.00480958167463541
0.9999426966309438 -0.004407856739590125 -0.009755729260257721 -0.0349922813475132 0.004746245429756379 0.9993781683771145 0.03493922903448668 -0.00959580298513174 0.009595655723123639 -0.03498352998436622 0.9993418214110106 0.004746481776237488
0.9999368348757275 -0.004506839656269098 -0.010296341827309978 -0.03481157496571541 0.004862218962632132 0.9993840385343515 0.03475488957728476 -0.010133538395166397 0.010133364962911048 -0.03480275734884401 0.9993428255585998 0.004862487781792879
0.9999335926398055 -0.005061244422426886 -0.010353459100612986 -0.03458964824676514 0.005415987839701449 0.9993890838295579 0.03452718056889196 -0.010172558948397636 0.010172383504951981 -0.034580961918563184 0.9993501286769392 0.005416294559836388
0.9999198093993681 -0.005445193743686415 -0.011433487474306664 -0.034150026738643646 0.005832028399193781 0.9994021843769859 0.03407728432930076 -0.011241331696510315 0.011241094941437256 -0.03414123207505447 0.9993537982401002 0.005832429975271225
0.9998875054999635 -0.005595800614469641 -0.01391629837792253 -0.033812765032052994 0.006062490310956415 0.9994128449731681 0.03372256683391565 -0.013719853013753891 0.013719422593164322 -0.033803140654700255 0.9993343410118501 0.0060630980879068375
0.9998242347554698 -0.005657252423084182 -0.017874425603660975 -0.033785007894039154 0.006256819401568044 0.9994135076866975 0.033667385766458335 -0.01767439767718315 0.017673477490733527 -0.03377330526307527 0.9992732419338525 0.006257837638258934
0.9997620227470317 -0.00579896655213202 -0.021030213020576827 -0.03384155407547951 0.006505794661939343 0.9994108538020983 0.033698960494020186 -0.02082390896975994 0.02082240400578825 -0.03382775915558265 0.9992107436381635 0.006507251411676407
0.9997231826459215 -0.006067993661292661 -0.022731861631549666 -0.03359215706586838 0.006826307991880095 0.9994177018050179 0.03343140496563558 -0.022517666220664978 0.022515763356133447 -0.03357732526129563 0.9991824676348098 0.006828092038631439
0.9997311783905798 -0.006763747251956638 -0.022177075481098162 -0.033549558371305466 0.007502026603957093 0.9994146499936615 0.03337779164175965 -0.021940095350146294 0.021938335183331395 -0.03353519198034878 0.9991967275507986 0.00750390300527215
0.999784748583156 -0.007800151524175929 -0.019225351406814268 -0.0335683673620224 0.008439483383094398 0.9994063989092195 0.03340097213454458 -0.01895454153418541 0.018953406573544315 -0.03355603456170061 0.9992571045150253 0.008441099897027016
0.9998112784338248 -0.008749624433571452 -0.01734507390564836 -0.03338686749339104 0.009322384088662395 0.9994045722119785 0.03322038826828518 -0.017044905573129654 0.017044080245774734 -0.033375816305576934 0.9992975303754693 0.009323873557150364
0.9998024125200727 -0.009217169172310998 -0.01761191958564916 -0.03263932466506958 0.009785533944830633 0.999425042388564 0.03246271664589664 -0.01730344258248806 0.017302579127313367 -0.032628644456461985 0.9993177634348731 0.00978715531527996
0.9997454358373804 -0.009455815950693069 -0.020485386670326233 -0.03231190890073776 0.010110629610613271 0.9994334975408217 0.03210076575718126 -0.02017161063849926 0.020170242715524058 -0.0322997142096807 0.9992746818421698 0.010112859308719635
0.999685528436533 -0.009566122987446999 -0.023180455680567355 -0.03210407868027687 0.010302559350396725 0.9994391977593895 0.031861375565087 -0.022864658385515213 0.022862666191878458 -0.03209017408891713 0.9992234581021113 0.0103054353967309
0.9996756005931516 -0.010213641681296813 -0.023331847383518536 -0.03208301588892937 0.010953916353948224 0.9994334688979016 0.03182377983863237 -0.022995619103312492 0.02299359248209009 -0.03206903132795119 0.9992211326500529 0.010957032442092896
0.9997376183476031 -0.010654671429580438 -0.02027738734131907 -0.032313939183950424 0.011301993509349953 0.9994213651219955 0.03208114524766333 -0.019925158470869064 0.019923840076070076 -0.03230190264388063 0.9992795543201154 0.011304478161036968
0.9998030053172895 -0.01090337731843965 -0.01658514159022241 -0.03307534381747246 0.01144436798019114 0.9993937284434176 0.032881636052644214 -0.016217276453971863 0.01621656560588478 -0.0330649650085451 0.9993216354552391 0.011446123011410236
0.9998239763163685 -0.01080540888332825 -0.01533817204851193 -0.033930737525224686 0.011318257639153218 0.9993661229200284 0.033752768831676216 -0.01496429555118084 0.014963737064630996 -0.03392042892793242 0.9993125092154134 0.011319766752421856
0.99981471488354 -0.010509782602264399 -0.0161270075339068 -0.034356553107500076 0.011056167015330218 0.9993547563550895 0.034173558804853905 -0.015758097171783447 0.015757445010999408 -0.03434552984178326 0.9992857887044189 0.01105776522308588
0.9997710623064991 -0.009544303698262245 -0.01915017601615284 -0.03442445769906044 0.010195948801847973 0.9993621716848787 0.03422414985523018 -0.018812425434589386 0.018811315811617022 -0.03441156887150736 0.9992306932461777 0.010197930037975311
0.9997364314908679 -0.00871648076384621 -0.02123889152001269 -0.03437549248337746 0.009439217104051281 0.9993714680690411 0.0341697232940532 -0.020929230377078056 0.020927702462715626 -0.03436119573913392 0.9991903419754462 0.00944142509251833
0.9996778715931196 -0.007653705686763502 -0.024198632943009852 -0.03422921523451805 0.008474934648881636 0.9993852657620821 0.03401861343955254 -0.023925671353936195 0.023923388759690866 -0.03421273691058527 0.9991282000340796 0.008477462455630302
0.9996012676106842 -0.006581528499843834 -0.027458865120741055 -0.03380666673183441 0.007503102283335442 0.9994073617251761 0.03359507085345436 -0.027224848046898842 0.027221485030010997 -0.03378770208416896 0.9990582475214508 0.007505954243242741
0.9995221709653684 -0.005556235230309278 -0.030406545327318363 -0.03329746425151825 0.006562433419403974 0.9994307519792377 0.03309239286953067 -0.030209962278604507 0.030205367342455648 -0.03327612129261679 0.9989896573715997 0.006565476302057505
0.9994961992517191 -0.005175423099654336 -0.031313937425811546 -0.03327563777565956 0.006211346168522644 0.9994335534869957 0.033075539952224696 -0.031130047515034676 0.03112501984164598 -0.03325337817569814 0.9989621844593324 0.00621439702808857
0.9995044287063394 -0.005228665791684884 -0.03104123145838582 -0.03298276662826538 0.0062464870144435854 0.9994429587135052 0.03278343603061064 -0.030857423320412636 0.030852526580372717 -0.03296108815002346 0.9989803242664861 0.006249502766877413
0.9995159304836523 -0.005335152470349897 -0.030650299468631802 -0.0322670079767704 0.006318263521348863 0.9994657090049343 0.032068303187711575 -0.030467547476291656 0.030462834002657792 -0.03224643656874848 0.9990156070218044 0.006321239285171032
0.9995141725436302 -0.0054983985493746385 -0.030678762977254234 -0.03147882968187332 0.006458242374864224 0.9994899194680443 0.03127606092828294 -0.03049587272107601 0.030491146089476836 -0.031458997046225 0.9990398498133074 0.006461291573941708
0.9994959262132919 -0.005610220538292219 -0.03124770245226948 -0.030648065730929375 0.0065619497238403645 0.9995150932036289 0.030438779114198213 -0.031066779047250748 0.031061781965232377 -0.030628481576024665 0.9990480778308377 0.006565164774656296
0.9994652472080169 -0.00552729372288886 -0.03222838263888945 -0.029686572030186653 0.006478138089442596 0.9995445564714895 0.029473943663980078 -0.032056283205747604 0.032050793286779504 -0.029666962303449132 0.9990458538012026 0.0064815133810043335
0.9995183126759629 -0.005912853702195228 -0.03046605958263466 -0.029003575444221497 0.006790751886957715 0.9995623231281924 0.02879319140666601 -0.030287105590105057 0.030282475364573302 -0.028986209542945784 0.9991209993499919 0.006793919950723648
0.999639747300583 -0.006650417617822233 -0.026002837582369962 -0.028625238686800003 0.007389467820729783 0.9995684753061775 0.02842989517057238 -0.025805409997701645 0.025802546040128504 -0.028611800355655623 0.9992575211116778 0.007391996216028929
0.9996845243756415 -0.006900774488501809 -0.024150176713771513 -0.028120452538132668 0.0075748977065685395 0.999581052857584 0.027934560903275413 -0.023949578404426575 0.023947288961019615 -0.028108683348435644 0.9993179820616832 0.007577143143862486
0.9996327001452167 -0.006654095792495844 -0.026271425723921046 -0.027523068711161613 0.007372046408186477 0.9995993747643733 0.027326596978576718 -0.026082023978233337 0.02607906693382177 -0.02751023409312074 0.9992812763621677 0.007374621462076902
0.9995330194440613 -0.00637748065697957 -0.029884289877924627 -0.0264138113707304 0.007161360354543996 0.9996311400159138 0.026197305746145302 -0.029710564762353897 0.0297061939485748 -0.026399084282499336 0.9992100031475541 0.007164583541452885
0.9994714849025437 -0.006381068502046364 -0.031875269904372144 -0.025374967604875565 0.007184148149147979 0.9996580306427731 0.02514378226885416 -0.03170923888683319 0.03170392534175342 -0.025359490061605 0.9991755388227535 0.007187823299318552
0.9994822164406025 -0.006798925085052037 -0.03144954112015629 -0.024626072496175766 0.007567560638488371 0.9996739702288122 0.024386169706344246 -0.0312785878777504 0.031273487892516126 -0.024611539258073044 0.9992078067601279 0.007571336347609758
0.9995204828407166 -0.007096010618494604 -0.030140521149496696 -0.024055471643805504 0.007815421728098355 0.9996857565797082 0.023818213091423592 -0.02996652014553547 0.02996203539603099 -0.024042352733430767 0.9992618484211074 0.007819011807441711
0.9995107838702837 -0.006949617794925178 -0.03049419189805636 -0.022870169952511787 0.007641630144951952 0.9997145744342174 0.022635705258273228 -0.03033282980322838 0.030328178576017193 -0.022857656842207513 0.9992786043481292 0.0076452214270830154
0.9994082773928212 -0.006235010842699886 -0.03382631695152548 -0.021659238263964653 0.0069621902886144145 0.9997462716038293 0.02142242564760866 -0.03369053825736046 0.03368416519818724 -0.021645254769431868 0.9991981084654172 0.006966199725866318
0.9991628026601392 -0.005157730956957731 -0.04058437620207028 -0.020898178219795227 0.00599976357416416 0.9997686945824137 0.020653333145782944 -0.040479518473148346 0.04046846448025502 -0.020879538892231393 0.9989626360571541 0.0060047185979783535
0.9989591894381942 -0.004142295184561906 -0.04542443425723919 -0.01961452327668667 0.005027245734463132 0.9997994558026233 0.019384916226375615 -0.0453505702316761 0.045335026605392126 -0.019593099994187586 0.9987796783051336 0.005032441113144159
0.9989640773193305 -0.003632182256158273 -0.04536054979380919 -0.01928684301674366 0.004501691803188011 0.9998077983880682 0.019081432160948483 -0.0452980138361454 0.04528252418370363 -0.01926586448778819 0.998788425778498 0.004506329540163279
0.9993691245138455 -0.003927389230184595 -0.035297713555763145 -0.0191532913595438 0.004599839926938873 0.999809095182152 0.01898985686341438 -0.03522367775440216 0.03521639449285821 -0.01914024046037712 0.9991964054949569 0.00460271118208766
0.999573341310461 -0.004003446907259332 -0.028932814489804694 -0.018835071474313736 0.004545762914349674 0.9998147577114089 0.01870257474261212 -0.028856584802269936 0.02885258014402213 -0.018826116841696945 0.9994063767775827 0.004547671880573034
0.9995940794076377 -0.0035901474266834535 -0.02826282460498261 -0.017194991931319237 0.0040739512640699796 0.9998458417619897 0.017079099284101833 -0.028200889006257057 0.028197151173395423 -0.017187307896029073 0.9994546098312778 0.004075583070516586
0.9995247523052833 -0.0030437562173428845 -0.030675806055450387 -0.015245559625327587 0.0035094072232155506 0.999879264939335 0.015137357937137464 -0.030630817636847496 0.030626027982810024 -0.015237817838022694 0.9994147564037322 0.0035110614262521267
0.999444640566587 -0.002605613232174256 -0.0332207950297686 -0.01313986536115408 0.0030402172327936424 0.999910373366912 0.013038493487363 -0.033189937472343445 0.03318384429060329 -0.01313225087054391 0.9993629853387457 0.003041897201910615
0.9994132762425983 -0.0024506389403775356 -0.034162810757018526 -0.011886299587786198 0.0028548613218754536 0.9999264380373754 0.011788480848686817 -0.034138038754463196 0.034131408363394775 -0.01187909435398598 0.9993467536748496 0.002856529550626874
0.999396284287154 -0.0022513177434778054 -0.03466985032341799 -0.010815482586622238 0.0026245735257784406 0.9999390490678917 0.01072426048771833 -0.0346505269408226 0.03464359344580304 -0.010808779654454785 0.9993412789010286 0.002626152941957116
0.999384557588549 -0.002229168310733543 -0.03500766861963987 -0.010067409835755825 0.0025799057799638725 0.9999469013544151 0.009976901215807535 -0.03499070927500725 0.0349835695678215 -0.01006107749427934 0.9993372426663321 0.0025814888067543507
0.999378891360582 -0.0024476342285732968 -0.03515452445386155 -0.0097267497330904 0.002787730606962837 0.9999497583180162 0.009628571950388853 -0.03513642027974129 0.0351291910091456 -0.009720592904958462 0.9993355042289946 0.002789455931633711
0.9993600423195627 -0.002755976288140673 -0.0356638529850766 -0.009664035402238369 0.003098529672098183 0.9999495649877231 0.009553355155885243 -0.03564327210187912 0.03563572545793165 -0.009657746919574895 0.9993181790578636 0.003100503934547305
0.9993076079872208 -0.0027758072620295425 -0.03710255399434205 -0.009325861930847168 0.0031195485982934345 0.9999527215124271 0.009209948774744986 -0.03708373382687569 0.037075234799012244 -0.009319315100081405 0.9992690215005485 0.0031216999050229788
0.9992047215813656 -0.0025513529988267893 -0.03979214705668725 -0.008826369419693947 0.0029001731926832767 0.99995785462591 0.008710796025628501 -0.03977873548865318 0.03976824568620154 -0.008819272635713308 0.9991700090901543 0.002902473323047161
0.9991333407980989 -0.0022597054447330025 -0.04156273615792249 -0.00799865834414959 0.002589837994377382 0.9999655128933426 0.007890865802762858 -0.04155543074011803 0.041543471746989476 -0.007991667864555999 0.9991047358510267 0.0025920786429196596
0.9991924236062589 -0.0022844520269265384 -0.040115855802750275 -0.007623075507581234 0.002588105793594452 0.9999683817771514 0.007519119256009919 -0.04010816290974617 0.04009741034345665 -0.00761687107161514 0.9991667433210669 0.0025901917833834887
0.9994394642622493 -0.0028223383230164133 -0.03335853236547785 -0.007443566806614399 0.003068857612596357 0.9999683446576572 0.00734110315816137 -0.033342935144901276 0.03333675731293926 -0.007439360793481544 0.9994164880183048 0.0030705691315233707
0.9996124099436231 -0.0035350552141372536 -0.02761400498542254 -0.00668195728212595 0.0037180746071277053 0.9999714443334063 0.006579243039821839 -0.0275934599339962 0.027589958461689865 -0.006679363921378514 0.9995970089439483 0.0037194991018623114
0.9996676549114735 -0.004207123189977677 -0.025433832551532542 -0.005277009215205908 0.004339876652205845 0.9999772355051264 0.005166618059076963 -0.025414252653717995 0.02541151696453171 -0.005275280655007247 0.9996631563779732 0.004341292195022106
0.999649642296536 -0.004766301281100058 -0.026036033271325497 -0.003927105106413364 0.004866862462560434 0.9999809351863473 0.0038003833502405497 -0.026020359247922897 0.026017423127172 -0.003925765649659865 0.9996537810951778 0.004868529736995697
0.9996214148073703 -0.005141427319473926 -0.027029479899354877 -0.002413899637758732 0.005204758113776269 0.9999838714090583 0.0022731948286140204 -0.027020644396543503 0.02701735648593589 -0.002413016135529265 0.9996320522080319 0.005206682253628969
0.9996338635286153 -0.005909419593715198 -0.026404879225612365 -0.0010327647905796766 0.005934617410974167 0.9999820062884471 0.0008760225553417473 -0.026402294635772705 0.026399227318978917 -0.0010324046675214702 0.999650946549626 0.0059367213398218155
0.999695345009274 -0.007343420790617819 -0.02356462046969183 0.000779453432187438 0.0073230158899499735 0.9999727331088132 -0.0009520909440957935 -0.023573152720928192 0.02357096954018305 0.0007792367946978559 0.9997218624122179 0.007325116544961929
0.9997493838901241 -0.008770477595496417 -0.020597284628416368 0.003287812229245901 0.008700858766128831 0.999956135863755 -0.0034671898072148547 -0.020628252997994423 0.020626790056840663 0.003287106809075562 0.9997818414338083 0.008702820166945457
0.9997598043377767 -0.009619984289447466 -0.019692372451318055 0.006411363836377859 0.00949167990634315 0.9999331812276959 -0.0065985674517612765 -0.01975581981241703 0.019754534746385905 0.006410068808578073 0.9997843114266313 0.009493675082921982
0.9997087002578657 -0.01033082518550385 -0.021812580766963713 0.00980041641741991 0.010114130734669624 0.9998986324056803 -0.01002144065152655 -0.021915653720498085 0.021913899429603288 0.009797906114911334 0.9997118495084234 0.01011673267930746
0.9996182603128638 -0.011228864206238637 -0.025243736999925975 0.013495289720594883 0.010883669476264615 0.9998459472639317 -0.01377052935157321 -0.025397205725312233 0.025394475537309388 0.013490528104153897 0.9995864776314534 0.010887395590543747
0.9994895110861786 -0.012338353515436997 -0.029470023095338426 0.017594266682863235 0.01181275914882782 0.9997692291225573 -0.017942887754742943 -0.029688969254493713 0.02968460796445628 0.01758560582452658 0.9994046080130814 0.011818242259323597
0.999374382353886 -0.013587563262928986 -0.0326530552837681 0.0228422861546278 0.012831238704692046 0.9996470704599736 -0.023261423733209132 -0.03296356648206711 0.032957597122547116 0.02282789182926437 0.9991960188804494 0.012838565744459629
0.9993119094509366 -0.014371262795850897 -0.03419319281926888 0.028483711183071136 0.01338360148025305 0.9994915382072961 -0.028940357002478975 -0.03459861874580383 0.034591716363038094 0.028462815350308507 0.9989961367800145 0.013392016291618347
0.9992659986159805 -0.015091580449617868 -0.03520949033343105 0.03546987473964691 0.013824642689156825 0.9992578570227796 -0.035952947483612746 -0.035733550786972046 0.03572594665679841 0.03543979934727318 0.9987330360800631 0.013833914883434772
0.9992105602632506 -0.016027704031724408 -0.03635063908478459 0.04429713264107704 0.014392402032421618 0.9988918102357508 -0.04481082690246008 -0.03703703731298447 0.03702857034963637 0.044252278443223 0.9983339225081183 0.014402776956558228
0.9991424904621251 -0.017776140319308922 -0.037393750660911405 0.05693737789988518 0.015607892494544095 0.9982236263166318 -0.05749770043360337 -0.038358818739652634 0.038349412577260246 0.05686475796679239 0.997645088123205 0.015620017424225807
0.999060022286196 -0.020405979401128947 -0.03824484114474171 0.07444582134485245 0.01749114509296437 0.9970257515222462 -0.07505804850139045 -0.039673130959272385 0.03966272447579334 0.07431854954303745 0.9964454934821956 0.017505813390016556
0.9989612411829891 -0.02343135647757345 -0.039082094976633446 0.09761964529752731 0.0194941196707664 0.9949712176233797 -0.09824589253149962 -0.041199248284101486 0.041187594156536486 0.09738196770793868 0.9943944561656236 0.019511913880705833
0.9988467350000116 -0.026670899434554658 -0.03992321509057609 0.1269163191318512 0.021383282686270336 0.9916132406388763 -0.12745954735218917 -0.04300110042095184 0.04298784946209315 0.12645886332328699 0.9910399591770286 0.021404702216386795
0.9987446230279561 -0.029887280396949812 -0.04019861245391374 0.16257943212985992 0.022963654555636526 0.9863866730475775 -0.16283120647953414 -0.04453267529606819 0.04451795752497236 0.16170368488258202 0.9858347071153456 0.022988468408584595
0.9986661762232583 -0.032999869438781936 -0.03970991166748246 0.20364782214164734 0.024261644647089554 0.978822607581697 -0.2032674973673497 -0.04559255391359329 0.045576760159474525 0.20203294658047857 0.9783176618202164 0.024289270862936974
0.9986002899946764 -0.03583854658513625 -0.038898064234778186 0.24883796274662018 0.025127701693630836 0.9686042442036458 -0.24733462498865744 -0.04655776172876358 0.04654094358888541 0.2460110092848467 0.9681490194595598 0.025157613679766655
0.9985750620718737 -0.03850344795239883 -0.03695037082264102 0.29945892095565796 0.025861198106782137 0.9548194603902648 -0.29605910979486083 -0.04669719934463501 0.04668022965491423 0.2946816630803834 0.9544546472219327 0.025892313569784164
0.9985915292974903 -0.04104133802933248 -0.03362389311281021 0.3571009933948517 0.0266705586159908 0.9361520988918378 -0.3505822714335646 -0.04588153958320618 0.045865443619468205 0.3491917185632681 0.9359281514990458 0.026701828464865685
0.9986379572795763 -0.04347681579827544 -0.02884435418791817 0.41977381706237793 0.027919419288582218 0.9123224537988139 -0.40851957887119594 -0.044090766459703445 0.044076482471535644 0.40715784013396306 0.9122936790915427 0.027950217947363853
0.9986781104471837 -0.045608398991892785 -0.023704549247754336 0.48690325021743774 0.02919075461568815 0.8828303843395926 -0.46878397192286114 -0.042320214211940765 0.042307582755453876 0.46747233760748186 0.882994723661012 0.029221072793006897
0.9987074954526589 -0.047295498400708146 -0.01861382168459372 0.5567513704299927 0.030291374673989825 0.8479321801196607 -0.5292385573046235 -0.04082519933581352 0.040813859741970084 0.5279906758159163 0.848268869583468 0.030321281403303146
0.9987379447492021 -0.04850157268950629 -0.013042820430579562 0.6273462772369385 0.03158607132355168 0.808458953157071 -0.5877043824564493 -0.0390591025352478 0.039049171777174894 0.5865506955982727 0.8089706074244597 0.031615447252988815
0.9987696157257989 -0.04898485997926707 -0.007729048825796534 0.7005099058151245 0.0324445454561416 0.7633256158567732 -0.6451986947034396 -0.03751354664564133 0.03750474867379208 0.6441540868997802 0.7639757235391882 0.03247309476137161
0.9987718862096893 -0.04945892320409798 -0.0029213408959813773 0.7739186882972717 0.033307616981106535 0.7139254164795544 -0.6994291260417561 -0.03668686002492905 0.036678630947450844 0.6984728445830847 0.7146959937007026 0.03333621844649315
0.9987227442917884 -0.050525767267402336 0.00016393998697535397 0.8514255285263062 0.03339129569898429 0.6575903989643124 -0.7526352958515163 -0.03792876377701759 0.037919670433984885 0.7516794622922705 0.658437608708814 0.03342154994606972
0.998642882952394 -0.051942354175729254 0.0037926469930775683 0.9263466596603394 0.03421036498673203 0.5993315963008653 -0.7997695221768151 -0.03927895799279213 0.03926885860329502 0.7988138891620123 0.6002952000689784 0.03424346446990967
0.9985891557905889 -0.05245646639956593 0.00824724622585888 0.9942861795425415 0.03548061964587832 0.5435816253499637 -0.8386060709364298 -0.03951754420995712 0.03950725967443511 0.8377155458237378 0.5446759042937862 0.03551580756902695
0.9985317038913429 -0.052502038433969625 0.013340625327523219 1.0596885681152344 0.03728795875458626 0.4875240976322436 -0.872312938319605 -0.039304450154304504 0.039294331089454265 0.8715295693137122 0.48876596174047116 0.03732544556260109
0.9984758356332427 -0.05217717926743197 0.017987429504848718 1.11947500705719 0.038913874074298804 0.434452532713375 -0.8998537143466505 -0.03914714232087135 0.039137144262544894 0.8991821499466213 0.4358207718275308 0.03895356133580208
0.9984196501531273 -0.051865211399489 0.021637976675117947 1.1766167879104614 0.039866167990350504 0.38228586964051603 -0.9231837317256838 -0.03961959108710289 0.039609226676013076 0.9225874016697174 0.38374939145547515 0.039908070117235184
0.9983890286411553 -0.05122477709588661 0.02440019877884309 1.228203296661377 0.040157892486641415 0.3341417964635732 -0.941666928126462 -0.040094293653964996 0.04008355223781537 0.9411297902348925 0.3356605826909463 0.04020101949572563
0.9983627232413691 -0.05048222053944223 0.026896435665058484 1.2761143445968628 0.040365693688558156 0.2886317596921105 -0.9565888971078836 -0.040538668632507324 0.04052756611393052 0.9561083896224543 0.29019693947117725 0.0404098816215992
0.9983266333353867 -0.04998684312651401 0.02907316094747322 1.3223258256912231 0.040438573547061124 0.24409860229619398 -0.9689069068422019 -0.04134766012430191 0.041335879604906575 0.9684612474803986 0.24571153246438976 0.0404842235147953
0.9982643788008794 -0.04999696008502145 0.031121278886816713 1.3661108016967773 0.04059696971025539 0.20139401641788268 -0.9786686549601036 -0.042675770819187164 0.042662818327424856 0.9782334865119525 0.20307419776778826 0.04064515605568886
0.9982281191498038 -0.049404518422585524 0.03316346933114147 1.4060921669006348 0.04077671363200805 0.16207911110911563 -0.9859348971242738 -0.04334810748696327 0.04333453315796031 0.9855402352524789 0.16380648013576962 0.04082639515399933
0.9982126145395904 -0.048204124877110364 0.03532617328365807 1.4411038160324097 0.04122505430900953 0.12744871071591557 -0.9909880529219665 -0.0432809479534626 0.04326743661524568 0.9906730986968824 0.12920812840941118 0.04127541556954384
0.9981896001739583 -0.047112190448754934 0.037389351634837295 1.4731502532958984 0.0417650852454611 0.09560506144958923 -0.9945427843384415 -0.04329400137066841 0.043280477804578735 0.9943038337129856 0.09739962271316482 0.04181644320487976
0.9981361471111522 -0.04630169782743924 0.03975405147152839 1.5007336139678955 0.042857385036232515 0.06808183329347582 -0.9967588015780224 -0.04345877468585968 0.04344509613248121 0.9966047444968822 0.06993930846343559 0.04291105642914772
0.9980778579229884 -0.04486982926060057 0.04274678872130079 1.5243722200393677 0.0447418351884127 0.04444261389984919 -0.9980095301417325 -0.04289389029145241 0.04288073819131254 0.998003783806391 0.04636474738736991 0.04479800909757614
0.9981408794406221 -0.03945657126796698 0.04645388867766845 1.5478925704956055 0.04731036351631294 0.021057283538445163 -0.9986582600238862 -0.03843490034341812 0.03842543810362733 0.9989993842809701 0.022884840239489015 0.0473630353808403
0.9981403464693924 -0.03472590621642497 0.050099502865891175 1.5715540647506714 0.05004283273585904 -0.0024997100312851984 -0.9987439443328457 -0.03481455519795418 0.03480752277500103 0.9993937476726616 -0.0007572787203103409 0.050094123929739
0.9980521845262343 -0.032923183994453 0.052989630288187935 1.5922057628631592 0.05224227907595948 -0.02316044722465795 -0.9983658337309542 -0.03410325571894646 0.034096645573443385 0.9991895003651816 -0.021395352780867054 0.052296508103609085
0.9978818641395352 -0.03350531742603191 0.05576001188654083 1.6113035678863525 0.05432261204946204 -0.0423800846663227 -0.9976236676441668 -0.035796456038951874 0.035788811680886726 0.9985395946720672 -0.040470221529093006 0.05438423901796341
0.9976999840909364 -0.034862888852546764 0.05813192518573666 1.6282546520233154 0.05599302399792642 -0.05947366022365695 -0.996658248851214 -0.03821300342679024 0.03820370412031732 0.9976209013049275 -0.05738479128681462 0.056063294410705566
0.9975319727063036 -0.03618930094459255 0.06016891162230029 1.643130898475647 0.05734899980737789 -0.07447140146666462 -0.9955727510256014 -0.040521033108234406 0.040509945072337995 0.9965662772042473 -0.07221218380234448 0.057427674531936646
0.99739860970448 -0.036825379292271004 0.06196696538923368 1.6559087038040161 0.05856034223717989 -0.08731818258495061 -0.9944577523993292 -0.042044512927532196 0.04203212672033704 0.9954995863535261 -0.08493452709778233 0.05864575132727623
0.9973008008261939 -0.03677328470483817 0.06355185444539974 1.667265772819519 0.059659648475836144 -0.09869189444936399 -0.9933280607703254 -0.04281306639313698 0.042799988494998706 0.9944383517855758 -0.09623162413061243 0.05974991247057915
0.9972187703336953 -0.03638519510955058 0.06504492040884174 1.6760051250457764 0.06080773713297338 -0.10742854058325345 -0.9923515142190893 -0.043107934296131134 0.04309458433399526 0.9935467911703969 -0.10491725575942198 0.06090192124247551
0.9971384139857296 -0.036182311796003015 0.06637637883404575 1.6831992864608765 0.06184052112040193 -0.11462587426468082 -0.991482051726916 -0.043496277183294296 0.04348256319010021 0.9927495904114766 -0.1120603294492058 0.06193866208195686
0.9970659398271331 -0.03593962451582423 0.06758590848910283 1.6893757581710815 0.06279933898378613 -0.12079977978696066 -0.9906884758725224 -0.04378332197666168 0.04376933469719794 0.9920260866494809 -0.1181883613012774 0.06290104985237122
0.9969751084953443 -0.036121233619548096 0.06881779945986756 1.6949735879898071 0.06375088475647694 -0.1264210814571033 -0.9899260249412494 -0.04447202757000923 0.04445736984418797 0.9913188017207273 -0.1237359108000527 0.06385736912488937
0.9968837575474855 -0.03627246984038602 0.07005056651936713 1.6993598937988281 0.06475615380618215 -0.13083611847126156 -0.9892868899604421 -0.04506427422165871 0.045049023099686336 0.9907402374159698 -0.1280795357686451 0.06486744433641434
0.9967899809214149 -0.03656109227347902 0.07122513928702043 1.7030540704727173 0.06571287610869607 -0.13456902530612705 -0.9887229113061365 -0.045749444514513016 0.045733487164313934 0.9902295006512022 -0.13173452164054203 0.06582923978567123
0.9966833898251276 -0.037017542662864986 0.0724701454524263 1.706484317779541 0.06672408108623099 -0.1380529819330507 -0.98817471693147 -0.04660138487815857 0.04658451942320459 0.9897328304722419 -0.13512515249025006 0.06684637069702148
0.9965653635476471 -0.037578434238920835 0.07379252982041602 1.7095741033554077 0.06780800852798197 -0.14120949431224486 -0.987654774045845 -0.047552645206451416 0.0475347257972002 0.9892662634479309 -0.13817637224632076 0.06793699413537979
0.9964525653838544 -0.03773739536612281 0.07522083442049904 1.7121355533599854 0.06907476286056902 -0.1438231518040507 -0.9871897376598407 -0.04809100180864334 0.048072466919135255 0.9888836079115327 -0.14070624694084735 0.06920995563268661
0.9963577560071813 -0.03782204202237083 0.0764245718443488 1.713865041732788 0.07016853179468646 -0.14559790367504907 -0.9868523838909289 -0.048471007496118546 0.04845202978319991 0.9886206267232589 -0.14241368342683497 0.07030895352363586
0.9962704907209289 -0.03774812546172315 0.07758987268197894 1.714644193649292 0.07129286078508745 -0.14642010798715416 -0.9866501304809665 -0.04862406849861145 0.048604910449025936 0.98850201365559 -0.14318286098233282 0.07143796980381012
0.9961897372793065 -0.037508134071831435 0.07873466338173858 1.7141305208206177 0.07248405468627883 -0.1459506689119815 -0.9866328922453284 -0.04851716756820679 0.04849813558914103 0.9885805693632637 -0.142675816877923 0.072633296251297
0.9961042868769387 -0.037458940683261686 0.07983155659432592 1.7127220630645752 0.07364353704864568 -0.14460519373614175 -0.986745138014623 -0.048525527119636536 0.0485064853019669 0.9887801402270481 -0.14128324449923024 0.07379729300737381
0.9960068114952542 -0.038013402492591775 0.08078002652879825 1.7107291221618652 0.07459856785669855 -0.14271434247532253 -0.986948666408525 -0.04906542971730232 0.04904574526691051 0.9890336686295227 -0.13930871181818014 0.07475806772708893
0.9959045460304524 -0.03902548591137387 0.081554562381632 1.708909511566162 0.07531073932089875 -0.14101871844425926 -0.9871382950687702 -0.050045158714056015 0.05002427149712405 0.9892374500076915 -0.13750214457768334 0.07547678798437119
0.9957736240142204 -0.04100930337564961 0.08217741024289985 1.7068454027175903 0.07575364171011878 -0.13914146467537566 -0.9873707705698231 -0.05194903537631035 0.05192567269897311 0.9894230085482322 -0.13544679645574492 0.07592891156673431
0.9957011563748961 -0.04249964192515075 0.08229816298027973 1.7044219970703125 0.07579470348343313 -0.13684895597765928 -0.9876879700450356 -0.053263984620571136 0.05323880274342356 0.9896798187717373 -0.1330394159577837 0.07597541809082031
0.9957115236294708 -0.04301918336893958 0.08190184108887587 1.7017050981521606 0.0754773146279221 -0.13417063957564196 -0.988079659973031 -0.053520750254392624 0.05349520247681637 0.9900240347275073 -0.1303482795200293 0.07565770298242569
0.9957859660556281 -0.04254235133844936 0.08124320371117495 1.6991316080093384 0.07502581781618387 -0.13155131581874563 -0.9884661744173999 -0.05276380479335785 0.052739325627773434 0.9903960822059792 -0.12780517940746805 0.07520123571157455
0.9959142567928674 -0.0415328178976147 0.08018614689704386 1.6967263221740723 0.07423643534022133 -0.12904176481070712 -0.9888564984882869 -0.0514400415122509 0.05141735878755207 0.9907690184760632 -0.12543128494634187 0.07440339028835297
0.9960266207593744 -0.04067684581634173 0.07922351262784916 1.6950560808181763 0.07347797825784153 -0.12727779918134344 -0.9891417231856584 -0.05033981800079346 0.05031855969522162 0.9910326715350949 -0.12378322382379306 0.0736377090215683
0.996078925010659 -0.04074931923521535 0.07852558902342982 1.6942849159240723 0.07281622858742066 -0.12648255223118496 -0.9892926568186939 -0.05026628449559212 0.05024511920489983 0.9911315033651953 -0.12301939291483002 0.07297306507825851
0.9960740755039283 -0.041389098163769844 0.07825202017957206 1.6942299604415894 0.07246696975055045 -0.1264570046521562 -0.9893215676763432 -0.0508645735681057 0.05084264355997961 0.9911082526785832 -0.12296120147525601 0.07262463867664337
0.9960492710810513 -0.0417725290478357 0.07836392917570009 1.6941139698028564 0.072535218912379 -0.12637305299909793 -0.9893272934135702 -0.051252227276563644 0.051229792076873344 0.9911028742227695 -0.12284380778503007 0.07269459962844849
0.9960262818774048 -0.04204657607738036 0.07850943414419471 1.6939796209335327 0.07265160548946503 -0.12626536961979115 -0.9893325025766518 -0.05153387412428856 0.05151106705627168 0.9911050105185356 -0.1227088753749202 0.0728125050663948
0.9960233608291192 -0.04214296416157313 0.07849481036566845 1.69382643699646 0.0726328458071656 -0.1261190208444443 -0.9893525470180945 -0.0516168549656868 0.0515939375568331 0.9911195503837642 -0.12255652758815673 0.07279398292303085
0.996035182859478 -0.0422132614481711 0.07830680087958343 1.6936781406402588 0.07244538499216831 -0.1259669148163448 -0.9893856692741149 -0.051652226597070694 0.05162926204608091 0.9911359023512165 -0.12240932305595446 0.0726059079170227
0.9960609911110819 -0.04194061120476682 0.07812481755869656 1.6938602924346924 0.07229012356219414 -0.12612031787182082 -0.9893774827917167 -0.05137081444263458 0.05134822316469908 0.9911279688070967 -0.12259163685238401 0.0724489763379097
0.9960482667807125 -0.042393320526511326 0.07804265896210355 1.6949043273925781 0.07209737792722586 -0.12718208315888896 -0.9892556220812618 -0.05188673734664917 0.051863458611603346 0.9909730188547528 -0.12362304624438186 0.072257399559021
0.9960007578105028 -0.04338124531747045 0.07810606887822165 1.696969985961914 0.07192487530383235 -0.12929955558311973 -0.9889936487351857 -0.05302770435810089 0.05300285608749988 0.9906561928745578 -0.12566226468536446 0.07208853960037231
