1.0 0.0 0.0 0.0 0.0 1.0 0.0 0.0 0.0 0.0 1.0 0.0
0.9999992516325198 -0.0006911392334990247 0.0010094854928483254 0.046554967761039734 0.0007373696318623739 0.9989162751395483 -0.046537420935806234 0.0009762278059497476 -0.0009762276508888657 0.046538130472660026 0.9989160372081746 0.000737370050046593
0.9999837213536488 -0.0007710239608602237 0.005653543115614122 0.09504552185535431 0.0013040591726635865 0.9954864146469151 -0.09489519315067764 0.005554887466132641 -0.005554858898524822 0.09490102094014587 0.995471214936492 0.0013040796620771289
0.9999602612061851 -1.438648363806614e-05 0.008914920161574785 0.14515620470046997 0.0013037008820797414 0.9894841455946516 -0.14463549350291643 0.008819205686450005 -0.008819091362959598 0.1446413682521401 0.9894448434438782 0.001303751952946186
0.9999451909204329 0.0012152923708731497 0.010398952810371703 0.1980638951063156 0.0008546378110363023 0.9804507821681266 -0.1967626319709124 0.010434974916279316 -0.010434785542165545 0.19676073493042778 0.9803960059283835 0.0008546844474039972
0.9999414679046432 0.0023824402446147135 0.010553897061667572 0.2516458034515381 0.00032048054870924107 0.9685047446858907 -0.2489948931466981 0.010814925655722618 -0.010814714833287758 0.24898370127259042 0.9684472925480644 0.0003204992972314358
0.9999341804348818 0.003188831694998647 0.011021168288448402 0.3053252398967743 0.0002716368725142122 0.9537501362515741 -0.3006004055444926 0.011470256373286247 -0.011470004857488916 0.3005836139122106 0.953686494628106 0.000271654746029526
0.9999007809912808 0.004442496995530465 0.013367587421503489 0.359144389629364 0.0005392408716379611 0.9362004225127166 -0.3514661834462787 0.014076593331992626 -0.014076128455977893 0.35143851966945167 0.9361051380588803 0.000539294327609241
0.9998675335095432 0.00575683244471803 0.015224135894884302 0.4137493669986725 0.0008496075610685514 0.915625069583307 -0.40203234959087114 0.01625474914908409 -0.01625403336205011 0.40199202831743774 0.9154988888953922 0.0008497199160046875
0.9998522298020303 0.0065450421662869825 0.015895942342295313 0.46869346499443054 0.0013411146742887533 0.8921688203437882 -0.45170011890390704 0.017139099538326263 -0.017138260452521398 0.4516546893694505 0.8920282067284906 0.0013413120759651065
0.9998556556381631 0.006972378067251095 0.015493670722791552 0.5240132212638855 0.0017153394043863358 0.8658313424563336 -0.5003330331199322 0.01690422184765339 -0.01690341678793763 0.5002873897714699 0.8656944045889073 0.0017155853565782309
0.9998661296636878 0.007135102799761768 0.01472457331790212 0.5816653966903687 0.0021279126295844952 0.8355658902030989 -0.5493861257048122 0.01622398942708969 -0.01622327769590036 0.5493439118049271 0.8354388498410055 0.0021281943190842867
0.9998799832772692 0.006887629014269222 0.013877305502490892 0.6377889513969421 0.0027288958144018236 0.8034360143906731 -0.5953848536095491 0.015250908210873604 -0.015250317015780604 0.5953512671915563 0.803320793011314 0.00272921659052372
0.9998859916696383 0.006456717991397144 0.013649705330286057 0.6912490129470825 0.003726707093644414 0.7704797868197257 -0.6374535353705932 0.014633201994001865 -0.0146326797635379 0.6374317288110231 0.7703678834089127 0.003727114759385586
0.9998825502197086 0.005546576177755217 0.01428710113481064 0.7445952892303467 0.005602687899810443 0.7354048482244041 -0.677604839929836 0.014265674166381359 -0.014265190304698593 0.6776053015589131 0.7352873993513184 0.005603287369012833
0.9998712064651758 0.004534582518868752 0.015395065548842976 0.7964651584625244 0.007834239500684171 0.6992950842238487 -0.7147901859089885 0.014007426798343658 -0.014006968741291663 0.714818734184926 0.6991694945325778 0.007835088297724724
0.9998535255346904 0.0035183741014102434 0.016749582667418744 0.8490695357322693 0.010247852990462627 0.6607526618859239 -0.7505337442911891 0.013708419166505337 -0.013707989821123845 0.7505954575231245 0.6606198227125154 0.010248995386064053
0.9998368448934926 0.0024924703562183848 0.01789053338918432 0.9019436836242676 0.012489115094060765 0.6201657629827941 -0.7843713714995826 0.013050489127635956 -0.013050118681201713 0.7844668342355159 0.6200334510225349 0.012490503489971161
0.9998024367287469 0.0019669572014201584 0.01977924646258638 0.9549659490585327 0.015008220587157334 0.5777311575463726 -0.8160891268206772 0.013032668270170689 -0.013032299339225646 0.8162247488771068 0.5775874985614186 0.015010058879852295
0.9997477261959024 0.0018043982728599313 0.022388124374225726 1.0067628622055054 0.017954066407557735 0.5347178458920258 -0.8448399119265287 0.01349616702646017 -0.013495757316872102 0.8450287388198491 0.534550554300507 0.01795666664838791
0.9996899334867814 0.0020986885645385076 0.024811940502583216 1.0569109916687012 0.02057359478460326 0.49171173594524314 -0.8705149601996248 0.014027722179889679 -0.014027262128925926 0.8707555134709309 0.491516095033664 0.020577071234583855
0.9996136661749866 0.00306803850122765 0.027624364896908997 1.104684829711914 0.02329596631552653 0.44960953205915316 -0.8929213664343436 0.015160275623202324 -0.015159694905519919 0.8932199369815389 0.4493643597672909 0.02330075204372406
0.9994958659949428 0.005695094206596784 0.031234272218144395 1.1518462896347046 0.02621204496372761 0.40709074216997854 -0.9130115313282278 0.01791582815349102 -0.01791486974104699 0.9133699653160673 0.4067362338182907 0.026219256222248077
0.9994264090162409 0.006876311971792434 0.033159754139137826 1.198504090309143 0.028382063724472332 0.3640935179247837 -0.930929840892371 0.018475666642189026 -0.018474615547866637 0.9313370101841876 0.3636895132410842 0.02839072234928608
0.9993771504591956 0.007494661536606115 0.03448392652396334 1.2442611455917358 0.030252769634977618 0.3211370356182516 -0.946549404037494 0.018169132992625237 -0.01816813335132043 0.9470030804610794 0.3207102812941224 0.030262382701039314
0.9993278726082817 0.00821307040010576 0.035726019968770895 1.2876490354537964 0.03200376811622047 0.27978525385007985 -0.9595290358058007 0.01787724532186985 -0.01787629308803423 0.9600274773164825 0.2793343533165612 0.03201435133814812
0.9992620516623393 0.009835795340345174 0.03712962749065784 1.328116536140442 0.03367229652024924 0.24077258480948255 -0.9699972880638444 0.01848154328763485 -0.018480491190024727 0.9705317200041342 0.24026371326355553 0.033684417605400085
0.9992619952780257 0.009949768533334333 0.03710076682646398 1.3655368089675903 0.03428883790564224 0.20428261534385878 -0.9783112432469298 0.017313877120614052 -0.01731301210243823 0.9788613871097408 0.20379068780867962 0.034300703555345535
0.9992682231730875 0.009219286998141351 0.0371217308829542 1.4009935855865479 0.035025764869497156 0.16941485712957519 -0.9849222314371182 0.015369858592748642 -0.015369253456406816 0.9855017051892967 0.16896797068433175 0.035037070512771606
0.9992740460594094 0.008295176864110505 0.03718293846444136 1.4342719316482544 0.03570482022988567 0.13648392347191335 -0.9899986386081874 0.013287478126585484 -0.01328708713032521 0.9906075553288022 0.13608866463113348 0.03571556508541107
0.9992666032620413 0.007716633245178486 0.03750612185365817 1.4666237831115723 0.03649794248020362 0.10433541910432396 -0.9938722355086879 0.011582823470234871 -0.011582564476565471 0.9945122291312884 0.10397725861197596 0.03650850057601929
0.9992383215549855 0.007495118807083328 0.038296212998717646 1.4987493753433228 0.03765535502983944 0.07231817847778453 -0.9966705349809596 0.010239855386316776 -0.010239676437866106 0.9973534500144485 0.07198086392038375 0.037666235119104385
0.9991901621899099 0.007101689348152702 0.03960537578793871 1.5291398763656616 0.03927376823356689 0.04195569660240417 -0.9983472795832836 0.008751735091209412 -0.008751623371556794 0.9990942325581753 0.041642809191420736 0.03928537666797638
0.9991337448237552 0.006563685158475094 0.04109352736866965 1.5584672689437866 0.04100845556579018 0.012608525664901784 -0.9990792419286201 0.007075829431414604 -0.007075770386876647 0.9998989664549603 0.012328436873110585 0.04102098569273949
0.9991046109116872 0.005417150181442764 0.0419598729611713 1.5870786905288696 0.04204203930198446 -0.01606810074530147 -0.998986628073554 0.0047374628484249115 -0.004737445127527397 0.9998562249755464 -0.016281461584057192 0.042054906487464905
0.9990757253387981 0.0041767600998835405 0.04278141785661803 1.6147326231002808 0.042923471129516576 -0.043783232853807905 -0.9981185321128262 0.0022957948967814445 -0.002295792880050818 0.9990323233989665 -0.043922046162657886 0.0429367758333683
0.9990166419112292 0.0035400012134663146 0.0441952211875851 1.6432726383209229 0.04433553656114035 -0.0723270489788868 -0.9963950813727663 0.0003307298757135868 -0.00033072986968425716 0.9973746870546768 -0.07241287344346259 0.04435007646679878
0.9989603277376431 0.003292053388104018 0.04546895634155806 1.670953392982483 0.04557022196208527 -0.09994350489633377 -0.9939490181590617 -0.0012721939710900187 0.0012721936279204936 0.9949876673675541 -0.09998961601009726 0.04558604583144188
0.9989037817407268 0.003308155159237328 0.04669358557143431 1.6965221166610718 0.04673969976227834 -0.1253772301104194 -0.991007543178139 -0.0025759085547178984 0.0025759057060624085 0.9921036267846627 -0.12539441148038502 0.046756889671087265
0.9988259650308895 0.003230497366206453 0.048334826645798655 1.7200138568878174 0.048277590407324864 -0.14868181343010853 -0.9877059241594116 -0.003995738923549652 0.003995728290943784 0.9888798118284656 -0.14866321641052846 0.04829674959182739
0.9987530308233321 0.0027139933535360707 0.049849951467229425 1.7411408424377441 0.0495876963864096 -0.16959595388741866 -0.9842653467394379 -0.005783092696219683 0.00578306046115959 0.9855099424486257 -0.16951905363884334 0.04960887134075165
0.9986855186055165 0.0021641446807770474 0.051210852418519436 1.759277105331421 0.0507079798603466 -0.18749827896687318 -0.980955195797924 -0.007479087449610233 0.007479017723832244 0.982262547317295 -0.18736155537256124 0.05073115602135658
0.9986263013340676 0.000997915622732536 0.05238811361606724 1.774374008178711 0.05150564061595541 -0.20239167578840694 -0.9779492719749324 -0.00962715595960617 0.009627007249405614 0.9793041477171278 -0.20216504889681008 0.051530830562114716
0.998586852006415 -0.0007857710376774404 0.05313832481170958 1.787900686264038 0.051717791617144404 -0.21573225446780497 -0.9750819783036111 -0.012230146676301956 0.012229841788184806 0.9764522399718865 -0.2153867545224668 0.051744747906923294
0.9985522284293897 -0.0023750056534234936 0.053738314514377286 1.799911618232727 0.05178913409062664 -0.22754445552315158 -0.9723895342663945 -0.01453779824078083 0.014537286158118378 0.9737647971193141 -0.22709202364314404 0.051817793399095535
0.9985361026891744 -0.0019487868816125999 0.05405417519493504 1.8104524612426758 0.05204105012615189 -0.2377923220857504 -0.9699208940211742 -0.014744371175765991 0.014743836952504003 0.9713140654735505 -0.2373428016291229 0.05207023397088051
0.998528746716865 -0.0002580084408457112 0.05422430646574707 1.8195984363555908 0.05248623390466344 -0.24659663440590274 -0.9676958691397761 -0.013621626421809196 0.013621205179857045 0.9691181730477073 -0.2462202864065474 0.052515238523483276
0.9985061242049382 0.001547772354442407 0.054617985370859774 1.8283848762512207 0.053206160023048905 -0.2550283386716985 -0.9654686173097266 -0.012435128912329674 0.012434808435771764 0.9669323403812142 -0.2547297090330717 0.05323541536927223
0.998480636854406 0.001843463928613523 0.05507285599606732 1.836002230644226 0.0536263081246941 -0.26238672846488814 -0.9634715479983872 -0.012674600817263126 0.012674261467045546 0.9649610387814821 -0.26208692590441823 0.053656358271837234
0.9984397784913265 0.0013893051371278355 0.05582184659635355 1.8426446914672852 0.05413984405775432 -0.2688315082758419 -0.9616644411870172 -0.01367105171084404 0.013670625866906103 0.9631862177114932 -0.26848728833789354 0.05417139455676079
0.9983757452697045 0.0010585533446679923 0.05696271343588225 1.848473310470581 0.05506503476467314 -0.2744806012265867 -0.9600147090001574 -0.014619453810155392 0.014618933050236146 0.9615920543635477 -0.2740930640883945 0.055098794400691986
0.998326393097824 0.0008229594555850608 0.057825042862272406 1.85338294506073 0.055754449562731255 -0.2792291562410559 -0.9586044646562341 -0.015358149074018002 0.015357545319680308 0.9602241410434559 -0.27880772004934057 0.05578996241092682
0.9982667217991602 0.00016991784666390425 0.05885170580606401 1.8576385974884033 0.05648751611137947 -0.28336790565422504 -0.9573462229354148 -0.016514765098690987 0.01651401440972995 0.9590112622764467 -0.282886348477638 0.05652531608939171
0.9981968583581359 -0.0016051621167511056 0.06000379503436851 1.8620442152023315 0.05700581934829542 -0.2877073252356059 -0.9560203091808264 -0.018799206241965294 0.018798098956465437 0.9577170346508159 -0.28709704459515195 0.05704683065414429
0.9981121941754253 -0.003948233740249003 0.06128996074929895 1.866050124168396 0.0574755020579191 -0.29169207199710895 -0.9547839031934 -0.02164919674396515 0.021647505664819308 0.9565041278449173 -0.29091448728814767 0.05752068758010864
0.9980372337606401 -0.0059319817684201324 0.06234173256903103 1.869380235671997 0.05782164002223812 -0.29500401182066327 -0.9537448772889177 -0.02405097708106041 0.024048658435517015 0.9554776002617817 -0.29408199099135385 0.057870663702487946
0.9979757214235431 -0.006912005354329391 0.06321932956889308 1.872222661972046 0.058298136414600694 -0.29779243061660915 -0.9528488839044923 -0.025415070354938507 0.025412334401687775 0.9546056214214506 -0.29678665874803584 0.05835007503628731
0.9979344311680516 -0.007916226555885392 0.0637511132954816 1.874646782875061 0.05844146400110095 -0.3001726982554556 -0.952092929554383 -0.026676490902900696 0.026673327027303087 0.9538520244666648 -0.29909003501644693 0.058495618402957916
0.9978886681906745 -0.008398500523040999 0.0644024152156304 1.8768569231033325 0.05885679010241665 -0.3023236410270197 -0.9513865115372437 -0.027464045211672783 0.02746059277368301 0.9531683383669068 -0.30119102672454856 0.05891306698322296
0.9978352107407408 -0.009306527089700516 0.06510207953291693 1.878509521484375 0.05920109719879792 -0.30396479074537275 -0.9508420668426384 -0.02864169329404831 0.02863777743540955 0.9526378086873576 -0.3027558144163535 0.05926006659865379
0.9977837398500468 -0.009674220656473411 0.06583325865809844 1.8797087669372559 0.05975020856567531 -0.30514667668989703 -0.9504290706209851 -0.02928764745593071 0.02928346064269949 0.9522562234817903 -0.30389235556852395 0.05981149896979332
0.997723942878426 -0.010583530099956051 0.06659521527670641 1.8807212114334106 0.06016664086020903 -0.3061793774755677 -0.9500706100792049 -0.030449887737631798 0.030445182455130254 0.9519150055016977 -0.30484572026842804 0.060230955481529236
0.9976527290067435 -0.01218605949209417 0.06738347170821839 1.8815561532974243 0.060398160496091605 -0.30707975606654075 -0.9497652792257686 -0.032271597534418106 0.032265996251247 0.9516057604744567 -0.3056229410854911 0.0604664646089077
0.9975993445598671 -0.013174412322316604 0.06798516451171663 1.8821442127227783 0.06064675002885149 -0.3077084638288978 -0.9495459299049193 -0.03343554958701134 0.03342932013460017 0.9513894765804495 -0.30617077654034347 0.06071796640753746
0.9975436801634532 -0.014245635767065789 0.06858329262689647 1.8830106258392334 0.06085525543597332 -0.308606742994621 -0.9492410210605494 -0.034694768488407135 0.03468780840261973 0.9510830353023042 -0.3069817843266585 0.060929592698812485
0.9974840560313813 -0.015345695606204225 0.06921031418470641 1.8840861320495605 0.061072496648504816 -0.3097066496576983 -0.9488687692778819 -0.0360037237405777 0.0359959458314741 0.950708315301894 -0.30799024513697204 0.0611502043902874
0.9974388873268949 -0.01658515388647925 0.06957441137837803 1.8854138851165771 0.06098438533489419 -0.31104471851641724 -0.9484366546208386 -0.0373794250190258 0.03737072107159719 0.9502505541979992 -0.3092366625304709 0.061064958572387695
0.9973717827955054 -0.01826810184653963 0.07011279011877547 1.887247920036316 0.06089944839564045 -0.31289134208330266 -0.9478345136332694 -0.039262909442186356 0.039252822426186496 0.9496132289012376 -0.3109564783492123 0.06098421290516853
0.9972909327994024 -0.020127955677210648 0.07075069438778564 1.88955819606781 0.060826546323241935 -0.3152010478076437 -0.9470736142050152 -0.04137515276670456 0.04136334873392265 0.9488114485298013 -0.31312283295904203 0.060916315764188766
0.9972454966478677 -0.02115393659751649 0.07109100071018774 1.8922899961471558 0.06070911751826708 -0.3178568116878374 -0.9461931358416188 -0.04262537509202957 0.042612468430036965 0.9479027155937844 -0.3156970372116726 0.06080176681280136
0.9972222035296111 -0.0215603072899447 0.07129537107772216 1.8948180675506592 0.06066421168122234 -0.32028173724526277 -0.9453779467537057 -0.04323070868849754 0.04321724434346538 0.9470769567129799 -0.31808412072066344 0.0607583187520504
0.9971787486758296 -0.02227126619587819 0.071683567791644 1.8972015380859375 0.06069841730372475 -0.32258923955284446 -0.9445908556944327 -0.044175948947668076 0.04416158201570428 0.9462770066036423 -0.320327303624153 0.0607951357960701
0.9971314934155677 -0.022999627543726926 0.07210965241692313 1.8998115062713623 0.060748316081004006 -0.3251114752707058 -0.9437225072767036 -0.04516429454088211 0.04514894165051999 0.945395973008218 -0.3227817022194455 0.06084786728024483
0.9970547155073383 -0.02452113599591886 0.07266779323779263 1.902526617050171 0.060653008816607165 -0.32777318516669207 -0.9428074838519123 -0.04695451632142067 0.04693726457808872 0.944438167894093 -0.32532051920955657 0.06075730547308922
0.9970014320218655 -0.026019580326075497 0.07287747241778122 1.9057116508483887 0.060204635234638045 -0.3308591369263922 -0.9417577360492385 -0.048635490238666534 0.04861631868636021 0.9433213731024956 -0.3283005339706418 0.06031246855854988
0.9969581675718948 -0.027445920665938078 0.07294610031035736 1.9091936349868774 0.059622543165537244 -0.3342102455844981 -0.9406107930981991 -0.05021636560559273 0.05019526330405424 0.9420988447000391 -0.33155723843205137 0.0597333125770092
0.9969352485997036 -0.02819626404468387 0.07297315118158032 1.913202166557312 0.059192430062976364 -0.33801967744171735 -0.9392757602990919 -0.051172759383916855 0.051150428372467846 0.9407165717452414 -0.3353147257744479 0.059304773807525635
0.9968829688071525 -0.029581065930116543 0.07313895706581967 1.918052077293396 0.058624437284130713 -0.34264620484030583 -0.937633592434515 -0.05282154679298401 0.052796987180678594 0.9389986894809669 -0.33984399258729 0.05874009057879448
0.9968224079135337 -0.031322705107982386 0.0732391645650248 1.9229995012283325 0.057851165976056725 -0.3473648643749098 -0.9359438517309738 -0.05478440597653389 0.05475700573146002 0.9372067750195359 -0.3444490255187347 0.0579705536365509
0.9967801717515014 -0.03248928032154933 0.07330576967220936 1.9284636974334717 0.0572019955538513 -0.35253062326608525 -0.9340503687512159 -0.05621876195073128 0.05618915293634884 0.9352361232992518 -0.34953708353833124 0.05732389912009239
0.9967190084331068 -0.034006065583186904 0.07344934126101084 1.93445885181427 0.05645463526271974 -0.3581958387760829 -0.9319380962493441 -0.05803336575627327 0.05800079642106407 0.9330269709858608 -0.3551008012205433 0.05658001825213432
0.9966835765664046 -0.03490637634104021 0.07350777573520678 1.940319538116455 0.05584072788217003 -0.3636929597012445 -0.9298436665232164 -0.05922635272145271 0.05919173348018477 0.9308646389000318 -0.360537602384445 0.0559680238366127
0.9966550102002116 -0.0361957593255097 0.07327112425550668 1.9455844163894653 0.05483369602714937 -0.368620372465498 -0.9279613606090502 -0.06063464283943176 0.060597495186008356 0.9288750658782091 -0.3654025938152799 0.054962318390607834
0.9966677748851333 -0.03675983923213757 0.07281525063573421 1.9503042697906494 0.0539147705543786 -0.3729936355744042 -0.9262661309456679 -0.06124730408191681 0.061209019119620796 0.9271054212119655 -0.36976883851644116 0.054042354226112366
0.9967304183912008 -0.036729986091441826 0.07196791768159014 1.954414963722229 0.05289083441406753 -0.3767541666036454 -0.9248020640016846 -0.061120226979255676 0.06108217979644583 0.9255847913986676 -0.37357965849708624 0.0530146099627018
0.9967591945259037 -0.03684668772402093 0.07150824939711611 1.9590768814086914 0.05213710402574735 -0.3810424132782856 -0.9230863457265893 -0.061298731714487076 0.061260350242877896 0.9238230354818117 -0.37788644934859894 0.052258994430303574
0.9967497045087058 -0.037399163206783215 0.07135355038987198 1.9643911123275757 0.051455476323538515 -0.38595214896991203 -0.9210826633162871 -0.06202654168009758 0.06198677696190837 0.9217604034112873 -0.382773298683353 0.051577482372522354
0.9967167046290751 -0.03831835858916102 0.07132681198812613 1.9708677530288696 0.05066861850668804 -0.3919350007778939 -0.9185965633856116 -0.06319664418697357 0.06315458662663176 0.9191945705672248 -0.3887066241109797 0.05079180374741554
0.9967135318711912 -0.038916264800977735 0.07104688394853256 1.9774914979934692 0.0497554877430769 -0.39801148532902575 -0.9160301572468186 -0.06396956741809845 0.06392594797345283 0.9165546256934842 -0.3947671355312806 0.04987814277410507
0.9967235852694575 -0.038731160122102426 0.0710069841860271 1.9841413497924805 0.04936796947181598 -0.4040856483343321 -0.9133879747404452 -0.06411339342594147 0.06406947914435147 0.9139008075528867 -0.4008496174332127 0.04948980733752251
0.9967657678275207 -0.03815517832299094 0.070726136995837 1.9900314807891846 0.048970059097079015 -0.40942744272358095 -0.9110274981891916 -0.06376083195209503 0.0637176380544801 0.9115444868529291 -0.40623479797869194 0.04908948391675949
0.9967861762997436 -0.03829617747415587 0.07036136389101776 1.9960336685180664 0.04819747828372987 -0.41487070227389683 -0.9086029404981325 -0.06403063237667084 0.06398688791327212 0.909074091141988 -0.41169160179622655 0.048315245658159256
0.9967664924130064 -0.03915205417172655 0.07016891232451956 2.0019898414611816 0.047282264396063194 -0.4202825372397384 -0.9061605687541853 -0.06501460820436478 0.06496881618324823 0.9065482367449963 -0.4170723526898963 0.04740011692047119
0.9967510957695624 -0.03998664914145393 0.06991652860815417 2.007916212081909 0.046314096257701935 -0.4256466361440629 -0.9037034611127016 -0.06594359129667282 0.06589580844036211 0.9040055359507938 -0.4224118054698627 0.046431660652160645
0.9967479704158909 -0.040958145289906225 0.06939678527290172 2.013442039489746 0.04506386992278684 -0.4306209758948089 -0.9014071348436203 -0.06685346364974976 0.06680367579246253 0.9016030198783794 -0.42737485121003815 0.04518013074994087
0.9967393599065288 -0.04188390199896414 0.06896656556958886 2.0184435844421387 0.043940910136465915 -0.43511265391709414 -0.8993031606847616 -0.06772631406784058 0.06767455082601036 0.8994013104029615 -0.43185349137865436 0.04405612871050835
0.996736605115487 -0.042321370830377535 0.06873893797471321 2.02327299118042 0.0432180779241937 -0.4394401210803657 -0.8972316187726622 -0.06823164969682693 0.06817871928536148 0.8972743624755536 -0.4361770061347762 0.04333243519067764
0.9967372036988246 -0.042488359366823714 0.06862715265085238 2.0274853706359863 0.04275704929851314 -0.44320706020354794 -0.8953989817511594 -0.0685136616230011 0.0684600722898557 0.8954117718145347 -0.4399442889708008 0.04287073016166687
0.9966939930801345 -0.04276893560859191 0.06907895703385353 2.031317710876465 0.04277279411180255 -0.4466596935014585 -0.8936809309172108 -0.06913162022829056 0.06907656796516609 0.8936811155821137 -0.44335368658675045 0.04288835451006889
0.9966373630910917 -0.04282027647721787 0.06985979110511209 2.0356829166412354 0.043143430973764406 -0.4505949433957111 -0.891685393706787 -0.06971714645624161 0.06966068370786567 0.8917009705661594 -0.44723234256560895 0.04326198622584343
0.9966360180057944 -0.04171576968129655 0.07054390245408029 2.0405356884002686 0.04391471155600479 -0.4549312227784725 -0.8894431295199468 -0.06925176829099655 0.06919642853866574 0.8895489739756776 -0.4515689063435529 0.044034454971551895
0.9966122227282 -0.04095493604318345 0.07132160067227346 2.045412302017212 0.044615153477887415 -0.4592880221486362 -0.8871662757290419 -0.06914608180522919 0.06909099499139548 0.8873427781441018 -0.4559048458687474 0.044736944139003754
0.9965219267597355 -0.04129309441813704 0.07238045206020301 2.0500621795654297 0.04507309805339907 -0.46346701444318994 -0.884967085464191 -0.07014649361371994 0.07008898143740712 0.8851515163385819 -0.4599938345288728 0.04519960656762123
0.9964653651069684 -0.04137803771782308 0.0731070047044651 2.0557613372802734 0.04527385019277671 -0.4685383072928879 -0.8822823431803661 -0.07081972807645798 0.07076054430936979 0.8824736328036876 -0.4650088523623007 0.045403219759464264
0.9964210041169356 -0.04162574271621647 0.07356955958765313 2.062739610671997 0.045068261753362406 -0.4747052610886849 -0.8789901972589079 -0.07157357037067413 0.07151247679341212 0.8791599471302403 -0.4711302930451669 0.04519933462142944
0.996318986631284 -0.04313939953218229 0.07407745329055232 2.0701217651367188 0.044256683767936275 -0.48122187976524666 -0.8754809240509283 -0.07348152250051498 0.07341541268613899 0.8755366894900551 -0.4775412888294778 0.04439101368188858
0.9961846607303931 -0.045013017113311925 0.07476596829994286 2.0782134532928467 0.04334797021124291 -0.488339949003962 -0.8715761858181837 -0.0758160948753357 0.07574348291461497 0.871491779936658 -0.4845255434946633 0.04348655790090561
0.9960325350066415 -0.04669632692004774 0.07575382670479229 2.085836887359619 0.04279441367399369 -0.4950308778862341 -0.8678208732782839 -0.0781039148569107 0.07802453054355905 0.8676196649404394 -0.4910685182763163 0.0429384671151638
0.9959686538677485 -0.04724911970386732 0.0762493357353016 2.0927786827087402 0.04240391280772033 -0.5010628395499961 -0.8643714126466066 -0.07912904769182205 0.0790464970220716 0.8641201024795712 -0.4970393342575969 0.04254985228180885
0.9958839373511349 -0.04826683952353606 0.07671698331145418 2.098071575164795 0.041874500158190234 -0.5056546505803128 -0.8617191541233161 -0.08047158271074295 0.0803847595163564 0.861384749429029 -0.5015521945805705 0.042022816836833954
0.9958111181330263 -0.04912740668460526 0.07711494612004513 2.102670907974243 0.041408886354749576 -0.5096310026522008 -0.8593960351703817 -0.08161062747240067 0.0815200658335817 0.858989370742245 -0.505461907386037 0.0415591299533844
0.9957589482883219 -0.04946831930274921 0.07756933858874965 2.1059927940368652 0.041352996247840834 -0.512504029691047 -0.8576884919664973 -0.08227580040693283 0.08218300679009558 0.8572587152871644 -0.5082848103761705 0.041505273431539536
0.9956627448322559 -0.0501725004876296 0.07834806154536858 2.108717679977417 0.0414329128207261 -0.5148832788853199 -0.8562584439639074 -0.08339737355709076 0.08330073402010432 0.8557908210065825 -0.5105713058844878 0.04158940538764
0.9954623241976893 -0.05169443218787219 0.07989021707135383 2.1115565299987793 0.041726192836623814 -0.5174067588226514 -0.8547216919886843 -0.08562467992305756 0.08552009082253965 0.8541767566525164 -0.5129019228471391 0.04189187288284302
0.9952274886309982 -0.05347628137737942 0.08162434197764615 2.1145124435424805 0.04202520431628281 -0.5200389187544565 -0.8531080852874802 -0.08818312734365463 0.08806888256024979 0.852466896900251 -0.515309675451418 0.04220166057348251
0.9950008722497355 -0.05497309138248976 0.08337399742196636 2.1174466609954834 0.04247280767577051 -0.5226485995485269 -0.8514895783261829 -0.09050783514976501 0.09038431739191612 0.8507740009037748 -0.517700950893256 0.04266030341386795
0.9948273246064461 -0.0558983211758681 0.08481728542048737 2.1205477714538574 0.042931243162954186 -0.5253738542258057 -0.8497877509451435 -0.09219303727149963 0.09206249277998192 0.8490333862608946 -0.5202564813988332 0.04312770813703537
0.9947033042782382 -0.05611863036599076 0.08611640833081702 2.123551368713379 0.04363766220586812 -0.5280009009327257 -0.8481219269960166 -0.09319984912872314 0.09306498211014312 0.8473876019508872 -0.5227553549843019 0.04384191706776619
0.9945865424159148 -0.05613866064059099 0.08744175448054597 2.126821279525757 0.04444139111541885 -0.5308492436240385 -0.8463002087318143 -0.09406721591949463 0.09392854944521337 0.8456048316591307 -0.5254806335859119 0.04465357959270477
0.9944729106615663 -0.05642006096154695 0.0885460709540957 2.129864454269409 0.044936221900549224 -0.5334870268753034 -0.8446137153261567 -0.09503432363271713 0.0948913374424506 0.8439243857578975 -0.5280030920378576 0.045155253261327744
0.9943810659760357 -0.05649649582709014 0.08952341362807059 2.1328628063201904 0.04543261728029274 -0.5360731517211198 -0.8429480727131701 -0.0957610011100769 0.09561471076892654 0.8422788860959564 -0.5304942083769904 0.04565759003162384
0.9943150223579401 -0.056160362079903235 0.09046352880792871 2.135576009750366 0.04614250893601746 -0.5384119332364193 -0.8414175295403057 -0.09610884636640549 0.09596095655222665 0.8408083038836354 -0.5327596934246301 0.04637305811047554
0.9942372162322466 -0.055652047182986275 0.09162536495477391 2.137756586074829 0.04718023112090925 -0.5403156560876714 -0.8401386894899715 -0.09641134738922119 0.09626205716755916 0.839620057782621 -0.5345762573468614 0.047418124973773956
0.9941449400452701 -0.055452381116771185 0.09274088424673704 2.1398847103118896 0.04801636424695295 -0.5421708047384558 -0.8388952540417421 -0.09695195406675339 0.09680013918838268 0.8384365521121653 -0.5363337404409443 0.04826165363192558
0.9940120744655566 -0.05589822749599214 0.09389027627761617 2.1418910026550293 0.04854054442135572 -0.5439271428205467 -0.8377273296546764 -0.09805399179458618 0.09789694256696263 0.8372685659129232 -0.5379568171983304 0.04879419133067131
0.993895088408611 -0.05618894576878835 0.09494922648780069 2.1445775032043457 0.049002349714395675 -0.5462412004824704 -0.8361933512160555 -0.09901169687509537 0.09885000232527856 0.8357411999350408 -0.5401530558753053 0.049263451248407364
0.9938193435648951 -0.056229838498015744 0.0957147722074714 2.1469566822052 0.04938228570765529 -0.5482743735139809 -0.8348392666891868 -0.09958535432815552 0.09942083390581966 0.8344060262308386 -0.5421089200291143 0.04964856430888176
0.9937947257407901 -0.05596381467650112 0.09612541046280079 2.1482863426208496 0.0497373698618037 -0.5494068625726909 -0.8340733141620479 -0.09965474903583527 0.09948988455625947 0.8336786855886904 -0.5432141493610928 0.0500062070786953
0.9938353184540124 -0.05450721497713355 0.09654182155339952 2.149092435836792 0.05080166238075717 -0.5500977780591803 -0.8335536129570218 -0.0987023115158081 0.0985421275027257 0.8333195054058135 -0.5439375433057062 0.05107232928276062
0.9938432434497763 -0.05302921566097388 0.09728057224138154 2.1500418186187744 0.05213302531925487 -0.5509269563926147 -0.8329235477467497 -0.09792017936706543 0.09776377202364207 0.8328669707740558 -0.5447704598024358 0.05240795016288757
0.9938962829311329 -0.05123533186122898 0.09769912765601971 2.151204824447632 0.05335362417466277 -0.5519055008728557 -0.8321981187756382 -0.09670931100845337 0.09655863277359689 0.8323312194525398 -0.5458032352061882 0.0536298044025898
0.9937949148552412 -0.05129905945245405 0.09869181175334457 2.1521027088165283 0.05405491588265289 -0.552718178993469 -0.831613299965232 -0.09736349433660507 0.09720973859024278 0.8317878462140675 -0.5465155492881968 0.05433887988328934
0.9935770536044398 -0.0522275641593467 0.10038386370678093 2.1533396244049072 0.054823598372032836 -0.5538682077503089 -0.8307974371078685 -0.0991523414850235 0.09898995712829804 0.8309646743306494 -0.547447438940302 0.05512210726737976
0.993285392706759 -0.053786720853972264 0.10242615532741829 2.154930353164673 0.05549257428682542 -0.5553421081981328 -0.8297684719613505 -0.1016872376203537 0.10151208220897015 0.829880793561238 -0.5486284404255479 0.055809687823057175
0.9930149193890331 -0.05499793132756999 0.10438676841669144 2.1569485664367676 0.056234420467071444 -0.5571604528584846 -0.8284985936772983 -0.10391279309988022 0.10372588792352992 0.8285815936407326 -0.5501758653869315 0.05656956508755684
0.9927562311088858 -0.055536655981982944 0.10653987721421293 2.1590051651000977 0.05749598308421836 -0.5590180140248957 -0.8271596411363654 -0.105692058801651 0.10549539100671633 0.8272935028380197 -0.5517754820924354 0.05785088613629341
0.9925206029496448 -0.05528512640851931 0.10884120322041395 2.1614840030670166 0.05926839870616131 -0.5612257571815092 -0.8255379496975589 -0.10692810267210007 0.10672445659398272 0.8258142674197606 -0.5537514659941618 0.05964420363306999
0.9922771068453381 -0.05537246853708746 0.1109956438728768 2.1639649868011475 0.060723590934073736 -0.5634255047136402 -0.8239322460871713 -0.10837294906377792 0.10816093904324477 0.8243091594579603 -0.5557118146116694 0.06111998111009598
0.9919872644416671 -0.055817981106139856 0.11333852024255793 2.1666817665100098 0.06209815547404906 -0.5658346039481854 -0.8221770004454765 -0.11024630814790726 0.11002311699028951 0.8226272266099846 -0.5578345272280179 0.0625181719660759
0.9916847690139731 -0.05636159849089415 0.11569221720260237 2.1692020893096924 0.06343753982697956 -0.5680828105990956 -0.8205227594908824 -0.11220402270555496 0.11196873423596101 0.8210391528528851 -0.5597836296607943 0.06388241797685623
0.9913787071825124 -0.05721503615325743 0.1178757760657885 2.171738386154175 0.06445029088738596 -0.5703329164508237 -0.8188812639309981 -0.11432966589927673 0.11408075626354255 0.819418576827911 -0.5617283836514397 0.06491941213607788
0.9910581876519504 -0.05835587226090462 0.11999275336744541 2.1737310886383057 0.06529701820405019 -0.5721365178590431 -0.8175549549392928 -0.11662556976079941 0.11636136859667619 0.8180797009489955 -0.5632101160255475 0.0657910704612732
0.9907945651936053 -0.059276406226548915 0.12170635664450705 2.1757965087890625 0.06592383814019118 -0.5739638493912445 -0.8162227313404417 -0.11851504445075989 0.11823779914934424 0.8167323963556546 -0.5647725343848347 0.06643840670585632
0.9905381088309566 -0.06024676004971649 0.12330686459846399 2.1781022548675537 0.06639377139580578 -0.5759758855070574 -0.8147660071665992 -0.12039946764707565 0.1201087926566308 0.8152435876582368 -0.5665260547483173 0.06692787259817123
0.9903307423227855 -0.06057793181496803 0.124801181835036 2.1807830333709717 0.06709139876132933 -0.5782735856586849 -0.8130795805711123 -0.12172427773475647 0.12142390630616744 0.8135907904508682 -0.5686178511714897 0.06764309853315353
0.9901797196821326 -0.06027776299389208 0.126137678822252 2.1838364601135254 0.06797416929427658 -0.5808487318853173 -0.8111684553629854 -0.1224682405591011 0.12216233068735408 0.8117766576809602 -0.5710473036494985 0.0685407817363739
0.9900109140374203 -0.06005032382362631 0.1275631165167635 2.186866521835327 0.06888510654004872 -0.5834076779697481 -0.8092529415349151 -0.12332960963249207 0.12301720279602321 0.8099564432082902 -0.5734433955689244 0.0694681853055954
0.9897721233919263 -0.05990823356216756 0.12946871169397714 2.1893537044525146 0.07019411532362851 -0.5855654930714175 -0.8075802371888263 -0.1245146095752716 0.12419311547010378 0.8084083478511888 -0.5753711960068395 0.07080093026161194
0.9894428657898426 -0.060041754599258694 0.13190073177289763 2.1917502880096436 0.07176933648488246 -0.5876949849611595 -0.8058931486196059 -0.12623967230319977 0.1259046372382813 0.8068516544917937 -0.5771814532413111 0.0724082887172699
0.9891205547608765 -0.060427243986838755 0.13412336237095648 2.193983793258667 0.07304135463361958 -0.5896777566871668 -0.8043289773355653 -0.128042533993721 0.1276929468013863 0.8053748763479933 -0.5788487020669846 0.07371095567941666
0.9889284247311129 -0.06022664340443849 0.13562198266901382 2.1960060596466064 0.07409896986685026 -0.5914206705021323 -0.8029513890438698 -0.12892557680606842 0.12856871090398042 0.8041109015098867 -0.5804099797982852 0.07478879392147064
0.9888681053641153 -0.05967574827154547 0.13630361426541898 2.197829008102417 0.07473406354286283 -0.5929277581954976 -0.8017802026164234 -0.12902270257472992 0.12866502998078513 0.8030413928493927 -0.5818675377012804 0.07543196529150009
0.9888469608881992 -0.05913943884332424 0.13669021441006307 2.200326919555664 0.0750391916172829 -0.594946031100361 -0.8002551716792295 -0.129007488489151 0.12864994233810212 0.8015870176413943 -0.5838727990625853 0.07574038207530975
0.9887857282573119 -0.05916236515703667 0.13712256613585802 2.2033562660217285 0.07498087850709574 -0.5973950926211105 -0.7984340744047183 -0.1295153796672821 0.12915359636092777 0.799761788197736 -0.5862596956006767 0.07568641752004623
0.988733606899163 -0.058793840046417564 0.1376558715085113 2.206430196762085 0.07522795523194757 -0.5998769796167759 -0.7965477789043633 -0.1297726333141327 0.12940869112927306 0.7979291282428851 -0.5886955893853443 0.07593885064125061
0.9886916029681118 -0.05854952510512017 0.1380610999894986 2.2107059955596924 0.07514349828061034 -0.603295065007544 -0.7939700996912259 -0.13014523684978485 0.1297781525777638 0.7953659646021497 -0.5920731487459927 0.07585713267326355
0.9886441012520311 -0.05812088445204561 0.13858139792221683 2.215829372406006 0.07514934869821087 -0.6073771696043644 -0.7908511549170463 -0.13050629198551178 0.13013614582351268 0.792284631072636 -0.5961121093521741 0.07586664706468582
0.9886005677133065 -0.05727165823184712 0.13924393947422825 2.221623182296753 0.07543375844517733 -0.611975602246015 -0.7872709891406274 -0.13067378103733063 0.13030220874475873 0.7888002405038944 -0.6006792113742871 0.07615600526332855
0.9884890181459348 -0.057037387967607295 0.1401292167205631 2.2265050411224365 0.07563399905749998 -0.615867540789234 -0.7842108583721545 -0.13140824437141418 0.1310303750717977 0.785782354457043 -0.604464334954917 0.07636596262454987
0.9883289986223204 -0.05695807036375241 0.14128541574642256 2.2308905124664307 0.07600888718196554 -0.6193824171614292 -0.7814013503831592 -0.13240332901477814 0.13201681541213175 0.7830205613722435 -0.6078242845730466 0.07675537467002869
0.9881710924974255 -0.05683597957311152 0.14243441781539118 2.2348384857177734 0.07645519792928697 -0.622544435493541 -0.7788408236254837 -0.13333263993263245 0.13293793537601722 0.7805178391696075 -0.6108350088820783 0.07721657305955887
0.9880183591163633 -0.0565229046987495 0.14361365984273528 2.2386221885681152 0.07705924900693908 -0.6255695098346463 -0.7763534378797627 -0.13412384688854218 0.13372207817520393 0.7781182105629301 -0.6137185480322787 0.07783617079257965
0.9878631110941976 -0.05576655888901016 0.1449709096645659 2.242384910583496 0.07807499797010325 -0.628578163681698 -0.7738176702780267 -0.13468553125858307 0.13427869686313437 0.7757445346583004 -0.6165952063684208 0.07887028157711029
0.9877396317807089 -0.0548452982296748 0.1461588624470217 2.2470083236694336 0.07894606077574332 -0.6322224476463755 -0.7707543682523108 -0.13508765399456024 0.13467716695008855 0.7728433023285666 -0.6201413473944258 0.07975643873214722
0.987634095111289 -0.05351719451722638 0.14735943832924642 2.2516982555389404 0.08007288966244928 -0.635898530679395 -0.7676075761877887 -0.13519734144210815 0.13478585428304726 0.7699149099548547 -0.6237497935185207 0.08089851588010788
0.987598848000278 -0.051714592929934 0.14823669014995902 2.256117105484009 0.0812926206938546 -0.6393187586595167 -0.7646326141662934 -0.1347203105688095 0.13431316111702837 0.7672008379193455 -0.6271864547697164 0.08212824910879135
0.9875484038474419 -0.049833878185422904 0.14921372136425787 2.2600157260894775 0.08271283443910903 -0.6423354764613161 -0.7619473227843659 -0.13421867787837982 0.13381605687442183 0.7648017522627774 -0.6302154731981491 0.08356069773435593
