1.0 0.0 0.0 0.0 0.0 1.0 0.0 0.0 0.0 0.0 1.0 0.0
0.9999990156871719 -0.0009801908501480725 -0.001003917618506021 0.015251192264258862 0.0009647660090026444 0.9998832224991668 -0.015251576680119004 -0.0010187500156462193 0.0010187498394276736 0.015250593122202253 0.9998831839560989 0.0009647666593082249
0.9999947924244231 -0.001577590118412662 -0.0028153744782893155 0.032220784574747086 0.0014860673016895529 0.9994797146465916 -0.03221942913744121 -0.0028647426515817642 0.0028647387332120266 0.032215077516374736 0.9994768541855306 0.0014860739465802908
0.9999825626547847 -0.0021266478216363407 -0.005509242725858807 0.05171569064259529 0.0018389883159692308 0.9986608194735968 -0.051702860368630095 -0.005611848086118698 0.005611818630660423 0.051691827375002525 0.9986473163606306 0.0018390183104202151
0.9999564763207226 -0.0032430057067230635 -0.008748049967303335 0.07586502283811569 0.0025705396619456647 0.9971185871094892 -0.07581500884800169 -0.008968831971287727 0.008968711729710041 0.07578922189046652 0.9970835251146952 0.00257064588367939
0.9999032609224241 -0.005027768013577871 -0.012968822055389179 0.10104236006736755 0.0036936202897766518 0.9948877778374722 -0.10091910958174001 -0.013410322368144989 0.013409920426969573 0.100861444855891 0.9948101039774999 0.003693960839882493
0.9998361909429303 -0.007067271591755592 -0.016662681446291575 0.1274498999118805 0.004891295395762123 0.9918665447302283 -0.1271881782017079 -0.017426911741495132 0.017426029670685784 0.127085841529127 0.9917386361197944 0.004892057739198208
0.9997536103490671 -0.008985009162321762 -0.020297492563336482 0.15472032129764557 0.005748438519507039 0.9880193392776728 -0.15422302249631245 -0.02144165337085724 0.021440010461591514 0.15406834465153327 0.9878275513103201 0.005749791860580444
0.9996470145889113 -0.01085811893549804 -0.024247628268754425 0.18387767672538757 0.006239476929565794 0.9830934568182207 -0.18299815323889626 -0.025827571749687195 0.02582470040721743 0.18278226504336717 0.9828141881528236 0.0062415990978479385
0.9994799391777587 -0.013128589437051696 -0.029453205608507213 0.212538480758667 0.00661696348834887 0.9774330976319288 -0.21114155310560329 -0.031565770506858826 0.03156052875693822 0.21083685586975956 0.9770116443684469 0.00662030978128314
0.9992583530676454 -0.015687214704113436 -0.035166107537852265 0.2419995814561844 0.006797851323873868 0.9707764742094681 -0.23988919596099453 -0.03791070356965065 0.037901623209504486 0.23947222890402337 0.9701631401686129 0.006802791729569435
0.998987721027609 -0.018659628500186234 -0.04093105789371953 0.2758139967918396 0.006800867049631344 0.9620991069139714 -0.272615217261825 -0.0444812998175621 0.04446663292219482 0.27206088792690114 0.9612520958713114 0.006807653233408928
0.9987053293165875 -0.02190753051730772 -0.04590996951948202 0.3167400658130646 0.00650985935820517 0.9501332260131772 -0.31177632135383393 -0.05047226324677467 0.050450836720345144 0.31107380624608366 0.9490457313226751 0.006518206093460321
0.9984364710434824 -0.02582235272908822 -0.04957639952408755 0.3625594675540924 0.006550393878808357 0.9348428350808167 -0.3550013606144257 -0.055541664361953735 0.0555131122372892 0.354121560763526 0.9335503278196278 0.006560557521879673
0.9981945272821175 -0.02962137177842474 -0.052251890281540134 0.4111996591091156 0.006255436026248081 0.9164743370015793 -0.40004457143878 -0.05977297201752663 0.05973738548138245 0.39899544352220356 0.9150049621856533 0.006266668438911438
0.9979699227398316 -0.03326564578598146 -0.05430865600524439 0.4627762734889984 0.005510289782088085 0.8946464882859225 -0.4467407499928611 -0.06349081546068192 0.0634481679260463 0.44553457532284546 0.8930135901422328 0.005521442741155624
0.9977547875407583 -0.0367724869439694 -0.05597470985589573 0.5155485272407532 0.004386846819680032 0.8698691535514235 -0.49326302443494646 -0.0668790265917778 0.06682918160861147 0.4919099916688881 0.8680774277573619 0.004396690055727959
0.9975316659767086 -0.040191031174405735 -0.057578263145654146 0.5683931112289429 0.002871440372909836 0.8426548164078409 -0.5384464831483745 -0.07021700590848923 0.070159320150049 0.5369520848248994 0.8406902690041541 0.0028785376343876123
0.9973292267144068 -0.042889557684010725 -0.059117674031658206 0.6192440390586853 0.0006110150546732938 0.8142913404312347 -0.5804560616957204 -0.07309959828853607 0.07303451377154804 0.5788696733638522 0.8121427590379542 0.0006126512307673693
0.9971066789100338 -0.04553728104925788 -0.060865646366761963 0.6698302030563354 -0.002084659281398223 0.7840240145734476 -0.620726992137296 -0.07605966180562973 0.07598634790989303 0.6190579137744506 0.7816606516414534 -0.0020907053258270025
0.9969155128369063 -0.0485279154374213 -0.061680642736816484 0.7192960977554321 -0.004119827792941862 0.75247665410405 -0.6586060370565476 -0.07845447957515717 0.07837402174244223 0.6568286888159443 0.7499557228691857 -0.0041325511410832405
0.9967769472805499 -0.05140390095248911 -0.0615902292326854 0.7665203809738159 -0.005675055767724789 0.7206329418659403 -0.6932935574774034 -0.08010759204626083 0.08002194144171497 0.6914085637772409 0.7180185838983499 -0.005693344399333
0.9966649855706614 -0.05413106718309316 -0.06106336138023173 0.8124265074729919 -0.007077896332926033 0.6881406746468808 -0.7255427728811281 -0.08138439804315567 0.08129458727943499 0.7235552774060564 0.6854625814856059 -0.007101460825651884
0.9965551271923385 -0.056483381617870566 -0.060724838967855105 0.856866717338562 -0.008879348421221348 0.6553380576730725 -0.7552835145406653 -0.08254998922348022 0.08245626500319116 0.7532208559023673 0.6525789657929749 -0.008909806609153748
0.9964597617155386 -0.05842720177962052 -0.06045002377183477 0.8983129262924194 -0.010854657911080725 0.6236040318611831 -0.7816650099934818 -0.08346424996852875 0.08336737781317878 0.779553893928239 0.6207621177052243 -0.010892791673541069
0.9964544300244651 -0.05968920442082105 -0.05929390997588087 0.936387836933136 -0.012335836924421409 0.5934855550602449 -0.8047500997590538 -0.08332134783267975 0.08322497228592214 0.8026282419716132 0.5906449942034259 -0.012379097752273083
0.9965351034611253 -0.06002637148285451 -0.05757275654618912 0.9700782895088196 -0.013518733347939448 0.5661012589953426 -0.8242248530665376 -0.08215963840484619 0.08206723718020316 0.8221473099697466 0.5633282961924759 -0.013564905151724815
0.9966155614682907 -0.06036670581649115 -0.055796805178334574 1.0002120733261108 -0.014305186976559624 0.5410459679200476 -0.8408713470103644 -0.08103793859481812 0.08094926969904966 0.8388236533541028 0.5383512740849291 -0.014352780766785145
0.996652632156112 -0.06096872119022792 -0.05446417035741955 1.0240751504898071 -0.014780144953123867 0.5208504643142432 -0.8535199711423289 -0.08049260079860687 0.08040570957002004 0.8514679141694452 0.5182058596817253 -0.014828698709607124
0.9966362411834658 -0.06184244111896603 -0.05377467095333743 1.0426455736160278 -0.015233040130319153 0.5049410224520225 -0.863019419441703 -0.08061154186725616 0.08052426496454705 0.8609355819813427 0.5023004742485977 -0.01528326328843832
0.9965590400682394 -0.062910211331273 -0.05396651710573741 1.057176113128662 -0.01604009993466443 0.4924097723016969 -0.870215680929663 -0.08140898495912552 0.08131909279102452 0.8680869319670961 0.48970632392853497 -0.016094094142317772
0.996424222897673 -0.064275776010384 -0.05483969949800572 1.068974494934082 -0.017101380397621633 0.48219753901307205 -0.8758955851916557 -0.08283714205026627 0.08274243658041783 0.8737014123761045 0.47937410359836474 -0.017161065712571144
0.9962699199485758 -0.06566348509687199 -0.05598708181885602 1.0789145231246948 -0.018272335077085936 0.4735691762396421 -0.8805670656381247 -0.08443515002727509 0.08433485860834239 0.8783054947116292 0.47060290010036193 -0.01833869144320488
0.9961051069773843 -0.06706169058273041 -0.05724810485736527 1.0872023105621338 -0.019429899735279966 0.4663606034013747 -0.8843812902766445 -0.08611275255680084 0.08600636517055427 0.8820490446972276 0.46324117681706306 -0.0195033997297287
0.9959194219496333 -0.06841896552105176 -0.05885023483842082 1.0944950580596924 -0.02084940607935552 0.46002806874449415 -0.8876595508602096 -0.0879187285900116 0.08780550808261564 0.8852643792247828 0.456724393508945 -0.020931774750351906
0.9957488528406617 -0.06958584668990617 -0.060349250260089415 1.1011725664138794 -0.022235262115370955 0.45421749059516375 -0.8906133079828153 -0.08950522541999817 0.08938576612171971 0.8881690611465146 0.45073928565962834 -0.022326480597257614
0.9956129977665065 -0.07035761015425296 -0.06168115896911132 1.1070659160614014 -0.02359959966902181 0.44908102073397477 -0.893179318900742 -0.09066596627235413 0.09054180014696266 0.8907165898926064 0.4454504898596857 -0.02369914948940277
0.9954299089168895 -0.0716414990174209 -0.06314104886878144 1.112525224685669 -0.024825774317125522 0.44432254465292137 -0.8955228401569152 -0.09234277158975601 0.09221159017861104 0.8929977446397552 0.44051339446723103 -0.02493458241224289
0.9951636820596999 -0.0737498622082976 -0.06488608274227797 1.11845862865448 -0.026009068418113842 0.4391460517445909 -0.8980391269856558 -0.09486696124076843 0.0947247289222962 0.895383550810151 0.4351040366041245 -0.026129519566893578
0.994859533518577 -0.07646240321604209 -0.06639284194569978 1.124501347541809 -0.026758100477803786 0.4338390355755459 -0.9005929686987901 -0.09782124310731888 0.0976653092250213 0.8977400470655789 0.42956291188680773 -0.026889877393841743
0.9946329456599676 -0.07845315827687117 -0.0674566925083052 1.1304879188537598 -0.027446901542196145 0.42854564119491656 -0.9031031508131122 -0.09992577880620956 0.09975956597494212 0.9001076243256814 0.42409231734053987 -0.027588004246354103
0.9945074221053074 -0.07965826962127184 -0.06789364814473131 1.1365702152252197 -0.027936715825964145 0.42311209887319035 -0.9056465600309995 -0.10104069858789444 0.10086886182720188 0.9025689513095763 0.418562732270345 -0.028083622455596924
0.9944781588759775 -0.08014446911294527 -0.06774994899813812 1.1427874565124512 -0.02822841443769299 0.4175021983473097 -0.908237342875472 -0.1012488529086113 0.10107595231794753 0.9051346742036611 0.4129344662500966 -0.028377532958984375
0.9945119594075762 -0.08026520734989401 -0.06710781686496584 1.149724006652832 -0.028293851313483828 0.4111882698240702 -0.9111112252282583 -0.10089557617902756 0.100724478520138 0.9080097484323426 0.40666064006574343 -0.02844231389462948
0.9946141045523246 -0.08011362336408702 -0.06576161781050338 1.1593718528747559 -0.028094409925312116 0.40233777856935865 -0.9150601160944686 -0.09993341565132141 0.09976716472129508 0.911979231828966 0.39792008438394133 -0.028239034116268158
0.994711248157816 -0.08026011486398453 -0.06409248591168677 1.1732715368270874 -0.027885744006177434 0.38953944191503875 -0.9205875343897191 -0.09901472181081772 0.0988530124454571 0.9175060420261766 0.38524115145700377 -0.02802666835486889
0.9947533424697169 -0.08112554689864018 -0.06232522190672603 1.1929795742034912 -0.027866997473772994 0.37130945329304177 -0.9280909009073514 -0.09859348088502884 0.09843382598031451 0.9249583425947457 0.36710059434337367 -0.028006652370095253
0.9947135566984586 -0.08266585738926871 -0.060920408258640486 1.218755841255188 -0.028540016694039026 0.3473275906633631 -0.9373094538150607 -0.09880350530147552 0.0986428282613912 0.9340930900001779 0.34313217809834345 -0.028683824464678764
0.9946482590107302 -0.08421841516637119 -0.05985064238409039 1.2474217414855957 -0.029839510578241198 0.32043756115328265 -0.9467995421474322 -0.09907837212085724 0.09891635079891781 0.9435184301056344 0.31620962603251734 -0.029991067945957184
0.9945953985240606 -0.08561750594179812 -0.05873360120979321 1.277511715888977 -0.03131919675301641 0.2919374744007449 -0.9559244839187143 -0.09915279597043991 0.0989904093814684 0.9525975822543433 0.2876781971816229 -0.03147898241877556
0.994589414808884 -0.08657638722142343 -0.05741450274806852 1.305433750152588 -0.03253987707447057 0.26523200439992173 -0.9636353772262506 -0.09881697595119476 0.09865623320449733 0.9602898067863087 0.2609797590469686 -0.03270522877573967
0.9946190081683497 -0.08708258823245879 -0.05612175529101129 1.3328267335891724 -0.033848758772607235 0.238829979195132 -0.9704712785895349 -0.09807184338569641 0.09791470839338678 0.9671488323233342 0.234597199505555 -0.034018754959106445
0.9948308275414344 -0.08575585465790322 -0.05438343465723148 1.3598008155822754 -0.035056927282239046 0.212585391061793 -0.9765134220053673 -0.09544772654771805 0.09530286681287499 0.9733721718330545 0.20848016375245462 -0.03522450849413872
0.9950226636806472 -0.084704538526849 -0.052488474114067166 1.3874350786209106 -0.03600748614291999 0.18552010197623184 -0.9819805256238008 -0.09305009245872498 0.09291587433553519 0.9789828562930416 0.18154670853744756 -0.036171820014715195
0.9951928537472785 -0.08396710584782935 -0.05040544599433134 1.416506052017212 -0.03675033967886224 0.1568843167255768 -0.9869329884541489 -0.09090287238359451 0.09077773066031268 0.9840410744989705 0.15304433120855993 -0.03691108524799347
0.9953626910812909 -0.08336672094270088 -0.04799065578497947 1.446015477180481 -0.037094961873912174 0.12765058146154237 -0.9911252659760538 -0.08886983245611191 0.08875289858355921 0.9883093234872329 0.12396614094672978 -0.037250544875860214
0.9954408910900724 -0.08371344608022178 -0.04571095373295765 1.4733206033706665 -0.037202536688930934 0.10051799422370629 -0.9942394601408413 -0.08793928474187851 0.08782598482061868 0.9914071775928479 0.09694536919147664 -0.037355538457632065
0.995832026167638 -0.0804496497028272 -0.0429701003204436 1.499452829360962 -0.03699686384530898 0.07432101037104825 -0.9965478510754203 -0.08346237242221832 0.08336550680268344 0.9939840246604162 0.07103485760816872 -0.03713463246822357
0.9965254249403409 -0.07279213284246895 -0.04047694212409629 1.524520754814148 -0.03696292607071713 0.04899086003855953 -0.998115042331781 -0.07470739632844925 0.074637922959872 0.9961431629183259 0.046130027393332294 -0.03707480803132057
0.9973169549233594 -0.06209391423317725 -0.03877160349535368 1.5485694408416748 -0.03730776465833871 0.024563418303417205 -0.9990018864734187 -0.06302601844072342 0.06298430057241333 0.9977680012389925 0.022180928405946307 -0.03739069774746895
0.9980569532935148 -0.049929474734193714 -0.037274193958208496 1.5739542245864868 -0.03738514843627147 -0.0012898523638193928 -0.9993000985476171 -0.049867115914821625 0.04984645081512409 0.998751913056314 -0.0031539669447149194 -0.037440426647663116
0.9985245052524094 -0.04043498520763367 -0.036246715460706014 1.5963351726531982 -0.037238326582141976 -0.02404586510968089 -0.9990170686252007 -0.03953395411372185 0.03952365676139641 0.9988927912155465 -0.025516116746516226 -0.03727607801556587
0.9987187638243032 -0.03617166225218649 -0.03538985214958433 1.6169359683990479 -0.03699847435039086 -0.0448148982734591 -0.9983099407440972 -0.034531399607658386 0.034524537375599414 0.9983402404704786 -0.046095776122629495 -0.03702900558710098
0.9987183100616366 -0.03729940061673202 -0.03421245184521765 1.635890007019043 -0.036543808925188825 -0.0637264404846558 -0.9972980952615899 -0.035025544464588165 0.03501838341311739 0.9972701216304378 -0.06500782511624083 -0.03657438978552818
0.9985827429027634 -0.0421592095628175 -0.032482404865280035 1.6539474725723267 -0.03584395396793407 -0.08159555063479171 -0.99602077141019 -0.03935118392109871 0.03934102871987657 0.9957734517276726 -0.08299106152844574 -0.03587942197918892
0.998430685590877 -0.047158641996156325 -0.030203121620285114 1.669697642326355 -0.034678403087833896 -0.09716174500462779 -0.9946642668091247 -0.04398661106824875 0.04397242806360692 0.9941507218690404 -0.09864465407439404 -0.03471895307302475
0.9983247393571364 -0.050608258403370715 -0.028044945514004924 1.6828492879867554 -0.0334906720794383 -0.11018377483509821 -0.9933468229408879 -0.04719897732138634 0.04718145473778208 0.9926219521773967 -0.11169409288033359 -0.03353429585695267
0.99836273857746 -0.05092679012337702 -0.02604427514528817 1.694034218788147 -0.032070953473461346 -0.12135364086672769 -0.9920910985346519 -0.04738117381930351 0.04736344754572923 0.9913020507878105 -0.12278822394865138 -0.03211250528693199
0.9984287526660632 -0.05037343597340164 -0.024546747196369498 1.7031816244125366 -0.030947376518193112 -0.13050095703667436 -0.9909650650245716 -0.04673194885253906 0.04671494125362953 0.9901676712359103 -0.13185483344543825 -0.030986158177256584
0.9985182474423666 -0.04900345665579581 -0.023663701325196934 1.7100452184677124 -0.030205303270792665 -0.13738044614381364 -0.9900577016879603 -0.04528079181909561 0.04526531982593328 0.9893054504313166 -0.13865704658597672 -0.030240904539823532
0.998525380158812 -0.049388779749518434 -0.022534720179169753 1.7159276008605957 -0.029409865820841947 -0.1432303785706602 -0.9892523027250961 -0.04564615711569786 0.04563030759374734 0.9884562747483365 -0.1444716855980475 -0.02944478578865528
0.9985378075977382 -0.04971777439259919 -0.02122238693805905 1.7212709188461304 -0.028405544239256893 -0.14855369329809565 -0.9884962950178251 -0.046009402722120285 0.04599317182336646 0.9876537566966178 -0.1497487396564136 -0.028439469635486603
0.9986073248448651 -0.04884132261019075 -0.019948332558622592 1.7260634899139404 -0.027233534636636712 -0.15336957360881245 -0.9877935555986618 -0.04520106688141823 0.04518567646253888 0.9869611436610554 -0.1544861014650976 -0.027264757081866264
0.9987641663695701 -0.04587210631899795 -0.019128247121896362 1.7298904657363892 -0.02613053264323588 -0.15727791579965433 -0.987208616486656 -0.04228949174284935 0.042276887774274165 0.9864884221639783 -0.15828220903356774 -0.026156898587942123
0.9988870325470351 -0.043474973637842626 -0.018292700089573326 1.7324682474136353 -0.025032232409858832 -0.1599295975932986 -0.9868109804588842 -0.03998669236898422 0.039976037196763264 0.9861705990754512 -0.1608398768005265 -0.02505487948656082
0.9989221024882795 -0.04306710665661362 -0.017316393522413896 1.733443021774292 -0.024042759051937593 -0.16094086224968696 -0.9866711633545889 -0.03971659764647484 0.03970615692264493 0.9860239668398305 -0.16180283656314293 -0.02406405657529831
0.9989245850163841 -0.043244139208120605 -0.016721778433929413 1.7324098348617554 -0.02344355091156668 -0.15994031759970342 -0.9868482632739255 -0.04001159220933914 0.04000091712075514 0.986179009729093 -0.1607821115648249 -0.02346448227763176
0.9989052676897889 -0.04371119295882093 -0.016661266209617775 1.7298259735107422 -0.023353929349611266 -0.15738149974264057 -0.9872616965742621 -0.040543317794799805 0.040532211456129466 0.9865700153303231 -0.15823003724199036 -0.023375265300273895
0.9989024244028738 -0.04369594904004531 -0.016870404842532636 1.7260022163391113 -0.023403004055554774 -0.15360219715871287 -0.9878555888535488 -0.040585096925497055 0.040573956218698616 0.9871661608186869 -0.15445622360804198 -0.023424433544278145
0.9989124564967173 -0.04324112415044669 -0.017438733838768625 1.7213971614837646 -0.023709777210314382 -0.1490480962906386 -0.9885456547154379 -0.04015740752220154 0.04014661530354725 0.987884036805101 -0.14991123742177168 -0.023731134831905365
0.9989015294713175 -0.043125736773160506 -0.018327718014930168 1.7170041799545288 -0.024395507072917887 -0.14467771190286685 -0.989178052179286 -0.040018100291490555 0.04000741999327047 0.9885385832158111 -0.14557086191665877 -0.02441748045384884
0.998874844002719 -0.04343038089829889 -0.019048570381330156 1.7131301164627075 -0.024996379354928915 -0.14081127264861606 -0.9897208528237755 -0.040312618017196655 0.040301700183593955 0.9890834077620076 -0.14173844027717367 -0.025019314140081406
0.9988316398491408 -0.044314399751630235 -0.01927664936987531 1.7102090120315552 -0.02522616262179948 -0.13788664342692616 -0.9901267162761715 -0.04123055934906006 0.04121887863170135 0.9894561675683813 -0.13884342442203249 -0.025250302627682686
0.9988120174450585 -0.04476257070572855 -0.019257883350633883 1.7078615427017212 -0.025171527514098686 -0.1355517482670487 -0.9904504620344995 -0.04173678532242775 0.04172466908123948 0.9897585745046926 -0.13651745743493668 -0.02519613318145275
0.9988196526321692 -0.04469865146010539 -0.019008736764994243 1.7055432796478271 -0.02481956442724234 -0.1332703186212774 -0.990768899086071 -0.04176487401127815 0.04175273329250184 0.9900712361907255 -0.13422241441120772 -0.02484378218650818
0.9988419369659698 -0.044409620739676435 -0.018508661319167837 1.702724814414978 -0.02416879400504923 -0.13051004737664165 -0.9911523580812832 -0.0416131429374218 0.04160113405198295 0.9904518731970297 -0.13143223549070482 -0.024192094802856445
0.9988540967415936 -0.04440066612757455 -0.0178626501382834 1.6999577283859253 -0.02341235595106304 -0.12779723515066047 -0.9915239423617905 -0.041753657162189484 0.041741526222166155 0.9908059585687171 -0.1286903160823291 -0.023434923961758614
0.9988582902255976 -0.04445736006768393 -0.01748311137664533 1.6972236633300781 -0.022929075270205462 -0.12510349166701148 -0.9918787092583322 -0.04192138835787773 0.041909110642545676 0.991147143217663 -0.12598002594306998 -0.02295125275850296
0.9988478958412912 -0.04480560909169186 -0.017185411468670076 1.694868803024292 -0.022577926380246454 -0.12277321984981167 -0.9921778941944221 -0.04235789179801941 0.042345226576240784 0.9914228128712956 -0.12364339005613896 -0.022600119933485985
0.9988263007584317 -0.04543069820410752 -0.016795016341585943 1.6928002834320068 -0.022178569678593066 -0.12072273764244262 -0.9924384775204586 -0.04307295009493828 0.04305963260687008 0.9916461426722746 -0.12158863336249857 -0.02220098301768303
0.9988047517410329 -0.04598531042603674 -0.016565600639720807 1.69072687625885 -0.0219274897340268 -0.11866253535713164 -0.9926924941272507 -0.04369746148586273 0.04368355632841528 0.9918692221899208 -0.11952904659062437 -0.02195020392537117
0.9988029859967971 -0.046152298102982 -0.01620372005730599 1.6885136365890503 -0.02149118774171376 -0.11647975068639237 -0.9929605211333865 -0.04395415633916855 0.0439400047033733 0.9921201706748278 -0.11733219049697388 -0.021513624116778374
0.9987974933746961 -0.0464200377092818 -0.015771725571182012 1.6854188442230225 -0.020956756257305274 -0.11342287931349863 -0.9933257596656836 -0.04433586820960045 0.044321344695256226 0.992461803067153 -0.11425930096539146 -0.020978908985853195
0.9987896454886902 -0.04668859715875327 -0.015473169033015984 1.6820487976074219 -0.02054048082671874 -0.11008642230370431 -0.9937097505166071 -0.04470641911029816 0.04469152841404989 0.9928248357689881 -0.11091218494060083 -0.02056247368454933
0.9987993704850058 -0.04657586471796417 -0.015182435395218526 1.6785082817077637 -0.020081453722355657 -0.1065890899149455 -0.994100347614616 -0.044697683304548264 0.04468280133511072 0.9932116867701857 -0.10739642697952975 -0.020102884620428085
0.9988293188417876 -0.04601475758772322 -0.014920921760855854 1.6753387451171875 -0.01962198779565328 -0.1034682711606303 -0.994439185902274 -0.044229455292224884 0.044215036096307184 0.9935677928290416 -0.10425004381691601 -0.019642459228634834
0.9988712291620971 -0.045105721450377244 -0.014890985348266488 1.672645926475525 -0.019381628241966275 -0.10081753208319531 -0.9947161292104115 -0.04337972030043602 0.04336611625326303 0.9938819341939439 -0.10157795451776737 -0.019401095807552338
0.9989590592534746 -0.04316177472232853 -0.01476005210804418 1.6706217527389526 -0.018971715391767716 -0.09885797787924093 -0.9949206874041374 -0.04149530082941055 0.04148339367152814 0.9941650574288188 -0.09957392548778293 -0.0189892016351223
0.9990498878687369 -0.04107001720173136 -0.014579960099863301 1.6697131395339966 -0.01855014107530817 -0.09801002545159315 -0.9950125261407841 -0.039446428418159485 0.03943619930406935 0.9943376129856637 -0.09867875955048364 -0.018565649166703224
0.9990860145996536 -0.04037744594767678 -0.014028445748663226 1.6702905893325806 -0.0179562432327714 -0.09862054387698575 -0.9949630956243418 -0.03880031034350395 0.038790575664023066 0.9943056120650985 -0.09925543338026253 -0.01797073520720005
0.9990484097019233 -0.04154289342858962 -0.013283940591520852 1.6720632314682007 -0.017401685728985927 -0.10038564123822064 -0.9947964135274017 -0.04000387340784073 0.03999320449586176 0.9940809378711435 -0.10101303161166919 -0.01741649955511093
0.998975357800315 -0.04351602772780149 -0.012433416204962045 1.6741642951965332 -0.016842327989191455 -0.10246498751737777 -0.9945940188443565 -0.042019154876470566 0.04200679106569674 0.9937843235148444 -0.10309290877895566 -0.01685800589621067
0.9989329281011962 -0.04469580453874525 -0.011631432061640898 1.6760739088058472 -0.01624860727597381 -0.10437009829833863 -0.994405785050945 -0.04324527084827423 0.04323179289321065 0.9935336771533361 -0.10498497247420285 -0.016264529898762703
0.9990037647368799 -0.043299723484727125 -0.01079870305577493 1.6776111125946045 -0.015339931626630415 -0.10595947694457762 -0.9942521188025307 -0.04191889241337776 0.041906616890783926 0.9934272611478797 -0.1065181311748914 -0.01535402238368988
0.999059555431706 -0.042155751152412185 -0.010143832874120432 1.6790271997451782 -0.014625930929269866 -0.1074141226575866 -0.99410677917322 -0.040829069912433624 0.0408177270931934 0.9933202398514172 -0.10792967273400188 -0.01463865302503109
0.9990941396569193 -0.041468790108158 -0.009551939602280669 1.6804217100143433 -0.014020202388918875 -0.1088347842591826 -0.9939609769302973 -0.04018959403038025 0.04017877584215122 0.9931945072251571 -0.10931759597431444 -0.014031993225216866
0.9991037845346866 -0.04135882388169065 -0.009004188780220124 1.681481957435608 -0.01350669375309247 -0.1099107329283361 -0.9938496868294603 -0.040125563740730286 0.04011479717419395 0.9930806001902763 -0.11037085019783988 -0.013517986051738262
0.9990774463273407 -0.042089891693502496 -0.008526268660376092 1.6823463439941406 -0.013147671431908996 -0.11077456104426947 -0.9937585900818005 -0.04089409485459328 0.04088269775783205 0.9929538950236706 -0.11122574963273167 -0.013159052468836308
0.9988828242484901 -0.046618811887543576 -0.007732386407426961 1.682415246963501 -0.012863692209516553 -0.1107961672187815 -0.9937598979393194 -0.045486871153116226 0.04547118696602013 0.9927491605173089 -0.11127207847469915 -0.012877367436885834
0.9985199117766002 -0.05395540666328815 -0.006841043593631917 1.6821104288101196 -0.0127744178691514 -0.11040318502489001 -0.9938047851487053 -0.05289052426815033 0.05286586832498902 0.9924212567393744 -0.11092902748192567 -0.012792655266821384
0.9982780697011352 -0.05831750178823399 -0.006321751256968963 1.6820390224456787 -0.012735770293927856 -0.11027843514890567 -0.993819131882723 -0.05729123204946518 0.057259896164732677 0.9921883569798066 -0.11083126167700204 -0.012757046148180962
0.9983086692681608 -0.057720256148974414 -0.006940669573664152 1.6816635131835938 -0.013262940739029222 -0.10988313102427366 -0.9938560217251065 -0.05663323029875755 0.0566029616450147 0.992267136181784 -0.11046282264460702 -0.013284629210829735
0.9985059345955735 -0.054036176865950976 -0.008123433210903409 1.681536316871643 -0.014025815233673338 -0.10976565522783144 -0.9938585298921753 -0.052837222814559937 0.05281264133189326 0.9924875780190483 -0.11035955959241725 -0.014045878313481808
0.9985604607407051 -0.052943546345671166 -0.008601578090926591 1.6818089485168457 -0.014394713703083116 -0.11003305030988215 -0.9938236866048773 -0.051693111658096313 0.051670092536367784 0.9925168556452061 -0.11063676060621297 -0.014414466917514801
0.9985383450292599 -0.05334906710970198 -0.008663171748916886 1.6823046207427979 -0.014526186884657738 -0.11051303456282023 -0.9937685138332311 -0.05208277329802513 0.05205922973708615 0.9924418099970603 -0.1111264611554776 -0.014546424150466919
0.9983568983287063 -0.05670717648342788 -0.008234057005053638 1.6823370456695557 -0.014472644382820626 -0.11049921843642509 -0.9937708313738675 -0.05547252669930458 0.055444081055181345 0.9922571334388162 -0.11113835978513406 -0.01449544820934534
0.9980091692999702 -0.06265487708709054 -0.007215564453655872 1.6812784671783447 -0.014053105183819635 -0.10938619274411611 -0.9938999804163593 -0.06152220070362091 0.0614833979857635 0.9920226949088153 -0.11004891893142592 -0.014080207794904709
0.9975160329527122 -0.07019949611295322 -0.005813325018537708 1.6792203187942505 -0.013343563168248784 -0.10728231961079455 -0.994139051250328 -0.06921965628862381 0.0691643934713422 0.9917472130762027 -0.10795254527488718 -0.013375992886722088
0.9971922949070893 -0.07470993636378731 -0.005094348481565912 1.6776096820831299 -0.012994686983426668 -0.10564584973754755 -0.9943189088735235 -0.07381431758403778 0.07374730563305715 0.9915933540730042 -0.1063200595847937 -0.013030537404119968
0.9968857496158876 -0.07873123807920278 -0.004493813890855122 1.6762077808380127 -0.012714002502255012 -0.10422078846473098 -0.9944729163693511 -0.0779065191745758 0.07782773511507582 0.9914330130686115 -0.10489720799216683 -0.012753029353916645
0.9966117309299664 -0.08216871611371313 -0.0036551149093312207 1.6750762462615967 -0.012147890700481117 -0.10309718925873543 -0.9945971035140196 -0.08143792301416397 0.08134793497259508 0.9912715428474543 -0.10374604482351091 -0.012188587337732315
0.9964637293974418 -0.08397476083023483 -0.0028767236305944164 1.6740552186965942 -0.011477174127482106 -0.10211511538973542 -0.9947063776225566 -0.08333288878202438 0.08323647319168094 0.9912218433592178 -0.10271780166146813 -0.01151739526540041
0.9964562116556478 -0.08408468502533799 -0.0021872350273062485 1.6727310419082642 -0.010694777503266556 -0.10086167381990964 -0.9948429747896911 -0.08352754265069962 0.08343044999896977 0.991340853843135 -0.10140350839361302 -0.010732400231063366
0.9964501991091991 -0.08416687074814456 -0.0017142239359782662 1.670838475227356 -0.010076468908797888 -0.09902933473269163 -0.995033494731072 -0.08367671072483063 0.08357909708514195 0.9915185972692926 -0.09952590516828659 -0.010112021118402481
0.996468436122439 -0.0839566208554567 -0.0013934224894040486 1.6685870885849 -0.009550460160911755 -0.09683479171180218 -0.9952546467235642 -0.08352035284042358 0.08342328525307381 0.991753149190193 -0.09729463782202644 -0.009584014303982258
0.9964677527120419 -0.08396727600854191 -0.0012305952698653064 1.6656761169433594 -0.009147869973574146 -0.09397064765306638 -0.9955329396130546 -0.08357380330562592 0.08347654928157641 0.9920277284125523 -0.09440684181070753 -0.009180039167404175
0.9963971955609264 -0.08479991615316526 -0.0012660563719705097 1.6609474420547485 -0.008863673545148444 -0.08927825735866164 -0.995967282622419 -0.08444523811340332 0.08434491075106963 0.9923902291857859 -0.08970824403017473 -0.00889548845589161
0.9962246859749874 -0.08678777188506316 -0.0020634207675901744 1.6548997163772583 -0.00931179141223773 -0.08319673278338725 -0.9964896357689148 -0.08641897141933441 0.08631144532872137 0.9927467886150002 -0.08369078862020148 -0.00934680737555027
0.9961047419071666 -0.08810677312379323 -0.0035411410264880117 1.6487008333206177 -0.010347471223505178 -0.0769146800888142 -0.9969839827329795 -0.08768098056316376 0.08756867584550872 0.9931371146606836 -0.0775267598582349 -0.010387561284005642
0.9959804246548176 -0.08941996084581211 -0.00520233666178915 1.6421446800231934 -0.011517945287037526 -0.0702585103554835 -0.9974623194181288 -0.08894476294517517 0.08882753312331698 0.9935128647002824 -0.07100603519606045 -0.011563913896679878
0.9958855342518852 -0.0903856560571641 -0.006514280232942412 1.6359847784042358 -0.012338347839886498 -0.06402747353937532 -0.9978718594111905 -0.08989724516868591 0.08977620976861987 0.993846525280076 -0.06487924435672887 -0.012388689443469048
0.9959234620025447 -0.08983513261958921 -0.008130607608699741 1.6295387744903564 -0.013337292931469335 -0.05751087244643125 -0.9982557869442633 -0.08932960033416748 0.08921084267131439 0.9942947995929935 -0.05847458466892143 -0.013391084969043732
0.9961090558567284 -0.087588667266163 -0.009745471089406717 1.6239701509475708 -0.014332431454265528 -0.05189400906206331 -0.9985497449962496 -0.08706586807966232 0.08695590979816069 0.9948041200105696 -0.05294745094119515 -0.014387423172593117
0.9962077320223349 -0.08626780457279273 -0.011314616790072677 1.6183589696884155 -0.01534680606841578 -0.04622137842889126 -0.9988133257619422 -0.08574749529361725 0.08564245560710056 0.9951992012006058 -0.04737002984231848 -0.015404008328914642
0.9960713117656427 -0.0875506735582041 -0.01329742219291603 1.6127772331237793 -0.016895882665474395 -0.040489533239129044 -0.9990370998351523 -0.0870378166437149 0.08692796458232757 0.9953368662204682 -0.04180970839400053 -0.01696089655160904
0.9958025695078951 -0.09018468147073325 -0.015619404261883752 1.6073766946792603 -0.018831212738598734 -0.03487330356136316 -0.9992143104086884 -0.08968932181596756 0.08956912407893361 0.9953143101185371 -0.036425212216172405 -0.018908334895968437
0.9955996625318724 -0.09209926218323575 -0.01729271152032709 1.6026256084442139 -0.020130072005438884 -0.02996825291962902 -0.999348129541453 -0.09164924174547195 0.0915209930424572 0.9952987640514022 -0.031690347272848786 -0.020216288045048714
0.9957205839440907 -0.09057347675045573 -0.018356579729723762 1.5984011888504028 -0.020764826770003516 -0.025718531770885195 -0.9994535402372446 -0.09017403423786163 0.09005187771085507 0.9955576339081955 -0.02748921402777061 -0.020851047709584236
0.9959547778984664 -0.08790999294487899 -0.01859875053995604 1.5944442749023438 -0.020593024298048976 -0.021833112544976458 -0.9995495198072272 -0.08757622539997101 0.08746432262057573 0.9958891245199084 -0.023555125376319458 -0.02067372016608715
0.9960231240690978 -0.08710174806065762 -0.018740912582170463 1.5917099714279175 -0.02048086721148201 -0.019125498629129538 -0.9996072975826321 -0.0868181362748146 0.08670911369573829 0.9960158135225389 -0.020833358229883137 -0.02055974490940571
0.9959170900829525 -0.08824584495005626 -0.01902158063239734 1.5901427268981934 -0.02064496931896674 -0.01752004768057365 -0.9996333493692021 -0.08799374103546143 0.08788023055570056 0.9959446364022053 -0.0192703476656717 -0.020726637914776802
0.9957949396689987 -0.08960142743520302 -0.0190793692555459 1.588312029838562 -0.020563360513345317 -0.015668254424906974 -0.999665771149375 -0.0893915444612503 0.08927253964133434 0.9958544522192239 -0.01744487492462919 -0.020647261291742325
0.9954868026923566 -0.09292216798867237 -0.019274240883474243 1.5853837728500366 -0.020538912749902882 -0.012672860183980166 -0.9997087334207946 -0.09278391301631927 0.09265084310680133 0.9955927226085184 -0.014524185366368845 -0.020629102364182472
0.9952324017860299 -0.09552286592109516 -0.019693870148623487 1.5822257995605469 -0.020689714033692925 -0.00944588505488754 -0.9997413220372228 -0.0954570323228836 0.09531213022703026 0.9953824176374375 -0.01137719164975674 -0.020785832777619362
0.9950291882704164 -0.09752778686830921 -0.02013070486808533 1.5779531002044678 -0.02072913150889396 -0.005126499311309002 -0.9997719850604426 -0.09755702316761017 0.09740234903123887 0.9952195987787724 -0.007122682768165208 -0.02082967385649681
0.9949550381814777 -0.09819319533344523 -0.02055646826432356 1.573305368423462 -0.02070230491697087 -0.0004664490738813011 -0.999785575509262 -0.09832088649272919 0.09816255176195776 0.9951672617281325 -0.002496921326677949 -0.020804274827241898
0.9949841275971869 -0.09785604761459103 -0.02075523487980356 1.5681209564208984 -0.02039485080695177 0.004681749587882158 -0.999781041669304 -0.09808900952339172 0.09793179203010174 0.9951895674523761 0.002662507037669865 -0.020494794473052025
0.9951829148977502 -0.09589254989955387 -0.020385896334938695 1.5627669095993042 -0.019524554154680365 0.009912197814709684 -0.9997602413176586 -0.09622003138065338 0.09607162786524569 0.9953423366903689 0.007992190630741665 -0.019616544246673584
0.9953794691417411 -0.09389085801038669 -0.02010520313697857 1.5573976039886475 -0.01876167458366403 0.015170428548426292 -0.9997088864586899 -0.0943082645535469 0.09416852965785576 0.9954669079782263 0.013338783390813397 -0.018846534192562103
0.9954200375347 -0.09338091902083373 -0.020468337432262403 1.5531857013702393 -0.018737872790486394 0.019370645342246456 -0.9996367691428284 -0.09388133138418198 0.09374348509472011 0.995442003364259 0.017532168731979235 -0.01882186345756054
0.9952984874566777 -0.0945268688019384 -0.02110904879312384 1.5499329566955566 -0.01904598357364939 0.02267453743554797 -0.9995614617730098 -0.09510736912488937 0.09496405307357957 0.9952640536192318 0.02076757562291048 -0.019133616238832474
0.9951342644048874 -0.09610330886475026 -0.02172440638061493 1.5469117164611816 -0.019332177767703587 0.02575381604072873 -0.9994813694422213 -0.09676388651132584 0.09661295311758976 0.9950381374523224 0.0237706185302715 -0.019424259662628174
0.9950989197939283 -0.09636705642317786 -0.022170481755908744 1.5437912940979004 -0.019468176867485545 0.02889224853891537 -0.9993929297647757 -0.09710162878036499 0.09694910992068637 0.994926443718679 0.026874554412847 -0.019561566412448883
0.9951241744164746 -0.09607850957523896 -0.02228895443331535 1.5399494171142578 -0.01922450520025979 0.03270388459993168 -0.9992801780941517 -0.09688980877399445 0.09673828555300573 0.994836356357102 0.030697364355756283 -0.01931629702448845
0.9950988175925012 -0.09636395984037416 -0.02218852112892742 1.5358167886734009 -0.01871601188369672 0.036791022493138016 -0.99914770257609 -0.09725139290094376 0.09709816746558828 0.9946659780588618 0.034807153963408236 -0.01880597695708275
0.9950160415019556 -0.09724363469000634 -0.022062471893580644 1.5306507349014282 -0.018054394012561606 0.04190588447684535 -0.9989584254127157 -0.09822476655244827 0.09806689558978413 0.9943779826396448 0.039941352391881936 -0.018142836168408394
0.9949572677767435 -0.09782423791636835 -0.022146190966376218 1.5256644487380981 -0.017623603735791454 0.04685638866878874 -0.9987461576558295 -0.09890042245388031 0.09873927227603635 0.9941000439176135 0.04489608884298935 -0.01771107316017151
0.9949672867296891 -0.09771098261731707 -0.02219599544329703 1.5208401679992676 -0.017204630117648525 0.05163243213135171 -0.9985179480884239 -0.09887322038412094 0.09871220309706093 0.9938745674521307 0.049691499590622905 -0.01728993095457554
0.994966898673052 -0.09768702804917269 -0.022318492239590988 1.5161794424057007 -0.01686960405355567 0.05625385829683118 -0.9982739703537282 -0.09893523901700974 0.09877391864254852 0.9936260604360375 0.05432278544363333 -0.01695331558585167
0.9949237258680077 -0.0980287472425529 -0.022740809549730363 1.512513518333435 -0.016908224764468325 0.05992417733610036 -0.9980597201099269 -0.09936469793319702 0.09920126833985364 0.9933778020897422 0.05796249369305185 -0.016992857679724693
0.9947944628777697 -0.09926360942947074 -0.023037197545774452 1.5101829767227173 -0.016895911690210888 0.062270903362422414 -0.9979162603959235 -0.10066122561693192 0.10049131701737292 0.9931108047128786 0.060269600684362594 -0.01698269136250019
0.9947053630829722 -0.10017310652416284 -0.022947535450921517 1.5093252658843994 -0.016663974463738858 0.06311914219363056 -0.9978668677954049 -0.10158246755599976 0.1014078527977219 0.9929659221836563 0.06111566716412899 -0.016751106828451157
0.9945895665485772 -0.10134359945079965 -0.022826935034497765 1.5095946788787842 -0.016498207265452147 0.06285294589014194 -0.9978864245744387 -0.10274481773376465 0.1025641422220236 0.9928640299876347 0.060840896500411204 -0.016586434096097946
0.9944461697002703 -0.10282505321878067 -0.02244602412491087 1.5106570720672607 -0.016137362020514186 0.06177951521006646 -0.9979593564105844 -0.10419033467769623 0.1040019284219289 0.9927790791162776 0.05977707715802008 -0.016226062551140785
