1.0 0.0 0.0 0.0 0.0 1.0 0.0 0.0 0.0 0.0 1.0 0.0
0.9999960979665987 0.0002930182291056341 -0.0027781634030410647 0.003027528990060091 -0.00030142668111899474 0.9999953741429181 -0.003026687086738242 -0.002777267247438431 0.0027772636771639997 0.003027512689078319 0.9999915604510794 -0.00030142784817144275
0.9999863836423647 0.0010340990278599749 -0.005114994532330658 0.0054044341668486595 -0.0010617135841628172 0.9999848617741053 -0.0053989801711620536 -0.005109356250613928 0.005109334020241544 0.005404337315895072 0.9999723435395829 -0.001061727642081678
0.9999752200371754 0.001923187852271581 -0.006772049917677765 0.0066436463966965675 -0.0019680912250456747 0.999976082702423 -0.00663028204881546 -0.006759188137948513 0.006759136670651261 0.0066434457626913255 0.9999550883414043 -0.001968137454241514
0.9999651928530187 0.0025298898413139486 -0.007950643987503529 0.007169133052229881 -0.002586742179090198 0.9999711032340394 -0.007148528645604106 -0.007932412438094616 0.007932329249604131 0.0071688460918702445 0.999942841265633 -0.0025868264492601156
0.9999533021941278 0.0029788702198563044 -0.009193463072889199 0.007220922969281673 -0.003045049185702617 0.9999694944827444 -0.007192897843084461 -0.009171884506940842 0.009171755912363558 0.007220556497781214 0.9999318689077503 -0.0030451819766312838
0.9999374471848931 0.0035142560477799123 -0.010618461366399353 0.006940855178982019 -0.0035876706687637335 0.999969739899212 -0.006902746198046237 -0.010594080202281475 0.01059388203311542 0.006940409954231214 0.9999197969703049 -0.003587879706174135
0.9999274819519207 0.003918908215626918 -0.01138740513413433 0.006829786580055952 -0.003996331848850168 0.9999690009790261 -0.006784276878363444 -0.011360709555447102 0.011360465177328033 0.0068292927456598965 0.9999121464366502 -0.003996600396931171
0.9999124287901512 0.004415620050520609 -0.012475457929481662 0.006968920584768057 -0.004502103947137036 0.9999659717974059 -0.006912764086741024 -0.012444830499589443 0.012444509272365848 0.00696832453601321 0.9998982831479064 -0.0045024678111076355
0.9998960751049115 0.0048724474016140235 -0.013568280882690194 0.0069798859767615795 -0.0049665780649116005 0.9999637744253639 -0.006912520474122428 -0.01353452168405056 0.013534108471495653 0.006979190017367886 0.9998840526854018 -0.004967053420841694
0.9998811172337607 0.005157294674175942 -0.014531129034257309 0.0072245229966938496 -0.005261586917946273 0.9999606094497747 -0.007148094287287037 -0.014494199305772781 0.014493691816490923 0.0072237013004944626 0.9998688669205827 -0.005262163933366537
0.9998643334852222 0.005196405966648255 -0.015630482691918374 0.007605166640132666 -0.005314480955042937 0.9999575860900788 -0.007522121581122507 -0.015591363422572613 0.015590731744567455 0.007604168983688189 0.9998495415299926 -0.005315151996910572
0.9998527914142681 0.0044286233031121235 -0.016576573733295994 0.007778642699122429 -0.004556807695816291 0.9999599480929725 -0.007703097657637689 -0.016542550176382065 0.016541795692113226 0.007777499954283902 0.9998329257879747 -0.004557447042316198
0.9998390543777822 0.0037135648407432497 -0.01755205905630515 0.008058588951826096 -0.0038542957691813265 0.9999606441871013 -0.00799089988931925 -0.01752259023487568 0.017521693555878067 0.008057264615925621 0.9998140180762835 -0.003854897106066346
0.9998290168207569 0.003081609828922014 -0.018232959279857002 0.00796598568558693 -0.0032262190861954455 0.9999635339013679 -0.007907109326151959 -0.018208933994174004 0.018207927769147716 0.007964580864687248 0.9998024989056605 -0.003226759610697627
0.9998234742047171 0.0025949769468470375 -0.018608775452858592 0.007567946333438158 -0.002735258813227767 0.9999680060713476 -0.0075169936090138684 -0.018589744344353676 0.018588673659899458 0.0075665664827997085 0.9997985838573823 -0.0027357349172234535
0.9998158696055894 0.0022702484878199774 -0.019054470777815927 0.007156312931329012 -0.0024061127955736263 0.9999718258993127 -0.0071104169223541215 -0.019038941711187363 0.019037791521971947 0.007154954884433171 0.999793163166546 -0.002406551269814372
0.9998019523185548 0.002455307101528986 -0.01974911661425616 0.007116612046957016 -0.002595285194101166 0.9999716725349179 -0.007065311209021849 -0.019732490181922913 0.019731209663058843 0.007115166530463769 0.999780002685829 -0.002595793455839157
0.9998085881356396 0.0022070944214809284 -0.019440057212723422 0.006353161297738552 -0.002330115099955859 0.999977390669278 -0.0063078295699112216 -0.019426917657256126 0.01942569571058524 0.006351919747348549 0.9997911259166502 -0.0023305569775402546
0.9998355570226979 0.0018841082454649914 -0.018036325824038177 0.0057861944660544395 -0.0019881147576286105 0.9999814904992559 -0.005750309434885044 -0.018026133999228477 0.018025157775231674 0.005785222122425331 0.9998207963891189 -0.0019884391222149134
0.9998539745342931 0.001711605458182122 -0.01700294135533165 0.006138545926660299 -0.0018156837104578937 0.9999796998008448 -0.006107641023856643 -0.0169929601252079 0.016992142320522857 0.0061376211163805105 0.9998367850336328 -0.0018159468891099095
0.9998380560346095 0.002065179651990255 -0.01787726874938667 0.007406224031001329 -0.0021971742887849643 0.9999704502538609 -0.007366888368599159 -0.017862476408481598 0.01786152653267615 0.007404974820734012 0.9998130486335067 -0.002197526628151536
0.9998194948072822 0.0022766194412416787 -0.01886252388284777 0.009003052487969398 -0.002445910915584289 0.9999568955775622 -0.008956813422045616 -0.018842434510588646 0.018841319569081878 0.009001332723773257 0.9997819665737583 -0.002446347614750266
0.999818017939336 0.002074214068627775 -0.01896387723687403 0.010548196732997894 -0.002273721703693779 0.9999422369437643 -0.01050490197550539 -0.018942125141620636 0.018940992409899604 0.010546108851056479 0.9997649815804862 -0.0022741316352039576
0.999833479113378 0.0017738891178843597 -0.018162251001337733 0.01207832619547844 -0.0019927960464138678 0.9999255084496076 -0.012041856821575136 -0.018140532076358795 0.018139537148327108 0.012076045262890073 0.9997625349666055 -0.001993125304579735
0.9998425621876089 0.0017208697808813603 -0.017660391992095632 0.013301781378686428 -0.0019553211355652863 0.9999100792990715 -0.013266877378689593 -0.017636887729167938 0.017635973388901386 0.013299320408262344 0.9997560204966531 -0.001955626532435417
0.9998485011952746 0.0018969982342330427 -0.017302486967553675 0.014480163343250751 -0.0021470130747628874 0.9998933960561708 -0.014442536415551257 -0.017274104058742523 0.01727324498812673 0.014477497054292349 0.9997459862818271 -0.0021473350934684277
0.9998369154934845 0.0022882658958487925 -0.017913856526856873 0.01601533405482769 -0.0025744451896012174 0.9998691798372183 -0.015968576756057163 -0.017875924706459045 0.017874972683633854 0.01601209077035992 0.9997120076805726 -0.002574859419837594
0.999809741432119 0.002765779603052899 -0.019308842550155053 0.01863226480782032 -0.0031244668726596327 0.9998226632895377 -0.01857093641627628 -0.019255245104432106 0.019254055266384646 0.018627732975406867 0.999641080048232 -0.0031250512693077326
0.999787353951559 0.003311340054503388 -0.020353916222279743 0.021610233932733536 -0.003749614404787351 0.9997611202204181 -0.021532368365563576 -0.020279143005609512 0.020277753089421723 0.021604108929977956 0.9995609412171857 -0.003750394331291318
0.9997691412150512 0.0036543461973170734 -0.021173332944749837 0.025132043287158012 -0.004184335726638884 0.9996776678521526 -0.025041001022485167 -0.021076560020446777 0.021074999612001134 0.02512381642090795 0.9994621744917628 -0.0041852775029838085
0.9997646051274621 0.0038102435193493847 -0.021359222332587642 0.02900024875998497 -0.004426978414351203 0.9995724499324036 -0.028901889181361134 -0.02124156430363655 0.0212399669596853 0.028989642641054875 0.9993540235687729 -0.004427991807460785
0.9997774529250866 0.004055435287342336 -0.02070261015564162 0.03353516757488251 -0.00474628748108751 0.9994297586553508 -0.03343097768917542 -0.020556675270199776 0.020555227504777684 0.03352179826228675 0.9992265867477153 -0.004747308325022459
0.9997936187064321 0.004233255548792304 -0.019869563189865144 0.038344088941812515 -0.004990869495438203 0.9992562737960259 -0.03823598437285596 -0.019694196060299873 0.01969292298204939 0.03832725957775223 0.999071173619619 -0.0049918582662940025
0.99979174213126 0.004465254744502909 -0.019913158117353454 0.043687839061021805 -0.005329645871441728 0.9990362297734369 -0.043568411434909624 -0.01970069669187069 0.01969942235257292 0.043665468051347314 0.9988519708439442 -0.005330705549567938
0.999783326508113 0.0048463437519693986 -0.020243838287483384 0.049335043877363205 -0.0058376070332162525 0.9987720016868641 -0.049197672613043184 -0.019981879740953445 0.019980550054935306 0.04930518835429171 0.9985838853200316 -0.0058388058096170425
0.9997725168018355 0.005278054261437444 -0.020665352427112964 0.055199034512043 -0.0064088171467464585 0.9984636006105929 -0.0550396704069882 -0.020344503223896027 0.020343099825322352 0.055159590271716546 0.9982702930021274 -0.00641018757596612
0.9997482643646062 0.005770017679514676 -0.02168213079786436 0.06164010986685753 -0.007093094830231912 0.9980850328249834 -0.06144880191249502 -0.02128765732049942 0.021286049555681943 0.06158712646917214 0.997874706537641 -0.007094761822372675
0.9997085631826664 0.006187543837621392 -0.02333458807234698 0.06866821646690369 -0.007772016225776218 0.9976253086504442 -0.06843492751433443 -0.022857721894979477 0.02285573151388674 0.06859633985398528 0.9973826535967034 -0.0077741253189742565
0.9996654314423974 0.0063480022790877305 -0.025074450066754243 0.07624131441116333 -0.008236942051671288 0.9970765800499771 -0.07596345372268848 -0.024521388113498688 0.024518930741834234 0.07614457553172335 0.9967952777036873 -0.008239512331783772
0.9996230385324856 0.006236203548879082 -0.02673743817903457 0.08488617837429047 -0.008477771254832598 0.9963822754705243 -0.08456056127256331 -0.02611634135246277 0.02611337262077577 0.08475535908411426 0.9960595468529436 -0.008480764925479889
0.9995747611626749 0.005848990081488106 -0.028567221804162077 0.09512779861688614 -0.008532666579792778 0.9954651020881354 -0.09474399255729253 -0.0278871301561594 0.02788351569690642 0.09494745831081983 0.9950916991477194 -0.008536089211702347
0.9995084783432625 0.004824325945992894 -0.030976242494900552 0.10770220309495926 -0.008122409896774315 0.994199344931454 -0.1072459276398709 -0.030283799394965172 0.030279170685552893 0.10744481568244448 0.993749859575115 -0.00812622532248497
0.9994341817089027 0.0033715576259934444 -0.033465639558070026 0.12180399149656296 -0.007408763845109356 0.9925933394930615 -0.12125828883956544 -0.03281483054161072 0.032808941618763875 0.12143761770220414 0.9920566911001961 -0.00741282245144248
0.9993695360544649 0.0017370818906225043 -0.03546142908554185 0.13613438606262207 -0.006529653217971412 0.9907578139863928 -0.13548548872022192 -0.03490542620420456 0.034898338572726895 0.13563162083898286 0.9901445194482741 -0.00653367955237627
0.9993173913054579 7.095814997313404e-05 -0.03694247419157389 0.15155772864818573 -0.005643887434123904 0.9885524591378665 -0.15077195384788172 -0.03651699051260948 0.03650887520980465 0.15087753476716734 0.9878780651140591 -0.005647682584822178
0.9992754802840628 -0.0016211958962450658 -0.03802481067568653 0.16729070246219635 -0.004729628451391936 0.9860582321310962 -0.16633338047790952 -0.03777331858873367 0.03776433658582644 0.1663927118907653 0.9853361458466188 -0.004733022302389145
0.9992046825611797 -0.003645311866326082 -0.03970785878399461 0.18279123306274414 -0.0036304492228965675 0.983359882863684 -0.18163193720478196 -0.03971966356039047 0.039709220418593025 0.1816316395227415 0.9825645654805737 -0.0036333228927105665
0.9991262462425269 -0.006380411038848144 -0.041304169575150464 0.19983111321926117 -0.0019438970407061526 0.9801143852044829 -0.19842382210695697 -0.04176097363233566 0.04174883631447199 0.1983307395998248 0.9792456037155203 -0.001945594558492303
0.9990663230406208 -0.009410933099338013 -0.04216534719759217 0.21890410780906677 2.9695640761230356e-05 0.9761357401123855 -0.2171612672495126 -0.043216243386268616 0.04320279255166996 0.2169572566508092 0.9752246241263046 2.972339279949665e-05
0.9990443192865788 -0.013371499216311462 -0.04161311223550334 0.2406681627035141 0.0030646498961317474 0.971142485261182 -0.23848035818857077 -0.04361492767930031 0.04360110115846337 0.2381249174896299 0.9702553620817183 0.0030675719026476145
0.9989926523668881 -0.017375394807072952 -0.04137361686229711 0.264279842376709 0.005958858105467105 0.9651943966621347 -0.2614656165963257 -0.04449132829904556 0.0444766514819711 0.2609556903141149 0.964325647883346 0.005964796058833599
0.9988943738886745 -0.021225681208112024 -0.04194639759031106 0.2906782031059265 0.00830443024332929 0.957906367032499 -0.286960674025088 -0.04628818482160568 0.04627165711195711 0.28629506187821463 0.9570235479298629 0.008313430473208427
0.9987631479793211 -0.025344752618256205 -0.0427763690973909 0.3187941610813141 0.010648109811581897 0.9493978031290419 -0.3138955704867299 -0.04858651012182236 0.04856739642885253 0.3130518406406015 0.9484934122468401 0.010660892352461815
0.9986828721055477 -0.028967301664298173 -0.042348747293205063 0.3477295935153961 0.012786823782584106 0.9398549784006979 -0.3413343181002709 -0.049709685146808624 0.04968921513333991 0.34034323117951576 0.9389874689737449 0.012802988290786743
0.9987806227600519 -0.030271680602305416 -0.03899862757271263 0.38098588585853577 0.013584740752286382 0.927972625893904 -0.37240067187139425 -0.047480691224336624 0.04746285302988333 0.37141678872270256 0.9272523101277124 0.013600487262010574
0.9989889820322642 -0.030207883855909286 -0.03329410655188747 0.4153343141078949 0.014192690542306059 0.9146446476835015 -0.4040095741428582 -0.042669497430324554 0.04265655064947091 0.403128580253089 0.914148656658105 0.014206098392605782
0.9990898315663681 -0.030922007115379773 -0.02938261282872497 0.4474848508834839 0.015151474016635557 0.9011729799341188 -0.4331947518977851 -0.03988464176654816 0.03987406796164104 0.43235528181417743 0.9008212747218917 0.015164114534854889
0.9990458458534031 -0.03288401126025159 -0.028740906152971667 0.47813907265663147 0.015958466818531136 0.887440709062587 -0.46064554185978474 -0.040664929896593094 0.0406537233209963 0.45974735420873114 0.887118732232733 0.015972349792718887
0.998912275644249 -0.03549606760456658 -0.03023730728487601 0.5099488496780396 0.01620455759059271 0.8723084839125183 -0.48868734504541567 -0.04373668134212494 0.043722738712495365 0.48766580573058027 0.8719348508005761 0.016220780089497566
0.9987461154312626 -0.03836950241638162 -0.032155531332608504 0.5428594946861267 0.016223972129540506 0.8557246839453463 -0.5171769987296198 -0.047377828508615494 0.04736010598914423 0.5160068280274559 0.8552742097068873 0.01624291203916073
0.9987961145643265 -0.038680924087210765 -0.030167990369995627 0.5815705060958862 0.015732416242254542 0.8350953182249675 -0.5498802602002737 -0.046479757875204086 0.04646302412010174 0.5487436519819611 0.8346985035323324 0.01575007662177086
0.999067711781829 -0.035772828723180466 -0.02416634023103678 0.6234790682792664 0.01492015121903415 0.8114083673607387 -0.5842891839359869 -0.0405215360224247 0.04051044757369864 0.583383892563141 0.8111856369138054 0.014932963997125626
0.9991849099972083 -0.034700216533176516 -0.020625484392402166 0.6630250811576843 0.014642980336134037 0.787709990320683 -0.6158721898867207 -0.03762667626142502 0.03761779845692933 0.6150681800593655 0.7875760503708285 0.014653876423835754
0.99914637987145 -0.03594996418790279 -0.020349733773803586 0.7005011439323425 0.014356200506353042 0.7640816141410353 -0.6449598331978912 -0.03874483332037926 0.03873514033532812 0.6441171376438596 0.7639454835894273 0.014367477037012577
0.999065302753273 -0.03844590653085144 -0.019759380190987656 0.7388249039649963 0.015102778161263321 0.7387636819159877 -0.6737953163786053 -0.04051326587796211 0.04050218421668921 0.6728671002159001 0.7386538015340632 0.015115756541490555
0.9990803104126542 -0.0391671981648426 -0.017448894912584646 0.7787065505981445 0.01561223914292579 0.711297453877217 -0.7027177172213125 -0.039945460855960846 0.03993483860864555 0.7017990187337856 0.7112547686796885 0.01562533900141716
0.9991313597911117 -0.0387802388075275 -0.01525185103504586 0.8184133768081665 0.015355315773327173 0.6828651015592964 -0.7303830962925644 -0.0387490838766098 0.038739387701220845 0.7295144591784614 0.68286742028749 0.015367455780506134
0.9991522736255288 -0.03879403938133841 -0.01377521750882868 0.8573682904243469 0.014961195810332019 0.6539220935068243 -0.7564139463571365 -0.03836167976260185 0.03835227149545747 0.7555666205783123 0.6539481517207671 0.01497277058660984
0.9991445580259728 -0.0393245447014382 -0.012795794274219315 0.8951482772827148 0.014598172091747033 0.6248953136316305 -0.780572059692637 -0.03870133310556412 0.03869167273023089 0.7797175303821574 0.6249348184219584 0.014609631150960922
0.9993129207459571 -0.035880315350057354 -0.009289208823410234 0.9339240193367004 0.013861097426383459 0.5942433371609902 -0.8041658574062356 -0.03438054770231247 0.0343737750082936 0.8034845731002869 0.5943323854389302 0.013869738206267357
0.9995779168897589 -0.02882115534245081 -0.003650900033740887 0.9760571718215942 0.01311985281363769 0.5599626884278418 -0.8284139406304147 -0.025923117995262146 0.02592021466883585 0.8280163818267063 0.5601044669507032 0.013124639168381691
0.999776513135426 -0.021064851310815785 0.0017876862203779834 1.018683671951294 0.012568496459874413 0.5242637812462778 -0.8514631645409524 -0.016999544575810432 0.016998725820114607 0.8512953422359412 0.5244113686867252 0.012570643797516823
0.9998258606966274 -0.018211453766829307 0.004073233843863732 1.05901300907135 0.012468885905017754 0.48954381638964595 -0.8718895450221595 -0.01388479582965374 0.013884349697980379 0.8717885034722351 0.4896856441096726 0.012470411136746407
0.9997999283162724 -0.019495629591272268 0.004474792242834676 1.0966081619262695 0.012881574764043668 0.4564030507089879 -0.8896798976795685 -0.015303158201277256 0.015302560909043215 0.8895595402952907 0.45656287179232624 0.012883439660072327
0.999744720540642 -0.022208348309403242 0.004157284748710172 1.1338452100753784 0.013162578372313707 0.4229232894043652 -0.9060698857207342 -0.01836513541638851 0.01836410307383215 0.9058933052764878 0.4231076449008383 0.013165178708732128
0.9997185621848415 -0.02339394980425969 0.003939484183143618 1.1736621856689453 0.01267858180092866 0.3865115330961848 -0.9221974237369969 -0.020052528008818626 0.020051184169285894 0.9219878295813848 0.3866993562410167 0.012681471183896065
0.9997346748128888 -0.022733274724954018 0.003711899385385807 1.2155624628067017 0.011384716493702974 0.34757330824654625 -0.937583694197435 -0.020025528967380524 0.020024190548570697 0.9373771885504955 0.347739900181218 0.01138724572956562
0.9997584319820905 -0.021818088059191006 0.002654941459460742 1.255336880683899 0.009291220190558756 0.31006391033431974 -0.9506703133765992 -0.019919924437999725 0.01991860708188025 0.9504653294790044 0.31019172547036994 0.00929319765418768
0.999761568729672 -0.021748272964473465 0.0019540507280858474 1.292492389678955 0.007852033415131705 0.27456290543191125 -0.9615370801648967 -0.020376671105623245 0.020375261039624386 0.9613231629290173 0.2746682092156226 0.007853744551539421
0.9997488043882703 -0.022343199570043184 0.0017633936592077936 1.3273937702178955 0.007094662503723386 0.24085378759413456 -0.9705354804258924 -0.021261749789118767 0.021260147887123774 0.9703041968550548 0.2409518036398252 0.007096325978636742
0.9997292134168216 -0.02310841122679235 0.002738826675143694 1.3623605966567993 0.007459551740765521 0.2067630763948472 -0.9783626042156177 -0.022043902426958084 0.022042117158065 0.9781181071682049 0.20687946611705593 0.00746143376454711
0.9996974293406967 -0.024201440817211595 0.004397730320710365 1.396559715270996 0.00852434862191372 0.17315629621138526 -0.9848574681459888 -0.023075522854924202 0.02307347503465328 0.9845969669589308 0.17331020571535657 0.008526721969246864
0.9996638461714363 -0.024926038257640858 0.007133531699615704 1.431837797164917 0.010514365572928534 0.13825725023044308 -0.9903405378329796 -0.023701222613453865 0.023699003656896908 0.9900826356297213 0.13847285600497708 0.010517513379454613
0.9996619783137709 -0.023988566122787033 0.010023861988804063 1.468558430671692 0.012416549668726498 0.10176979716187533 -0.9947304849455229 -0.022844018414616585 0.022842031611088463 0.9945187062499143 0.10203325198617659 0.01242010947316885
0.9997051120155659 -0.0206461196685046 0.012783847330852142 1.503498911857605 0.014140535216155022 0.06696132222895083 -0.9976553646370832 -0.019742971286177635 0.019741688725775905 0.9975419385008254 0.06723352332185314 0.014143763110041618
0.999742147453308 -0.01708408141361351 0.014959036322611526 1.5348204374313354 0.015561711062534789 0.03570656049778524 -0.9992411494160076 -0.016537735238671303 0.016536981413013924 0.9992162807418977 0.035963211008954755 0.015564467757940292
0.9997425790859473 -0.015841723709366238 0.016242393681183805 1.563354730606079 0.01635780839464597 0.007183320941353199 -0.999840398266032 -0.01572316884994507 0.015722521016125434 0.9998487084005108 0.007440607685389276 0.016360560432076454
0.999719354333778 -0.016107015179668643 0.01737171932929769 1.5881441831588745 0.017087396517030073 -0.01762482417686515 -0.999698647819934 -0.016409071162343025 0.016408334794358614 0.9997149241832577 -0.017344650891261165 0.017090529203414917
0.9996906244741574 -0.017048502017405164 0.018110878427944063 1.6086219549179077 0.01745046555671632 -0.03811996617962579 -0.9991207882084718 -0.01772482693195343 0.017723898846560115 0.9991277279494483 -0.037810668497795526 0.01745409332215786
0.9996926854015183 -0.016073463156425653 0.018872692888399576 1.625463604927063 0.017963622547500273 -0.05493770027911921 -0.9983281811874353 -0.017084244638681412 0.017083413583700437 0.9983604022947828 -0.05463207949664325 0.017967211082577705
0.9997191597152676 -0.013333889123781249 0.01959104639966678 1.6395530700683594 0.018626684383864247 -0.06896294148464228 -0.9974453164613335 -0.0146514056250453 0.014650881443213451 0.9975301098726898 -0.06869520776820164 0.018629761412739754
0.9997551298789622 -0.007799112825815342 0.020708793297284218 1.6508852243423462 0.02001756786242783 -0.08017549941817244 -0.996579744059611 -0.009432915598154068 0.009432775708800547 0.9967502511322366 -0.07999974756366815 0.02001979574561119
0.9997485510659894 -0.004472806610809241 0.02197336211135923 1.659892201423645 0.021487783403943583 -0.0890947309718142 -0.9957913456530163 -0.006411736831068993 0.006411692899681248 0.9960131138263604 -0.08897621749702458 0.021489879116415977
0.9997346281092472 -0.0009334482727654868 0.023017428909135402 1.6667007207870483 0.02282216015115411 -0.09580370233342914 -0.995138583125608 -0.0031340704299509525 0.0031340652992725673 0.9953998087670751 -0.09575697541782592 0.022824253886938095
0.9997071462905738 0.002086715232953883 0.02410948516857784 1.671385645866394 0.024197161581242285 -0.10039867777099394 -0.994653006265626 -0.0003450028598308563 0.0003450028529867487 0.9949450995514139 -0.10041976823145304 0.024199524894356728
0.9996658430975695 0.005475234358811464 0.025263094678638832 1.6748801469802856 0.025695127642814675 -0.10378957247426679 -0.9942673106670199 0.002821804489940405 -0.002821800745134291 0.9945842078247197 -0.1038955773179482 0.025698058307170868
0.9996200123573273 0.007725967696513834 0.026460164736620256 1.6768535375595093 0.027129026323702326 -0.10568779817867731 -0.9940292275616804 0.004883340559899807 -0.004883321151073666 0.9943693472444209 -0.10585723610240295 0.027132678776979446
0.999575060089544 0.0098621486424173 0.027430590061815405 1.6785210371017456 0.028331260378126718 -0.10728013231424335 -0.9938250917017668 0.00685854721814394 -0.006858493447637502 0.994179918945657 -0.10751395180550014 0.02833571843802929
0.9995239773488364 0.012358231483128533 0.028268229859195616 1.6796692609786987 0.029442428766678123 -0.10834107786344778 -0.9936776913243576 0.009217618964612484 -0.009217488436770201 0.9940369635793207 -0.10865336140645743 0.02944793552160263
0.9994981193498808 0.01285893071359946 0.02895094673675295 1.6814610958099365 0.030192591039167983 -0.11010096513487301 -0.9934617178949127 0.009587475098669529 -0.009587328219739373 0.9938372227770864 -0.11043395202714906 0.03019856847822666
0.9994958894751256 0.011783300670384536 0.029480853916375397 1.6840369701385498 0.030622455950705185 -0.11269078284224468 -0.9931581206705955 0.008380558341741562 -0.008380460242401477 0.9935602353595444 -0.11299480783829034 0.030628319829702377
0.9995028037067456 0.010550017711483553 0.02971266579494577 1.6867053508758545 0.03073263877752503 -0.11537992617372565 -0.9928458981885939 0.0070463549345731735 -0.007046296624818036 0.9932654075132351 -0.11564678958553963 0.030738241970539093
0.9995052033584876 0.009939313366829922 0.029842226946132727 1.689517617225647 0.03080878386969493 -0.11819248016281768 -0.9925126480148413 0.006337809842079878 -0.006337767412816578 0.9929409588101187 -0.11844021707791291 0.030814278870821
0.9994769765022928 0.011626489665005745 0.030176119364569785 1.6923328638076782 0.031362117760824065 -0.12093240173535232 -0.99216519379591 0.007886209525167942 -0.00788612778183647 0.9925926550950238 -0.12123378258562949 0.03136823698878288
0.9994478369197599 0.01337346819119897 0.030416634017459084 1.694865107536316 0.03183636781652061 -0.12338749545027611 -0.9918477562865984 0.009511555545032024 -0.009511412127768942 0.9922684497226781 -0.12374512808304271 0.031843189150094986
0.9994169199579489 0.015119082763850399 0.03061426853848638 1.696447491645813 0.03226563668096517 -0.12489797278501455 -0.9916448079245741 0.011169332079589367 -0.011169099844601172 0.9920543884941861 -0.12531297410119882 0.03227325156331062
0.9993891454685552 0.01707865303785892 0.03049025303344336 1.6978508234024048 0.03240579616665209 -0.12622574667925493 -0.9914721000865682 0.01308472640812397 -0.013084353038510027 0.9918545157863007 -0.12670208845905673 0.03241424635052681
0.9993660772386975 0.01827090917854878 0.030555155740511725 1.6991511583328247 0.03263922986100415 -0.1274742050805356 -0.9913046997332182 0.01421752292662859 -0.014217043947960502 0.9916735858723246 -0.12798974468490432 0.03264832869172096
0.9993756462762502 0.017695330395241397 0.030580923990792135 1.7008554935455322 0.032614590571756426 -0.12918436907886083 -0.9910840969703496 0.013587401248514652 -0.013586983173760716 0.9914626942391226 -0.1296808382928489 0.03262338787317276
0.9994166681449969 0.015134200837554635 0.030615019172978757 1.7032586336135864 0.03234373171364698 -0.13165464020688689 -0.990767853097198 0.010964090004563332 -0.01096387033802036 0.9911801106141123 -0.13206733839298554 0.03235131874680519
0.9994537009528964 0.012118922443954013 0.030747867736735338 1.7053951025009155 0.03209503393946953 -0.13387272978979087 -0.9904786726704689 0.00788731500506401 -0.00788723322735173 0.9909244289739895 -0.13418855247222206 0.03210154548287392
0.9994647202765117 0.010512154207397817 0.030980115179158472 1.706953525543213 0.03211965892529488 -0.13546913771427313 -0.990260794052493 0.006212964653968811 -0.006212924683010556 0.9907257982614923 -0.135734270639408 0.0321258045732975
0.999453450152599 0.010696030001139311 0.03127932096898758 1.7078614234924316 0.03244677806900007 -0.13636107277176926 -0.9901277010696514 0.006325196009129286 -0.0063251538326964465 0.9906014601113542 -0.13663359635992076 0.03245312348008156
0.9994289824082925 0.01139384540785497 0.03181020919684166 1.7086726427078247 0.033073511342480696 -0.13713808095620791 -0.9899996412116154 0.006917566992342472 -0.006917511821726652 0.990486409315378 -0.1374366071748201 0.0330803357064724
0.9994091921914929 0.01141124889308137 0.032419900706938565 1.7095098495483398 0.033685536839218044 -0.13796300641833367 -0.9898643813512378 0.0068228947930037975 -0.006822841856681881 0.9903716435049597 -0.13826589084182594 0.03369269520044327
0.9994025413029163 0.010101325581877232 0.03305334565156141 1.7105090618133545 0.034137473918947794 -0.1389948317176147 -0.9897045365310927 0.005403109826147556 -0.005403083536818548 0.9902415866733132 -0.13925662178515347 0.034144606441259384
0.9993992532804109 0.008431474296214467 0.033616108991809966 1.7111845016479492 0.03446495122952293 -0.13971989649090572 -0.9895910860862264 0.0036468806210905313 -0.0036468725373362833 0.9901551700444546 -0.1399265505718395 0.03447200730443001
0.9993886047299516 0.007707803700162267 0.034102881081225916 1.7116968631744385 0.03484722200192219 -0.14025136903731536 -0.9895025136915558 0.0028439192101359367 -0.0028439153765929415 0.9900859272029264 -0.1404342155603549 0.03485441952943802
0.99938333654501 0.006803028458641305 0.03444801068210184 1.7125844955444336 0.03506362001262443 -0.1411618279032166 -0.9893653930144479 0.0018679378554224968 -0.0018679367691571017 0.9899631594896922 -0.14131331736751798 0.03507087007164955
0.9993841869434612 0.005802077682096427 0.034606109026122545 1.7138419151306152 0.035079779093099 -0.14244238861801437 -0.9891812649982681 0.0008099297992885113 -0.0008099297107380415 0.9897860889199066 -0.14255820633866773 0.035086989402770996
0.9993686675765361 -0.0008701129829113011 0.03551773035676844 1.7142647504806519 0.035027798310560763 -0.14309505074816145 -0.9890889038892793 -0.005943065509200096 0.005943030524388864 0.9897085678899512 -0.1429742320609141 0.03503558412194252
0.9992066541939755 -0.013513408765667305 0.037462648037921396 1.7143248319625854 0.03513835502567089 -0.14359985358717392 -0.9890118189667059 -0.018745649605989456 0.018744551757006588 0.9895435664149782 -0.14301109029076975 0.03515176847577095
0.9989346806563606 -0.02432329533428807 0.03921582698421619 1.7139406204223633 0.0353292990096367 -0.1436053817541748 -0.9890042138245547 -0.02969180792570114 0.029687445384584066 0.989336076182062 -0.14259307118937659 0.03535224124789238
0.9987819325486104 -0.02792858532685362 0.040677331968847784 1.7137879133224487 0.0362619073222073 -0.14361267086351137 -0.9889694003581732 -0.033468544483184814 0.03346229657119842 0.9892398065631455 -0.14242499717076265 0.03629019111394882
0.998758731928914 -0.026485004808159757 0.04218459334946258 1.7137706279754639 0.0379606240282195 -0.14359721171388307 -0.9889078985483867 -0.0322544127702713 0.03224882043014803 0.9892817522365961 -0.1424135817699775 0.03798951581120491
0.9987942865037468 -0.02326918650207612 0.04322636009430907 1.713712215423584 0.03945459119620646 -0.1434601436825406 -0.9888693151312387 -0.029215600341558456 0.0292114443499719 0.9893825004183753 -0.14236909561022043 0.039481692016124725
0.9988275452755698 -0.02006860690056218 0.044054350702855544 1.7138885259628296 0.04072828226254415 -0.14354121121313226 -0.9888059100285604 -0.026170559227466583 0.026167571968411824 0.9894408378981221 -0.14255555575543288 0.04075351357460022
0.9987580440106288 -0.021765929649238912 0.04481756163120711 1.71478271484375 0.04121444313347121 -0.1445096858357015 -0.9886446886403956 -0.027999000623822212 0.027995342492288487 0.9892639662932089 -0.14343314049608002 0.041242294013500214
0.9985779722517755 -0.026911323586432494 0.04601971312772996 1.7159870862960815 0.041618830718910316 -0.145928403224964 -0.9884193310846379 -0.03332142159342766 0.03331525571150439 0.9889290580193498 -0.14460087116555848 0.041653990745544434
0.9984481405705139 -0.029749934296888814 0.04707708572771149 1.7173482179641724 0.04220023331786926 -0.1474156399379837 -0.9881739570589747 -0.036346010863780975 0.03633800901536703 0.9886271139873748 -0.1459314174185722 0.0422406829893589
0.9983834172868316 -0.030646883357015015 0.04786774098670043 1.7185444831848145 0.042804702938888065 -0.14866039077992968 -0.9879614595820386 -0.037402696907520294 0.03739397669387238 0.988413302598493 -0.1471082382239622 0.04284777119755745
0.998393180603374 -0.029052414382395787 0.04865196957197203 1.7189775705337524 0.0438011842815911 -0.14905614529213104 -0.9878581486256927 -0.035959288477897644 0.03595153933016816 0.9884018528762503 -0.1475441088305009 0.04384356364607811
0.9984109220950679 -0.027001308039184116 0.049462713284346364 1.7183253765106201 0.044930359844589 -0.148358352971138 -0.9879124768257191 -0.034019697457551956 0.03401313577887383 0.988564984443544 -0.14690942150394432 0.0449715293943882
0.9983756359058449 -0.027321667755039407 0.04999616085943976 1.7177021503448486 0.045431472564079 -0.14777275000037474 -0.9879773254776579 -0.03438803553581238 0.03438125841587351 0.9886438897947076 -0.1462914496521616 0.04547401890158653
0.9982265185696908 -0.03116725912786002 0.05071902584525469 1.7174888849258423 0.045585228170646246 -0.14774263822522749 -0.9879747465511857 -0.038295187056064606 0.03828582762413406 0.9885346300503116 -0.14605985278107297 0.04563451185822487
0.9981160676703119 -0.03377366964521825 0.05122162333476932 1.7177925109863281 0.045684122290455646 -0.14816654807794188 -0.9879066934691847 -0.04096602275967598 0.04095456542198946 0.988385559014984 -0.14634449187356996 0.045738428831100464
0.9980743851262349 -0.03390233127265035 0.05194375505455399 1.717346429824829 0.04639696360970271 -0.147759787114057 -0.9879343941172453 -0.041180115193128586 0.04116847729377358 0.9884420454666465 -0.14590229343990457 0.04645303636789322
0.9980494803041798 -0.03327859032287305 0.052818276104762904 1.716164469718933 0.04740139348140035 -0.14660051729873094 -0.988059409258252 -0.040635593235492706 0.04062441089515077 0.9886358398085044 -0.1447371185479215 0.04745836928486824
0.9980122955696068 -0.03328041474184306 0.053515155671030344 1.7160834074020386 0.04809318782980656 -0.14654824157958385 -0.9880337333179972 -0.040735989809036255 0.04072472438520169 0.9886435287223312 -0.14465638575329642 0.04815172404050827
0.9978822351520098 -0.035852085029732826 0.05427405242885241 1.7169973850250244 0.04842634893483653 -0.14759209338489954 -0.9878620666363825 -0.04344099760055542 0.0434273358251513 0.9883983012780242 -0.14554334245799644 0.04849107936024666
0.9977711108573467 -0.03771383645384803 0.05504976728768882 1.7181280851364136 0.048866478741676975 -0.14882233469685324 -0.987655800342795 -0.045456577092409134 0.04544092421909487 0.9881445133356306 -0.1466476838235241 0.04893653839826584
0.9976978665981094 -0.03874436432147131 0.055658253825521586 1.7187774181365967 0.04928385909715749 -0.14953524662238615 -0.987527372405481 -0.04660085588693619 0.04658399100627397 0.987997006195316 -0.1472815247443485 0.04935745894908905
0.9976369380837299 -0.03984169946236411 0.05597480464343671 1.7201356887817383 0.04936748009795606 -0.150938477264904 -0.9873096920367642 -0.04780305176973343 0.047784847804488835 0.9877399531581694 -0.1486149159923025 0.049444083124399185
0.9975825597156838 -0.04086614340909505 0.05620493638437599 1.7208384275436401 0.049405701474131515 -0.15168688081705317 -0.987193074757842 -0.04888779670000076 0.04886832525218635 0.9875834387589033 -0.1493011663590949 0.049484994262456894
0.9975307804882036 -0.04158818127029892 0.05659297798511775 1.7214081287384033 0.0496509371398263 -0.15229878597410623 -0.9870865535665808 -0.049690622836351395 0.04967017636099434 0.987459114581177 -0.14985783466614475 0.04973279684782028
0.9974129094084697 -0.04355905614109294 0.057184759975268645 1.7219297885894775 0.04990778791474968 -0.15292670644455525 -0.9869765119603796 -0.05175995081663132 0.05173684229626251 0.9872770791850269 -0.15035713506546247 0.0499955415725708
0.9973145812951784 -0.045135464326534 0.057675088175495846 1.7228972911834717 0.05009887996142569 -0.1539735475909503 -0.9868040579916906 -0.053445737808942795 0.05342029729076492 0.9870435332356348 -0.1512988279369036 0.05019158869981766
0.9972476727335651 -0.04621956221904381 0.05797267714853621 1.723559021949768 0.050189456447751926 -0.15468796200359194 -0.9866877180104425 -0.05459907278418541 0.05457194965334927 0.9868816476556118 -0.15194247540295333 0.050285547971725464
0.9972129138017174 -0.0467859147058236 0.05811611422168454 1.7244130373001099 0.05019623951522649 -0.1555620140111499 -0.9865499467007866 -0.05522536858916283 0.0551973014342051 0.9867175573495863 -0.15277997228840992 0.05029408261179924
0.9972103447331969 -0.04682263456669162 0.05813062230298878 1.7255486249923706 0.050142096665889924 -0.15668444370157425 -0.9863750581010637 -0.05532105639576912 0.05529284310873544 0.9865382030079536 -0.15389956304938132 0.05024005472660065
0.9971498200899348 -0.04787762156009927 0.058309258684694394 1.728111743927002 0.05000837305727669 -0.1592653653793545 -0.9859684102519436 -0.05652255937457085 0.0564924678056724 0.9860741740580821 -0.15641714847450852 0.05010933056473732
0.9970920254532097 -0.04872141956564556 0.05859791850504738 1.730661392211914 0.05001212156499098 -0.16182887688020448 -0.9855507101637441 -0.05753199756145477 0.05750026499229728 0.9856153600077467 -0.1589216210671652 0.050115980207920074
0.9970824010114713 -0.048416370829998695 0.05901305473242188 1.7326713800430298 0.05035528135593908 -0.16381958430073776 -0.9852042881753499 -0.057399023324251175 0.05736751025418467 0.9853014761153998 -0.16090360447190266 0.05045975744724274
0.9970582860663654 -0.04845629770614577 0.05938654223824877 1.7349011898040771 0.05058833828644187 -0.16603798759137908 -0.9848209008271613 -0.0576130636036396 0.057581196720964845 0.984928105949474 -0.16309822774930183 0.05069412291049957
0.9970022285086548 -0.04908877849877126 0.05980675692824643 1.7385581731796265 0.05068364341323462 -0.169687135177601 -0.9841938043117211 -0.05849466100335121 0.05846130890713839 0.9842746405250503 -0.16669045377629457 0.05079231411218643
0.9969202011445296 -0.0502104415565988 0.06024138202798951 1.7423425912857056 0.05069493682076658 -0.17347996996122012 -0.9835317602411184 -0.05986999720335007 0.059834237111283425 0.9835566133075135 -0.17040027138583194 0.050807785242795944
0.9968420537972621 -0.05131121954461012 0.06060592817622004 1.746497392654419 0.050608708167341525 -0.17762860004123107 -0.9827954207794343 -0.061232034116983414 0.061193777779192396 0.9827589934445967 -0.17447086394258965 0.050725482404232025
0.9967962939219196 -0.05176718291959474 0.06096972360192803 1.7510100603103638 0.050606254680238064 -0.18209885785952368 -0.9819770939046878 -0.06197637319564819 0.06193670487493797 0.9819165772807924 -0.17889572339888013 0.05072535201907158
0.9967254231543712 -0.05275720460124196 0.06127893765725982 1.7566365003585815 0.05037465368568192 -0.18767449474875772 -0.9809386720314609 -0.06329432874917984 0.06325207588520124 0.9808134182317558 -0.18440231428252613 0.050497185438871384
0.9965196683776334 -0.05594680131191247 0.06179406087559734 1.764686942100525 0.049744790453570345 -0.19571075230187962 -0.979399181772255 -0.06693799048662186 0.0668880135694133 0.9790644804385448 -0.19224655207399757 0.04987712204456329
0.9964583198591542 -0.05685195180214241 0.06195702026210064 1.7714513540267944 0.049267907598381545 -0.2023656612091507 -0.9780699425114037 -0.06819600611925125 0.06814315860267128 0.9776584243689971 -0.19884797005748156 0.049402788281440735
0.9967543836327618 -0.05219819970745812 0.06128659442466609 1.7769675254821777 0.04920279269770098 -0.2075396168448197 -0.9769884301416536 -0.06375962495803833 0.06371643351302908 0.9768329721028083 -0.2042977256681385 0.04932297021150589
0.9968798528126224 -0.04968798132708066 0.061332402267677597 1.7835966348648071 0.04936104543301968 -0.21391694185747848 -0.9756039304861904 -0.0616348460316658 0.061595829810498604 0.9755873341213404 -0.21079683880924835 0.049475133419036865
