1.0 0.0 0.0 0.0 0.0 1.0 0.0 0.0 0.0 0.0 1.0 0.0
0.9999982265019296 -5.256248264050702e-05 0.0018826125944848434 0.0002768589183688164 5.308360463693958e-05 0.9999999602932984 -0.00027675897918209494 0.0018825990846380591 -0.0018825979725934677 0.00027685842421322954 0.9999981895855046 5.3083698730915785e-05
0.999997405401833 -0.0003032493382900322 0.002257704462693029 0.0004564537084661424 0.00030427906883996527 0.9999998498454522 -0.0004557667397524062 0.0022575678303837776 -0.0022575659127261924 0.00045645252943248276 0.9999973475201012 0.0003042798489332199
0.9999995022372535 -0.00028681302183658025 -0.000955648227897778 -3.9514212403446436e-05 0.00028685065231760554 0.9999999580884585 3.924008556483554e-05 -0.0009556370787322521 0.0009556369332775699 -3.9514194350141423e-05 0.9999995425982354 0.0002868507872335613
0.999957085464107 -0.00017658712143708358 -0.009262615565649399 -0.0020715640857815742 0.0001957664327241548 0.9999978389044236 0.0020697492568094423 -0.009262362495064735 0.00926223005718852 -0.0020714737436876543 0.999954959031104 0.0001957748318091035
0.9999233947671107 -0.0001257180920202129 -0.012376946003685082 -0.0038384939543902874 0.00017321261418663087 0.9999926262169917 0.003836340578488617 -0.012376688420772552 0.012376372441353077 -0.0038381905378981045 0.9999160433249321 0.00017322588246315718
0.9999378382137022 -0.000239642430467425 -0.011147299225076795 -0.004884838126599789 0.0002940738384766928 0.9999880419695827 0.004881540578297573 -0.011146226897835732 0.011145996101084982 -0.004884515262087108 0.9999259513991868 0.0002940921112895012
0.9999614640460381 -0.0006552337451736134 -0.008754489799129486 -0.00575304077938199 0.0007055605460466152 0.9999832379045202 0.005746833415681504 -0.008750689215958118 0.00875057753635375 -0.005752788778576604 0.9999451649035807 0.0007055876194499433
0.9999662982347174 -0.0008164388820594545 -0.008169199612446798 -0.005999178625643253 0.0008654035414437103 0.9999816728890437 0.005992074994547319 -0.008164248429238796 0.008164157731609311 -0.005998942705317668 0.9999486782905168 0.0008654324919916689
0.999951917360995 -0.0006752821205800979 -0.009782993413432826 -0.005978225730359554 0.0007337195648337904 0.9999819041634906 0.005971013411433942 -0.009778940118849277 0.00977878426338496 -0.0059779042830216626 0.9999343178622849 0.0007337547140195966
0.9999189844714924 -0.00044238711966332475 -0.012721194406800364 -0.0063194530084729195 0.0005227264604526274 0.9999799376979772 0.006312761566627803 -0.01271848939359188 0.012718146505949504 -0.006318899839838138 0.9998991550422809 0.0005227687652222812
0.9998869352914102 -0.0001003750470779724 -0.015036840040421589 -0.006765928119421005 0.00020208730484895827 0.9999771113326317 0.006762837538103312 -0.015036383643746376 0.015035817047055366 -0.00676511165432504 0.9998640694964651 0.00020211015362292528
0.9998588697137482 2.8150560127615764e-05 -0.0167999959015469 -0.007348580285906792 9.529175748838572e-05 0.9999730065297118 0.007346913053134518 -0.016800539568066597 0.01679974923107434 -0.007347477082327516 0.9998318773705396 9.53052076511085e-05
0.9998374819333994 0.00011907285940441149 -0.018027632754568004 -0.00789965782314539 2.333771144494151e-05 0.9999688009171465 0.007899154870986625 -0.0180289875715971 0.018028010883917405 -0.007898291839300475 0.9998062851420723 2.3341504856944084e-05
0.9998312188455425 0.00016761080937941316 -0.01837132897896341 -0.008556408807635307 -1.041223313667238e-05 0.999963392466218 0.008556495721844781 -0.018373124301433563 0.01837209061109058 -0.008554860260058379 0.9997946192356252 -1.0413990821689367e-05
0.9998423753800922 0.00011568652864661683 -0.017754182913381687 -0.009130450896918774 4.641241960359663e-05 0.9999583241702706 0.009129499902582196 -0.017755432054400444 0.017754499153229613 -0.009128884883217198 0.999800700750208 4.6419736463576555e-05
0.9998525874426489 -6.902897601287727e-05 -0.017169700615928592 -0.010264161974191666 0.00024521868731925084 0.9999473370956445 0.010259771104890632 -0.017168931663036346 0.01716808818813375 -0.010262469017240927 0.9997999492286618 0.0002452548360452056
0.9998531287328108 6.226926491135679e-05 -0.017138176266678462 -0.01178343128412962 0.00013965639394924878 0.9999305946285993 0.011780764906715913 -0.017138559371232986 0.017137720364760377 -0.01178142810674188 0.9997837248587641 0.0001396769075654447
0.999850096218335 0.0002594118089282084 -0.017312359680284183 -0.013297166675329208 -2.91859513087292e-05 0.9999115868355233 0.013297280182272822 -0.01731514371931553 0.0173142785112862 -0.013294781592000975 0.9997617038785065 -2.9190327040851116e-05
0.99983745308788 0.000607304121787457 -0.018019394674764346 -0.014407932758331299 -0.0003475713588821383 0.9998960568328026 0.014413699190812155 -0.018027251586318016 0.018026275180739657 -0.01440509326302312 0.9997337378978424 -0.00034762785071507096
0.9998089855946155 0.0011296525365120068 -0.01951195042563596 -0.015802327543497086 -0.0008210335131076988 0.9998745552951568 0.01581769822959855 -0.01952861249446869 0.01952737125770075 -0.01579865685617113 0.9996844923341088 -0.0008211901877075434
0.9997690820709353 0.0017586266645326434 -0.021417043850502464 -0.01632341369986534 -0.001408484710031396 0.9998652907100669 0.01635287754785792 -0.02144456095993519 0.021442917382230395 -0.016318935796442814 0.9996368808865599 -0.0014088090974837542
0.9997301440254835 0.0025231180631089924 -0.02309270451951269 -0.016224127262830734 -0.002147568724824564 0.9998652786665911 0.016273059501894463 -0.02313271537423134 0.02313065228993908 -0.016219074949566495 0.9996008776168728 -0.0021481451112776995
0.9997078300341443 0.0031817253536773602 -0.023961034873234626 -0.01637895032763481 -0.002788055551042374 0.999860882941973 0.016445105920681442 -0.024012332782149315 0.024010025295007523 -0.016373496458359057 0.9995776244489776 -0.002788863144814968
0.9996880248673217 0.003933090256265952 -0.02466543609809882 -0.0166022926568985 -0.0035219869903208964 0.999854533682551 0.016688531453924176 -0.024730006232857704 0.02472748560839417 -0.016596453702061535 0.9995564562244605 -0.0035230715293437243
0.9996522572855698 0.004741112789738335 -0.025940053072034456 -0.01621222496032715 -0.004318500242481739 0.9998574330812524 0.01632372714255615 -0.026016682386398315 0.026013747510127597 -0.016206028559888407 0.9995302144401615 -0.00431997561827302
0.9995769051568246 0.005619619641037969 -0.028538229661185043 -0.015192665159702301 -0.0051832917763041855 0.9998688962142199 0.01534026954520095 -0.028624603524804115 0.028620694671272023 -0.015185857185150356 0.9994749849686514 -0.0051854392513632774
0.999452687321114 0.006391844358243276 -0.032457204628609695 -0.013646356761455536 -0.005945189943614603 0.9998865585788079 0.013839244558948378 -0.032547727227211 0.03254198093444517 -0.01363870591837921 0.9993773087166499 -0.005948375444859266
0.9993458871608636 0.007095523678847298 -0.03546056060455646 -0.01144108735024929 -0.006685134743540063 0.9999094589546006 0.011678307522007684 -0.03554769977927208 0.03554021367588014 -0.011433609965395226 0.9993028398713936 -0.0066894106566905975
0.9993043030041179 0.0077248805578372355 -0.03648610992996237 -0.009979899041354656 -0.007355452872790483 0.9999204289749706 0.010248562413676677 -0.03657052665948868 0.036562375613331095 -0.00997306065749208 0.9992816073313026 -0.00736044067889452
0.9993092798067011 0.00807535171807722 -0.036273295781352674 -0.009245634078979492 -0.007734527464961027 0.9999247083210625 0.009526530004771343 -0.036355502903461456 0.03634749478445405 -0.009239393035659453 0.9992964991628994 -0.00773971900343895
0.9993158479292583 0.008232198789454212 -0.03605644159534404 -0.008679700084030628 -0.007913763909682611 0.9999284944083205 0.008965400776937757 -0.03613553196191788 0.03612766831957679 -0.008673924913222372 0.9993095389359548 -0.007919016294181347
0.9993103220269226 0.008358684338139286 -0.03618028035523879 -0.008844288066029549 -0.008033088422328218 0.9999260051683277 0.009135298490390787 -0.0362619087100029 0.036253962277899905 -0.008838358685006218 0.9993035242782383 -0.008038459345698357
0.9993053778063599 0.008304884875272287 -0.03632892476384323 -0.009585917927324772 -0.007950987617771901 0.9999196286099635 0.009875126146771681 -0.03641606494784355 0.03640801674343916 -0.009579415834020851 0.9992910942808849 -0.007956346496939659
0.9993032104338244 0.008056084167144015 -0.03644438399182317 -0.010396881029009819 -0.007671624640581727 0.9999135725087399 0.010676782670021737 -0.03653537482023239 0.03652724725496823 -0.010389755565014449 0.9992786464181417 -0.007676823064684868
0.9992971099141243 0.0079503570290025 -0.036634381943604244 -0.011219607666134834 -0.007533756984194857 0.9999055391654992 0.011495879777363518 -0.0367305763065815 0.03672231777790696 -0.011211804906610301 0.9992626115330017 -0.007538913283497095
0.9992730985683049 0.007986975512175224 -0.03727576558391082 -0.011768069118261337 -0.007542497172291288 0.9998989551635227 0.012049489586776466 -0.03737694025039673 0.03736823803853661 -0.011759578439033002 0.9992323689216795 -0.007547840476036072
0.9992203046787501 0.007994378263694087 -0.038663582786423185 -0.012020416557788849 -0.007523402405485221 0.9998959063329046 0.012311576460571514 -0.03876769170165062 0.0387579815515561 -0.012011095490267944 0.9991764370976594 -0.007529130671173334
0.9991704484585597 0.00797779266083779 -0.03993456837604997 -0.011671390384435654 -0.007505148752120855 0.9999001739597322 0.011971418358143658 -0.04003678262233734 0.040026087359736603 -0.011661772573577436 0.9991305797497707 -0.007511238567531109
0.9991489870556818 0.00785476615000648 -0.040492027787376275 -0.011209174990653992 -0.007394304620763952 0.9999064302171408 0.011508912615417363 -0.04058978334069252 0.04057863877436365 -0.011199707993634317 0.9991135774355571 -0.007400467526167631
0.9991518222684698 0.007551687789220862 -0.040479724173100994 -0.010696169920265675 -0.007112428678231147 0.9999143745957909 0.01098439051587573 -0.04057033732533455 0.04055920876808718 -0.010687164649350081 0.999119980330623 -0.00711834616959095
0.9991726710672774 0.007061145244229858 -0.040051387243416815 -0.010549782775342464 -0.006632880852069961 0.9999195095710595 0.010815695575133885 -0.04013530910015106 0.040124534687451335 -0.01054109135771136 0.9991390829654817 -0.00663827545940876
0.9991721191806445 0.006687716385280331 -0.04012917519224376 -0.01035245880484581 -0.00626686065423747 0.9999241361422332 0.010604169828381806 -0.0402078814804554 0.04019704851851824 -0.010343906890476427 0.9991382291157921 -0.006271970923990011
0.9991254710898972 0.0063593059979546885 -0.04132616902902335 -0.010009103454649448 -0.005940262062251626 0.9999297735479372 0.010254816380745137 -0.041400305926799774 0.04138848035411309 -0.010000359973291073 0.9990930819970588 -0.005945391487330198
0.9990909812376424 0.006396433919434159 -0.0421461367472642 -0.009577509015798569 -0.005987151932619768 0.9999337593841561 0.009830099470720565 -0.04221876338124275 0.042206222542896556 -0.009568828401787 0.9990630972574638 -0.005992527585476637
0.9991028083748682 0.006371996289873471 -0.041868555751699836 -0.009208845905959606 -0.005980906900838299 0.9999373711789806 0.009459517551809586 -0.041938502341508865 0.04192620958415944 -0.00920061861786084 0.9990783460604847 -0.005986206233501434
0.9991431218698356 0.006206831409233224 -0.040920621501345546 -0.008974097669124603 -0.00583445660646139 0.9999405373265693 0.009213084562700995 -0.04098684713244438 0.04097537231443231 -0.008966440481568829 0.9991199236371899 -0.005839393939822912
0.9991685535490418 0.005965476990562764 -0.04033131144645132 -0.008801637217402458 -0.005605692516707229 0.9999435347049287 0.009027935158236414 -0.04039387404918671 0.04038289006650864 -0.008794343982825257 0.9991455758315643 -0.005610298365354538
0.9991329343394448 0.0059214128881428015 -0.04121063440010018 -0.007864786311984062 -0.00559235479083966 0.9999515931095432 0.00809549291767471 -0.04126828908920288 0.0412565762775337 -0.007858009105039584 0.999117684062674 -0.005597149487584829
0.9990037427161429 0.006224507130119738 -0.04419024270272251 -0.006326793693006039 -0.005938984261237784 0.9999606522413833 0.006589570162938239 -0.0442439541220665 0.04422952074218305 -0.006320560099754177 0.999001401407897 -0.005944836884737015
0.9987586225121172 0.006712097935173642 -0.049357488783433164 -0.004850153345614672 -0.00646472898261025 0.9999657400745068 0.005169715313761073 -0.04941060021519661 0.04939049743502784 -0.0048442149573046855 0.9987677970101798 -0.006472673732787371
0.9986056240502279 0.007191428601407218 -0.05229809719220825 -0.003321786178275943 -0.007008053450729981 0.9999686391783376 0.0036888814911324773 -0.052346888929605484 0.05232298540877145 -0.003317229943005216 0.9986247048733666 -0.007017723750323057
0.9985056676908114 0.00803852258572941 -0.054053804158130846 -0.001791386166587472 -0.007930061075098416 0.9999660906628335 0.002220733175143542 -0.05409620329737663 0.054069822643245787 -0.001788764693494452 0.9985355550005215 -0.00794176198542118
0.9983645823397379 0.00908888524455028 -0.05644070246384276 0.0005180363077670336 -0.009103588863232157 0.9999585614705377 -3.4031951017787212e-06 -0.05646833777427673 0.05643833271288111 0.0005172105798392466 0.9984059530540701 -0.009118248708546162
0.9982395259216115 0.010458104665883393 -0.05838216281188779 0.0030712641309946775 -0.010619236121149173 0.9999406120025192 -0.0024503657340805758 -0.05838623642921448 0.05835306943083308 0.003066025900885966 0.9982912995579875 -0.010637562721967697
0.9981657193918883 0.011580643151686722 -0.05942293610271718 0.005795519798994064 -0.011903806451102655 0.9999162061775667 -0.0050872404539776764 -0.05939395725727081 0.059359043311436585 0.005785268157587129 0.9982199330054955 -0.011925116181373596
0.9981194427248736 0.01231466516496098 -0.06004937199057658 0.00958855077624321 -0.012866705479344672 0.999878363489964 -0.008815107188191706 -0.059969451278448105 0.059933512701121974 0.009571167457860292 0.9981564841290158 -0.012890233658254147
0.9980988945441961 0.01264995421883115 -0.060320604837112705 0.014279337599873543 -0.013485520447228944 0.9998183987278385 -0.013465151449880811 -0.06017562747001648 0.060139316989146124 0.014253007526916318 0.9980882297314785 -0.01351038459688425
0.9982009750313959 0.012906892668421426 -0.058551050955693344 0.018702829256653786 -0.013975825736535217 0.9997423898544618 -0.017883797780983205 -0.0583382286131382 0.05830514335247234 0.018669923667089517 0.9981242128156759 -0.014000099152326584
0.9983461852345127 0.01291780969405094 -0.05601807405118876 0.023329926654696465 -0.014198990219095509 0.9996452531884628 -0.022533451900055766 -0.05573597177863121 0.05570711897463568 0.023291585830131453 0.9981754449619883 -0.01422155275940895
0.9984141834077898 0.012711342509867178 -0.05484104431676331 0.02781829982995987 -0.014210682474827718 0.9995334207235893 -0.02703696285087989 -0.05449875444173813 0.054471780526764296 0.027773415853961474 0.9981289808927737 -0.014232292771339417
0.9984229119396306 0.012163635842041354 -0.054806339752723005 0.031885646283626556 -0.013884105795857016 0.9994191829918 -0.03112118690301655 -0.05442282184958458 0.054395960513977035 0.03183304307013777 0.9980118921378925 -0.013905140571296215
0.9984088167835686 0.011241174271395092 -0.05525821721549405 0.03650321438908577 -0.01323041815083135 0.9992726080169201 -0.0357660579686516 -0.05484345927834511 0.05481597034066578 0.03644023693752443 0.9978313076505209 -0.013250728137791157
0.9984301639549727 0.010040121070850274 -0.05510357224109024 0.04254991188645363 -0.012356497844962788 0.9990471428021411 -0.041858373354512805 -0.054658014327287674 0.05463080326934441 0.042473549742881464 0.9976028633210638 -0.012375294230878353
0.9984963755759836 0.0092270903271651 -0.054035624968334806 0.04940394312143326 -0.011867287751227789 0.9987407477996882 -0.048745114277730574 -0.05354338511824608 0.0535178049162496 0.049313076243667764 0.9973485173540553 -0.01188459899276495
0.998565195874923 0.008541486309887181 -0.05286390639079548 0.05610514432191849 -0.011476696304155263 0.9983942908767959 -0.05547184318699394 -0.05232908949255943 0.05230521034484965 0.055998954956662066 0.9970598186741569 -0.011492680758237839
0.9986230532308026 0.007591902243996002 -0.05190723048195792 0.06204013153910637 -0.010781325725240482 0.998052329665474 -0.06144355348550652 -0.05136223882436752 0.0513396588574151 0.06191857774236777 0.9967599155056178 -0.010795772075653076
0.9986939486711935 0.0065688120957270455 -0.05066801353112635 0.06891070306301117 -0.010029417659573402 0.9976109347113666 -0.06835081364346086 -0.050118960440158844 0.050097980687341184 0.0687697146421614 0.9963738849844903 -0.01004219613969326
0.9988178892613491 0.005398694698156618 -0.04830815859727657 0.0746864601969719 -0.008977994161907954 0.9972040199389189 -0.07418583583467303 -0.0477907732129097 0.04777258327045207 0.07453185032733593 0.9960736838078051 -0.008988377638161182
0.9989259927279974 0.004343330722978411 -0.04613021277444621 0.08067208528518677 -0.00803820863557148 0.9967450916439679 -0.08021601763730972 -0.0456475093960762 0.04563165846554201 0.08050066932572045 0.9957094927657338 -0.008046677336096764
0.9989838871687617 0.0034637196392471154 -0.04493546287122868 0.08711759001016617 -0.007353023716025686 0.9962091528419191 -0.0866790449659976 -0.044479552656412125 0.04446488748914632 0.0869213808003909 0.9952223607517724 -0.007360369898378849
0.998988599074088 0.0026694078140609354 -0.044884888124103295 0.09483489394187927 -0.006900867132012918 0.9955118525289401 -0.09438500679251963 -0.04444611817598343 0.04443148605231815 0.09459929035843717 0.9945234121481821 -0.006907743867486715
0.9989731171132179 0.0015005556701890256 -0.04528200103552883 0.10322941839694977 -0.006152496999528661 0.9946861961956728 -0.1027692457812857 -0.0449022576212883 0.04488717039168054 0.10294231117700915 0.9936740021273396 -0.006158743519335985
0.9989403188036629 0.00010230171614228605 -0.0460242219140683 0.1121002659201622 -0.00524469690918441 0.993736501178602 -0.11162553193441552 -0.04574047774076462 0.04572452977087158 0.11174862755161381 0.9926839938356835 -0.005250212270766497
0.9988623997432325 -0.0017355683490045178 -0.04765389996313551 0.12231674790382385 -0.004087124444740943 0.9925440390478246 -0.12181800344942248 -0.04752790927886963 0.04751001781691724 0.1218741906768461 0.9914078272103262 -0.004091756418347359
0.9987721522541938 -0.003926073772774055 -0.04938394300029332 0.13354197144508362 -0.002680841068077383 0.9911106227341507 -0.13301333239450672 -0.049487367272377014 0.04946717065583187 0.13298240277666276 0.9898831646103757 -0.00268413033336401
0.9986976375908229 -0.006274409170131157 -0.05063260273850458 0.14535437524318695 -0.0011240735695599194 0.989462328036165 -0.14478617978199015 -0.051029644906520844 0.051007500714303426 0.14465453047457014 0.988166636597321 -0.0011255389545112848
0.9986534953262503 -0.00892260741044492 -0.051103652997237306 0.1596461832523346 0.0006843298935155304 0.9872777085905663 -0.1590039553368332 -0.051895517855882645 0.05187222730189835 0.15875488401041363 0.9859544405486392 0.0006852524820715189
0.9985540372270555 -0.011651019971118993 -0.052479409973633415 0.1783515065908432 0.002152853641759718 0.9841146528885295 -0.17752102746234344 -0.053739920258522034 0.05371405736625441 0.1771513581763389 0.9827167426769187 0.002155967755243182
0.9984439224226637 -0.014206113570344367 -0.053925134348210675 0.2028905749320984 0.0030439980105341847 0.9794494569212575 -0.20166679303436558 -0.05571065843105316 0.05568184491697412 0.20118883585795772 0.9779686009646537 0.0030487326439470053
0.9983395265706475 -0.01663463549603998 -0.05514960188985228 0.23149871826171875 0.0035316991952373047 0.9732708715842162 -0.22963304994380535 -0.0575270876288414 0.057495363182518223 0.22905697856126042 0.9717135296911824 0.0035375584848225117
0.9982620700240906 -0.019275686048078854 -0.055689204327170456 0.2623879313468933 0.004163648195852351 0.9657013362727921 -0.25962201977999666 -0.058817438781261444 0.0587835315791644 0.2589389446342896 0.9641032721481457 0.004170872736722231
0.9981816195529226 -0.021944277729438133 -0.05614181206229234 0.29513102769851685 0.004657362051962631 0.9566720648848094 -0.29113033034665403 -0.06013418361544609 0.06009794809659816 0.29033947190137316 0.9550346735541125 0.004665812477469444
0.9981127383908543 -0.024768464174986946 -0.05619149975149651 0.32847777009010315 0.005306725614479347 0.9464162054711265 -0.32290587589092745 -0.06121665611863136 0.0611784285934403 0.3219982751569437 0.9447615099435362 0.0053167096339166164
0.9981245283635309 -0.027099147643117192 -0.05489136613435291 0.36342859268188477 0.005805480798456837 0.9345417113678555 -0.3558062479866516 -0.06097809970378876 0.060940317293051556 0.3548202726883801 0.9329463284763844 0.005816323682665825
0.9981794855654877 -0.029129303243189623 -0.05281286101684246 0.4002334177494049 0.0062383103282876275 0.9208060084280902 -0.38997099677665215 -0.06002602353692055 0.059989983167742233 0.38893158593163135 0.9193113854316393 0.006249606609344482
0.9982390837623101 -0.03115344696082908 -0.05047964334107953 0.4388391971588135 0.006741536839898621 0.9050557360429287 -0.42523953994993074 -0.058968737721443176 0.0589345682127228 0.4241504183638763 0.9036720308116926 0.006753326393663883
0.9982829426325666 -0.03309849547495352 -0.048328625535580545 0.4787239730358124 0.007103204167866825 0.8873704019690761 -0.46100250997124725 -0.05817669257521629 0.058143881358346604 0.45986765412076425 0.8860818414537406 0.007115301676094532
0.9983249091353104 -0.03486659020581426 -0.04617030092380074 0.5192992687225342 0.007344879909154691 0.8679341213821608 -0.49662502321137303 -0.057419948279857635 0.0573884007365129 0.4954540158561605 0.8667363437821844 0.007357071153819561
0.9983607958322271 -0.03659421856053126 -0.04400664169402166 0.5609635710716248 0.007562058824109127 0.8464899897241128 -0.5323509298979501 -0.05676262453198433 0.056732147954952745 0.531145517221802 0.8453791474383561 0.00757433008402586
0.9984029479065073 -0.03844104093436935 -0.04139855049972415 0.6043034195899963 0.008098170957614524 0.8226133554192061 -0.568543478647936 -0.05593957379460335 0.05591040367174359 0.5673002325557754 0.8216109011590741 0.008110946975648403
0.998446546298691 -0.04023465482552297 -0.03854434764380897 0.6481271982192993 0.00879335429027772 0.7968923649147379 -0.6040573115697895 -0.05504753068089485 0.05501973377381461 0.6027800023986091 0.7960082270955441 0.008806807920336723
0.9984882772812914 -0.04202096640300531 -0.035431603328052154 0.6929877996444702 0.009679163816454246 0.7689695328860854 -0.6392121488838975 -0.05413256958127022 0.05410613569322042 0.6379028890634633 0.7682137919907671 0.009693514555692673
0.9985402705694187 -0.04356126449392796 -0.03193343524962435 0.7389297485351562 0.010677965194791411 0.7387662305451607 -0.6738771680843575 -0.05297105386853218 0.052946285143064785 0.6725525056393624 0.7381529774022216 0.010693167336285114
0.9986141093841622 -0.04468325193960637 -0.027807688414864994 0.7862629294395447 0.01187285695820455 0.7060137128038543 -0.7080986319719639 -0.05129525065422058 0.051272758912765434 0.7067871280159382 0.705565772883333 0.011888774111866951
0.9986848324199435 -0.045383744800625826 -0.023852069139195305 0.8323185443878174 0.01289628739084497 0.6726330919327378 -0.7398637776027002 -0.049641866236925125 0.0496214798840383 0.7385831296102536 0.6723337485127764 0.012912552803754807
0.9986950731133712 -0.04666224650316249 -0.02075537738409243 0.8784864544868469 0.013791657055744245 0.6377334346600685 -0.7701336614590539 -0.0491924025118351 0.049172564858208645 0.7688424422909743 0.6375447888559008 0.013808799907565117
0.9986377675748137 -0.04867155005187382 -0.0188066315096604 0.9247440099716187 0.014267698899225622 0.6014050751873774 -0.7988168552972489 -0.05021115392446518 0.05019005819196911 0.7974603537194891 0.6012802527143843 0.014286189340054989
0.9985955541694517 -0.05029053832565232 -0.01666676177071398 0.970018208026886 0.014661079600878368 0.5646070818700496 -0.8252296018970258 -0.05093343183398247 0.050911412649251316 0.8238262589023873 0.5645514353935827 0.014680644497275352
0.9986053251183483 -0.05096361827315303 -0.013788192694697679 1.0135138034820557 0.015232256237878748 0.5281659922831257 -0.849004512924098 -0.05057235062122345 0.05055079638523389 0.8476104023713309 0.5282056633326919 0.015252347104251385
0.9986156849725553 -0.051504058264274594 -0.010679218562440203 1.0558098554611206 0.016052643574958482 0.4917587831310527 -0.8705834893034219 -0.05011115223169327 0.050090182282055085 0.8692068978072921 0.4919048103476668 0.01607351191341877
0.9985696588780539 -0.05290029247150701 -0.007758571040851739 1.097454309463501 0.017187721857122414 0.45502037256462236 -0.8903151367737799 -0.050649892538785934 0.05062823901272017 0.8889083302611025 0.45527877372758063 0.017210641875863075
0.9985272121571062 -0.05408954141741105 -0.004210473965195173 1.1399344205856323 0.018740718776974686 0.41671247182926135 -0.908845147030928 -0.050935596227645874 0.05091357423595166 0.9074277036388085 0.41711241965124823 0.01876615732908249
0.9985047431087245 -0.05466179324502642 -0.0006052673938416082 1.1808596849441528 0.020192640971013337 0.3791021169034527 -0.9251344995242241 -0.05082084238529205 0.050798968887132125 0.9237389638412785 0.37963902781648423 0.02022012323141098
0.9984744620878963 -0.055113237162963596 0.0033585186772141923 1.2210440635681152 0.02201229137989385 0.34153331896669964 -0.9396118619216114 -0.0506596714258194 0.050638005356578954 0.9382523770953152 0.34222546557568967 0.022042352706193924
0.9983945081845695 -0.05626408019429155 0.006539060083967145 1.2566051483154297 0.02357588499087893 0.3078048889976426 -0.9511573623518064 -0.051526036113500595 0.05150323944945844 0.9497844511198524 0.30863718625138564 0.023609409108757973
0.9982473022897478 -0.05843778121095523 0.00934607930532368 1.2859370708465576 0.025355439205528178 0.2796287019548939 -0.95977335384231 -0.05349911004304886 0.05347359323942646 0.9583281352283056 0.28062031297805706 0.02539449743926525
0.998071404650275 -0.06096757185937701 0.011680171274369792 1.3085638284683228 0.027043626164132594 0.25768055013375774 -0.9658516326883019 -0.055904991924762726 0.055875875861784545 0.9643047699064522 0.2588323728445551 0.027089254930615425
0.9979820774255018 -0.061973002605186484 0.013824618822129682 1.3258864879608154 0.028392700768684078 0.24080382465946829 -0.9701584265327142 -0.0568251870572567 0.056794609608127426 0.9685932402084322 0.24207748210436839 0.028442438691854477
0.9979081607783105 -0.06283592208301378 0.015197024314877773 1.3391257524490356 0.029169722841333734 0.2278651089543204 -0.9732556803793109 -0.05772459879517555 0.05769254649787387 0.9716630789616394 0.22922135821379636 0.029222548007965088
0.9978769472900364 -0.06307279785790179 0.016230226045688422 1.3498320579528809 0.029609371099621477 0.21739549282768283 -0.9756344012186602 -0.05804019421339035 0.05800761338137249 0.9740436447452369 0.2188014966155672 0.02966366335749626
0.9978863196350882 -0.0625302748192817 0.01768778720370498 1.3585922718048096 0.03041057654901729 0.2088071951565335 -0.9774838884016543 -0.057460613548755646 0.05742899893864425 0.9759556957064631 0.2102674251971017 0.030465561896562576
0.997900719823069 -0.06184033547909047 0.019233467821328808 1.3659998178482056 0.03135741123926194 0.20152507420695 -0.9789812854320838 -0.0566948726773262 0.05666450508892101 0.9775292411860204 0.2030411694443046 0.031413041055202484
0.9978897060902723 -0.061738552668828904 0.02011182720262524 1.3715516328811646 0.03188266431474454 0.19605746974203275 -0.9800739585738135 -0.05659548193216324 0.056565273757521344 0.97864693310341 0.19761212040769796 0.031939223408699036
0.9978184176875292 -0.06283463141194574 0.020253750736111253 1.3761953115463257 0.03196864801196721 0.19146118770631276 -0.9809794183092605 -0.057793840765953064 0.05776167300072385 0.9794868159895839 0.1930522375802582 0.03202758729457855
0.997431935236163 -0.0689759257663726 0.019283574246351902 1.3799749612808228 0.03195006148997993 0.1875532365089592 -0.981734677520256 -0.0641433373093605 0.0640993614775468 0.9798296306703969 0.18927537272050085 0.03202137351036072
0.9969010887723255 -0.07658425700962007 0.01797416987892525 1.3828237056732178 0.03188590382929336 0.18451362661924084 -0.9823125830044144 -0.07197532802820206 0.07191320005076299 0.9798416061640269 0.18638379352389817 0.03197412192821503
0.9965785951143623 -0.08081519569245708 0.017320736274007847 1.3842591047286987 0.03191487065377141 0.18296432043076843 -0.982601393485914 -0.07631409913301468 0.07624004716051078 0.97979230533542 0.18491753192833324 0.03201349824666977
0.9965350533692333 -0.08129108762515416 0.017596774678868294 1.383892297744751 0.032300343853296706 0.1832804609864714 -0.9825298776157116 -0.07672102004289627 0.07664577740057275 0.9796938458994758 0.1852711340531919 0.03240130841732025
0.9970177651561756 -0.07465879442373212 0.01953561819292931 1.3812354803085327 0.03317263408031498 0.18604785672334262 -0.981980535121152 -0.06973543018102646 0.0696789230051565 0.9797000864672032 0.18796964719069936 0.03325958922505379
0.9975955801387298 -0.0656955658546902 0.022071500055573068 1.3764843940734863 0.03427903213127235 0.19094801432619726 -0.981001429041276 -0.06026941537857056 0.06023293487631412 0.9793992793809451 0.19274087554089628 0.03434813767671585
0.9977968622270287 -0.0621910723216538 0.02310178030755909 1.3722697496414185 0.03485799098881624 0.19517273579796685 -0.9801492354051808 -0.05647771432995796 0.056447694320667374 0.9787951132512972 0.19691059921004925 0.03492075577378273
0.997691282878271 -0.06404032761552489 0.022603993178331696 1.368282675743103 0.034963226991456556 0.19901147461169982 -0.979373271909756 -0.05825387313961983 0.05822093117645671 0.9779024846127414 0.20079106992387208 0.03502979874610901
0.9971331498077405 -0.07281596535949354 0.02057466265238149 1.3632144927978516 0.035060833269673346 0.20366128505652087 -0.9784134192352243 -0.06710420548915863 0.0670538554069073 0.9763298193530153 0.20563040708314026 0.035147156566381454
0.9968036921815557 -0.07750307200618253 0.019382287863481514 1.3591957092285156 0.035136785253520667 0.20742358477847778 -0.9776199991815293 -0.07180991023778915 0.07174820956139846 0.9751762560210591 0.20948380395028998 0.03523486480116844
0.9969671482912658 -0.07507825943113856 0.020488049901642554 1.3549566268920898 0.03600600055852818 0.21159585593529268 -0.9766937911519609 -0.06904813647270203 0.06899328338150613 0.9744693164547571 0.21365738493306913 0.03609984368085861
0.9972271796366666 -0.07103950853846955 0.022166199956515947 1.3504420518875122 0.03708028349105623 0.21608490527058538 -0.9756702138993611 -0.06456620246171951 0.06452135127322146 0.9737867846406701 0.2181199057607139 0.03716626390814781
0.9972932011618543 -0.07006131265718961 0.02230881854991071 1.347071886062622 0.03722177578717235 0.21940236157219095 -0.9749241730225973 -0.06345243006944656 0.0634098598294523 0.9731156232459209 0.2214162899858818 0.03730548545718193
0.9971291209095393 -0.07265206877031873 0.0213352557416688 1.3448959589004517 0.03698508762171153 0.22144318927803616 -0.9744716605504677 -0.06612100452184677 0.06607283502154161 0.9724631565389842 0.22349449578558175 0.03707457706332207
0.9968997332768609 -0.0759334281302168 0.020616408147801676 1.3424818515777588 0.037178157343040405 0.22366155955618403 -0.9739575408576453 -0.06940053403377533 0.06934483693181256 0.9717044927699412 0.22579121400446822 0.0372765026986599
0.9967822778266903 -0.07740730108582732 0.020813465575028636 1.3402782678604126 0.037854236832596116 0.22570695623642925 -0.973459514648816 -0.07071404904127121 0.07065512978161283 0.9711150702388954 0.22791088826655204 0.03795819357037544
0.9968114919041817 -0.07688804899111931 0.021332546263836797 1.3375675678253174 0.038431035346856164 0.2283274303110957 -0.9728255959264746 -0.06998497247695923 0.0699278566089952 0.9705435654775477 0.23055429377957992 0.03853487968444824
0.9968186303822251 -0.0768483668257239 0.0211411125327846 1.334145426750183 0.03847476666603977 0.23165660415465486 -0.9720364756949852 -0.06985874474048615 0.06980193731479577 0.9697574677555995 0.2338763418547263 0.03857840970158577
0.996797818447053 -0.07727940517290952 0.020542703700276235 1.331504464149475 0.03817913286741445 0.23422857697042646 -0.9714315866513201 -0.07031790167093277 0.07025996692774891 0.969105188958624 0.23642899522009 0.03828306868672371
0.9966566629392896 -0.07925417272373116 0.019856291813839216 1.3290293216705322 0.03815375548138008 0.23655999444920822 -0.9708674780673506 -0.07231109589338303 0.07224809451733942 0.9683791329495217 0.23879293897966503 0.03826306015253067
0.9965809910990249 -0.08021665391504375 0.01978930556536823 1.32668936252594 0.03848690272860129 0.23877214235719624 -0.9703126415503995 -0.07317538559436798 0.07311009847103613 0.9677567630705709 0.24104306883361423 0.038599759340286255
0.9965398957039628 -0.08069699497235013 0.019905558840870582 1.3243207931518555 0.03888769570431923 0.24102421246474653 -0.9697396950360221 -0.07352358102798462 0.0734573576515187 0.9671583758662183 0.243328363736486 0.039002928882837296
0.9965031089453589 -0.08114241619142645 0.019936452965651316 1.322024941444397 0.03919391775130016 0.24321227142199656 -0.9691809056316871 -0.07386002689599991 0.07379289039967611 0.9665731732902431 0.24554207379203052 0.03931119292974472
0.996439427179575 -0.08195228900313638 0.019806319425546948 1.3194319009780884 0.03945754487487831 0.2456754769120158 -0.9685487402276152 -0.07457797229290009 0.07450885930201423 0.9658816606454437 0.2480343676072182 0.03957786038517952
0.9963657563181124 -0.08286122312092477 0.01973061934000173 1.3171371221542358 0.0397797743768598 0.24783944530863355 -0.9679840798792275 -0.07538971304893494 0.07531831906755392 0.9652510694384199 0.2502349371307392 0.0399036779999733
0.996323625996358 -0.08340759242589887 0.01955519898095109 1.3150339126586914 0.0399046333275318 0.24984529511303524 -0.9674631511064778 -0.07588079571723938 0.07580799773417507 0.9646867377732501 0.2522551197576371 0.04003048315644264
0.9963277926447678 -0.08339828087594545 0.019381856220227714 1.3125873804092407 0.039920005056695504 0.2522126371982197 -0.9668480639861635 -0.07581773400306702 0.0757451173335818 0.964071321212521 0.25461571989110526 0.04004571959376335
0.9963249605886445 -0.08343673155017987 0.019361940405316462 1.3100049495697021 0.04010564448590855 0.2546954386415993 -0.9661893038196672 -0.07575672119855881 0.07568427966497217 0.963415043147753 0.2571057067593167 0.0402318574488163
0.9963088038043787 -0.08368741127006377 0.019109805252883763 1.3078988790512085 0.04008587103699498 0.25672268404105747 -0.9656534504893362 -0.07598020136356354 0.07590711695943503 0.9628550673355105 0.25912975302198715 0.04021269455552101
0.9963023673745394 -0.08381751533938485 0.018873708862341472 1.3059542179107666 0.040039280659025206 0.2585997290608794 -0.9651544105136483 -0.07608950883150101 0.07601610860992722 0.9623413138029416 0.2609995152865844 0.04016626626253128
0.9962887790147399 -0.08404642041202157 0.018570622640199617 1.303999900817871 0.03995519239230715 0.260483889246288 -0.9646510903140167 -0.07631216943264008 0.07623812307640246 0.9618130497446233 0.26287526686764207 0.040082547813653946
0.9963148902936855 -0.08374515076355564 0.018530760984667712 1.301727533340454 0.04001065318915997 0.262685030829258 -0.9640517217502433 -0.07593987137079239 0.07586690326129246 0.961240513244121 0.2650677058559201 0.04013707488775253
0.9964172547183705 -0.08242018434161735 0.018962270765907334 1.2989016771316528 0.04028833230168178 0.26544388835768085 -0.9632841701252566 -0.07442934066057205 0.07436063999089192 0.9605969265756833 0.2678134422942509 0.04041118174791336
0.9964979067968203 -0.08135332904357746 0.019327638321408786 1.2960093021392822 0.04056821660112216 0.2682547634021576 -0.9624934294393166 -0.0731826201081276 0.07311731362242604 0.9599067755597831 0.27061566969238854 0.040688320994377136
0.9965537774917426 -0.08068231439910595 0.019259613447375395 1.293702244758606 0.040490013355355695 0.2705093169701377 -0.961865514638524 -0.07245901972055435 0.07239563098296485 0.9593305340577634 0.27284390966086264 0.040607698261737823
0.9965024832058469 -0.08144128488346296 0.018711442518187207 1.291834831237793 0.04030513832857499 0.2722885565905888 -0.9613711238507885 -0.0732659175992012 0.07320038790126206 0.9587628794787292 0.2746187250439424 0.040424566715955734
0.9964814075159389 -0.08171280883002187 0.018649969119589736 1.290064811706543 0.040449689123019786 0.2739698405270364 -0.9608872718125895 -0.07347335666418076 0.07340726888329523 0.9582606865330011 0.27631111001984165 0.04057024419307709
0.9964739474006495 -0.08181856859957613 0.01858477828988435 1.2881050109863281 0.04055983432960715 0.2758418320141585 -0.960346907919335 -0.0735139474272728 0.07344775007393028 0.9577144697368779 0.2781877467928598 0.0406809002161026
0.9964507715085973 -0.08217883810505675 0.018234542155594596 1.2866202592849731 0.04043276223618378 0.2772628204393741 -0.9599429775460392 -0.07389847934246063 0.07383123795436126 0.9572731934874736 0.2796014687594116 0.040554530918598175
0.9961949012301664 -0.08545754276791315 0.01710927079361207 1.284808874130249 0.040401340366471306 0.27887104993403566 -0.9594783318060295 -0.07730033993721008 0.0772233802653794 0.9565186594587473 0.2812625173172382 0.04053344577550888
0.995996025447991 -0.0878461435397952 0.01658229046273329 1.283326506614685 0.040679049222676456 0.2801752990753797 -0.9590865533112016 -0.07969042658805847 0.07960610683951215 0.9559209469685279 0.282626981904858 0.04081989452242851
0.9959751722512566 -0.08807636795587712 0.01661353865919531 1.2816789150238037 0.04090443698345138 0.281729452395281 -0.9586215847184549 -0.0798361673951149 0.07975138427730574 0.955442865408893 0.2841982541204247 0.04104666784405708
0.9965100714515198 -0.08126649416005141 0.019063956111500125 1.2790311574935913 0.04152473107503996 0.2845064776766335 -0.9577743788957713 -0.07247457653284073 0.07241114696531525 0.9552234403986167 0.28688813971336974 0.04164606332778931
0.9967825866567354 -0.07742218255772966 0.02074320577696365 1.2757155895233154 0.0422639939140924 0.2877956635967073 -0.9567588049416428 -0.06815730780363083 0.06810455018820283 0.954557207119054 0.29014187664095314 0.04237503185868263
0.996862878224324 -0.07617401402597833 0.021492361561418274 1.2727317810058594 0.04281958269576711 0.2906694374323181 -0.9558649284708276 -0.06661415100097656 0.06656489582412815 0.9537865577423231 0.29301931150347954 0.04292794689536095
0.9966600384208466 -0.07897703931353417 0.020770052388597204 1.2705432176589966 0.043095188483316595 0.29262342404889335 -0.9552561627267783 -0.06942124664783478 0.06936549967054234 0.9529607331675162 0.29504960345048076 0.04321268945932388
0.9964041223649593 -0.0823668935799529 0.019862521896876775 1.2691317796707153 0.04332231659204794 0.29380949180087274 -0.9548817515340898 -0.07287934422492981 0.07281484614564233 0.9523086040615728 0.29632131346071755 0.04345129430294037
0.9961297789791351 -0.08583726148006608 0.01890576559101186 1.2684448957443237 0.043480170822266365 0.29430259934095165 -0.9547227109304701 -0.07646124809980392 0.07638676702313078 0.9518497489429528 0.2968958020265559 0.04362141340970993
0.9956632675117907 -0.09138765537266563 0.017405578796217562 1.2681328058242798 0.043705633678765086 0.29433918688229505 -0.9547011368225173 -0.08221735060214996 0.08212475456573393 0.9513215752367632 0.2970568719564684 0.04386783763766289
