1.0 0.0 0.0 0.0 0.0 1.0 0.0 0.0 0.0 0.0 1.0 0.0
0.9999992750665383 -0.0005429814445152696 -0.0010747267321621961 -0.0009680486982688308 0.0005440212638726249 0.9999993840269318 0.0009674640157054195 -0.0010742009617388248 0.0010742007551507089 -0.0009680479885535301 0.9999989544873682 0.0005440216045826674
0.9999982384076536 -0.001489806610652847 -0.0011417783728424414 -0.002320026746019721 0.0014924505882419256 0.9999961989771723 0.002318323197776895 -0.0011383204255253077 0.001138320179691104 -0.0023200231616406835 0.9999966608542741 0.001492452109232545
0.9999962727624704 -0.002628308197831299 -0.0007392274238163459 -0.003703243564814329 0.0026310270084073306 0.9999896889733944 0.003701302983396456 -0.000729491701349616 0.000729491636648793 -0.003703234115078484 0.9999928769241514 0.0026310307439416647
0.999993418759965 -0.0035682333997319846 -0.0006558560530772756 -0.005180681124329567 0.003571582555540373 0.9999802140565153 0.005178348533550703 -0.0006373655633069575 0.0006373655201536065 -0.005180656897634135 0.9999863771868609 0.0035715908743441105
0.9999909993725268 -0.004113936117554872 -0.0010376432700496179 -0.006446136627346277 0.004120537282977142 0.9999707613076602 0.006441871023096601 -0.0010111116571351886 0.001011111484850739 -0.0064460886899959605 0.9999787125705056 0.00412055104970932
0.9999869815314119 -0.004577191833015342 -0.002255234493221023 -0.007830222137272358 0.004594699005417543 0.9999588683997218 0.007819862517804532 -0.002219350542873144 0.0022193487209655168 -0.007830122838852966 0.9999668812853669 0.004594726487994194
0.9999821961863385 -0.005065588858462296 -0.003153905493854773 -0.00937663298100233 0.005094914173578115 0.9999432093816543 0.009360548118620377 -0.0031063146889209747 0.0031063096933527895 -0.00937645034296867 0.9999512153195548 0.005094960797578096
0.999978312976762 -0.0057258072095205245 -0.0032540294941111334 -0.011806424707174301 0.005763796453039031 0.9999139119739567 0.011787590567472642 -0.0031862612813711166 0.003186255890081188 -0.011806090493378328 0.9999252292049967 0.005763857625424862
0.9999750866396696 -0.006400274690511894 -0.002977009215887529 -0.014653986319899559 0.006443184222156593 0.9998721489890827 0.01463458414280953 -0.002882967237383127 0.002882963243754377 -0.014653400964950516 0.9998884769628539 0.006443255580961704
0.9999741471597827 -0.006665779967990132 -0.0026967368213216105 -0.01758274808526039 0.006712140897295989 0.9998232085027513 0.017564136865748516 -0.0025791842490434647 0.0025791813895065397 -0.01758178366043221 0.9998421018874319 0.00671221362426877
0.9999716942843013 -0.00697663340895121 -0.0028173065968984407 -0.02083306573331356 0.007033783265726111 0.9997586587981426 0.02081225723245028 -0.002671430353075266 0.002671427175614746 -0.020831484450609693 0.9997794320411025 0.007033866364508867
0.9999653453171028 -0.007478245910385786 -0.003658415360674384 -0.02409520372748375 0.007564171162296829 0.9996817575422192 0.024065887723643483 -0.0034772874787449837 0.00347728047112928 -0.024092726607906696 0.9997036806199734 0.007564289029687643
0.9999526014933117 -0.007611992601106569 -0.006070612440183645 -0.026057317852973938 0.007767440672447306 0.9996315575288927 0.026007999880041648 -0.005870436783879995 0.005870403066078592 -0.026053920261659928 0.9996433021867555 0.007767652627080679
0.9999359540973289 -0.007845718214477089 -0.00815674010640884 -0.02771078422665596 0.008068452712201142 0.9995853150325417 0.027642323385079222 -0.007936567068099976 0.007936483748830466 -0.027706365279360375 0.9995845984951505 0.008068794384598732
0.9999258347340361 -0.008335562184303312 -0.008879382552445171 -0.029783733189105988 0.008595967468517141 0.9995217736080516 0.02970409780981205 -0.008627642877399921 0.00862753584294207 -0.029778221681059105 0.9995192960312435 0.008596393279731274
0.9999190622858782 -0.009127312794889451 -0.008863466504373098 -0.0321526937186718 0.009407185397460315 0.9994415082787611 0.0320651897292501 -0.008565952070057392 0.008565847315222586 -0.03214597471876136 0.9994464780913248 0.009407669305801392
0.9999116365483727 -0.009738034200830097 -0.009049297489783415 -0.03419778496026993 0.010041365068218495 0.9993679136042597 0.03410196835720376 -0.008711601607501507 0.00871149141777104 -0.034189822289278256 0.9993773891624252 0.010041914880275726
0.9998897106573992 -0.009989276617980844 -0.010990035218866457 -0.03593667969107628 0.010377101639249634 0.9993044936212231 0.035816822723400546 -0.010624807327985764 0.010624607429507523 -0.03592691722205345 0.999297940724331 0.010377873666584492
0.9998472642086847 -0.010207157513366238 -0.014186690590338932 -0.03767523169517517 0.010733253530411857 0.9992383760762814 0.0375161971032238 -0.013793389312922955 0.013792951934251839 -0.037662736384035715 0.9991953126216145 0.010734480805695057
0.9998095353786692 -0.010831484431680123 -0.016234897933022793 -0.03890060633420944 0.011453247859549029 0.9991849491599006 0.038707369915745984 -0.01580306515097618 0.015802407391189873 -0.038885939841193665 0.9991186954528024 0.011454928666353226
0.9998013762780428 -0.012277618785107844 -0.01569930156086891 -0.04023684188723564 0.0128977122278927 0.9991153605685432 0.04002680720812522 -0.015194564126431942 0.015193979459575463 -0.040221342008410474 0.9990752657508966 0.012899558991193771
0.9998017483399961 -0.013685711192337628 -0.014462549064639358 -0.041806403547525406 0.014276828896586144 0.9990326723498935 0.04159196718223156 -0.013879789039492607 0.013879343390260906 -0.041790200844099186 0.9990300010212231 0.01427868939936161
0.9998032488006745 -0.014458808620385125 -0.01357963699425256 -0.043626315891742706 0.015036034492547562 0.9989440489519218 0.043413186133701445 -0.012937955558300018 0.012937594612427612 -0.04360882842750496 0.9989649086573686 0.015037859790027142
0.9997958296308572 -0.015010890183362121 -0.013526722760854355 -0.0451943576335907 0.015605400338906601 0.998866292252311 0.044973344131644485 -0.012836650013923645 0.012836297480520864 -0.045175251831328075 0.9988966043034524 0.0156073197722435
0.9997899768120552 -0.01574367977785421 -0.013120168184998478 -0.04684866964817047 0.01633959316131156 0.998778894222443 0.0466233648626587 -0.012370439246296883 0.0123701237452615 -0.046827951085288394 0.9988263728174586 0.016341570764780045
0.9997783535813071 -0.016084308555565655 -0.013584503249675263 -0.048189178109169006 0.016718640571924064 0.9987098052130227 0.04795009936166232 -0.012796081602573395 0.012795732400995845 -0.04816658582104229 0.998757352534972 0.016720788553357124
0.9997669611051593 -0.01622803655884256 -0.01423637285265028 -0.04910004884004593 0.016905681277848788 0.9986632099385704 0.048846607412619474 -0.013425060547888279 0.013424657280042636 -0.04907589983521085 0.9987048285816373 0.016908010467886925
0.9997509644761718 -0.016361094523997165 -0.015176416406419141 -0.05014277249574661 0.017099440997459615 0.9986093530650808 0.0498695206365107 -0.014339882880449295 0.014339391428460116 -0.05011660959121037 0.9986404294322074 0.017102032899856567
0.9997323743994185 -0.016497435231722556 -0.016217712800395065 -0.05098472908139229 0.01730045459740462 0.99856459792418 0.050689624611393765 -0.015358788892626762 0.015358185062829524 -0.05095663257414087 0.9985827696031411 0.017303358763456345
0.9997174263229011 -0.016714400307320732 -0.016902553910029858 -0.051755279302597046 0.017564171913630997 0.9985214556090077 0.05144319734869487 -0.016018405556678772 0.01601772054017815 -0.05172554021791351 0.9985328743300652 0.017567329108715057
0.9997042693706816 -0.016759477306519045 -0.01762083205878517 -0.05235278606414795 0.017656124400121806 0.9984896466891915 0.0520258274865549 -0.01672307215631008 0.016722292701632196 -0.05232155745871505 0.9984902701338132 0.017659511417150497
0.9996912388644674 -0.017034432722803305 -0.01809019180215582 -0.05306605249643326 0.017967331210635488 0.9984474414313693 0.05272458352912444 -0.017164815217256546 0.01716397234890052 -0.05303333669461676 0.9984452229602993 0.017970945686101913
0.9996773402490202 -0.017601737307487396 -0.01831377176889015 -0.053943511098623276 0.018560772585382402 0.9983906910960517 0.05358661823423967 -0.01734195090830326 0.017341081675561896 -0.05390924574232733 0.9983952524475539 0.018564630299806595
0.9996609480947017 -0.01843829647165747 -0.018385267950868707 -0.05526333674788475 0.019422740874623076 0.9983035701476815 0.05488842288962626 -0.01734289899468422 0.01734202961937334 -0.05522690516058696 0.9983232156746953 0.01942688412964344
0.9996404747060207 -0.019374683165316955 -0.018534912510317622 -0.05685177072882652 0.020393465363686254 0.9981968527770653 0.05645484635017668 -0.017408575862646103 0.01740769657311598 -0.056812540501244194 0.9982330926901858 0.0203979704529047
0.9996110967687333 -0.020362600941650776 -0.019053075859328205 -0.05862050876021385 0.021440476302216394 0.9980751606022698 0.0581917499710008 -0.01783241145312786 0.01783146636551042 -0.058577626032850265 0.9981235898102054 0.02144552953541279
0.9995821704375109 -0.021387459501629794 -0.019443793855658434 -0.060523685067892075 0.02252069308733148 0.9979404450614124 0.060064019957844106 -0.01812012307345867 0.01811913149964466 -0.0604768111485404 0.9980051364532161 0.022526295855641365
0.999546042284078 -0.02220098867895743 -0.0203672643207931 -0.061924926936626434 0.02341466119504663 0.9978370083952387 0.06142522542051843 -0.01896064542233944 0.018959509364891932 -0.061874233559027866 0.9979038612141579 0.023421011865139008
0.9995113844899886 -0.02288935746393229 -0.021285431397901018 -0.06280211359262466 0.02417537846538164 0.9977668568547144 0.06226435929421792 -0.019814003258943558 0.01981270680553228 -0.062748519322389 0.9978326913725997 0.024182481691241264
0.9994713279985498 -0.02372269296394753 -0.022232821398861326 -0.06342919170856476 0.025078882089254458 0.9977079152927903 0.06284875046703357 -0.02069239690899849 0.02069092027843768 -0.06337309839870903 0.9977753936720323 0.025086883455514908
0.9994296851335916 -0.024613011558649475 -0.023119345487788805 -0.06398847699165344 0.026034979337147438 0.9976508161043725 0.06336425630585356 -0.021507106721401215 0.021505448720830243 -0.06393003041054636 0.997722640259818 0.02604394592344761
0.9993920548797818 -0.025919771612794056 -0.023317077061840503 -0.06461170315742493 0.027364807559273174 0.997577688642619 0.06395250135603538 -0.021604642271995544 0.021602961612037338 -0.06455168907155225 0.9976805057169346 0.027374614030122757
0.9993530923323791 -0.027106997330616445 -0.023634879763378264 -0.06501925736665726 0.028578546243337843 0.9975197607226194 0.06432412970655504 -0.02183436043560505 0.021832625594023148 -0.06495796843810826 0.9976491361175356 0.02858925424516201
0.9993135303298769 -0.02821579424349107 -0.02400702094902988 -0.06539307534694672 0.02971698712257729 0.9974646842429628 0.06466145965289821 -0.022123485803604126 0.022121681129488303 -0.06533048785441437 0.9976184433843981 0.029728639870882034
0.99927572820569 -0.029400439452818363 -0.024158501173894287 -0.06555464118719101 0.03091224278969943 0.9974199059605455 0.06479170038953502 -0.02219308726489544 0.022191265504665696 -0.06549156704216016 0.9976063363780643 0.030924785882234573
0.9992394150321303 -0.03061115537398863 -0.024156750876629825 -0.06562532484531403 0.03212156639449461 0.9973788422332645 0.06483556152141262 -0.02211054228246212 0.022108740773958694 -0.06556220124509497 0.9976035291383484 0.032134950160980225
0.9991966614059228 -0.0320480821191278 -0.0240614269681428 -0.06570849567651749 0.033550762772289 0.9973282285492192 0.06489029862987283 -0.021919285878539085 0.021917530715279375 -0.06564544897677317 0.9976022738927487 0.03356512635946274
0.9991487467175016 -0.0335159291138044 -0.02405128746001109 -0.06617297232151031 0.03502463666527818 0.9972493595641517 0.06532219894763511 -0.02179752290248871 0.02179579682670261 -0.06610898081597998 0.9975743310130636 0.035040128976106644
0.9991009911407728 -0.034783355790219926 -0.024234843954447145 -0.06645425409078598 0.036307204206627613 0.9971873241820802 0.06556849405988528 -0.021887734532356262 0.021885986937391497 -0.06638944683120913 0.9975537303449987 0.03632389008998871
0.9990474215844672 -0.03571671610609167 -0.025071210900643442 -0.06669081747531891 0.037298525889981525 0.9971386662014893 0.06575180858614744 -0.022652972489595413 0.022651035116790327 -0.06662429404137686 0.9975209942911608 0.037316758185625076
0.9989960949480358 -0.036426531920707474 -0.026075084866683716 -0.06668886542320251 0.03807257633616062 0.9971132167471504 0.06569407826644312 -0.023608997464179993 0.023606804309399897 -0.06662087330844599 0.9974990616686904 0.03809240087866783
0.9989439048254939 -0.03738468183318164 -0.026710682810935076 -0.06672719866037369 0.03907106734662228 0.9970752577743223 0.0656839556563427 -0.02417934313416481 0.024176987165284068 -0.06665820203471189 0.9974829108276037 0.039092447608709335
0.9989018291917303 -0.03834528642347399 -0.026921639001311566 -0.06684882193803787 0.04004613229188429 0.997030674430122 0.0657734105385818 -0.02432199753820896 0.024319599624091286 -0.06677928761612885 0.9974713448613981 0.04006870090961456
0.9988585710372535 -0.03938071300703284 -0.027031731510829007 -0.06675191968679428 0.04108388860988941 0.9969967884567805 0.06564691846199494 -0.024367738515138626 0.024365327046974566 -0.06668255581427071 0.9974767002732298 0.0411076657474041
0.9988191448867618 -0.04036481158521664 -0.027036970861545374 -0.06687121093273163 0.04206881519117409 0.9969494578362994 0.06574186876199542 -0.02430322766304016 0.0243008352961155 -0.0668016504706175 0.9974703047701784 0.0420936718583107
0.998777680491344 -0.041478722965385094 -0.02688234538673428 -0.06750458478927612 0.043185065849488856 0.9968611712840323 0.06635401475270834 -0.024048004299402237 0.024045686513513166 -0.06743382480171327 0.9974339498095629 0.04321100190281868
0.9987307085837378 -0.04307737147535583 -0.02610195009187977 -0.06821669638156891 0.044744415910970385 0.9967449632091001 0.06706277329544114 -0.023130161687731743 0.02312809928660118 -0.06814556760394497 0.997407275208741 0.04477134346961975
0.9986883589465739 -0.04479692670804399 -0.024795101574978575 -0.06876809149980545 0.04638390692324283 0.9966312530166828 0.06763637105088433 -0.02168337069451809 0.021681671594582286 -0.06869775009351538 0.9974018870289717 0.04641147330403328
0.9986374090455904 -0.04632574608455434 -0.02402603805081979 -0.06959673762321472 0.04787405173933436 0.9965039493216961 0.06846863629664407 -0.020771674811840057 0.02077018114436123 -0.06952556534090167 0.9973639232192322 0.04790269955992699
0.9985793851723209 -0.047795642131737995 -0.023553940266640275 -0.07067684829235077 0.04932963769686608 0.9963587181563243 0.06954057519594105 -0.020145799964666367 0.020144437285899916 -0.07060369216337935 0.9973010178974717 0.04935969039797783
0.9985101816143028 -0.049428057406187866 -0.02311459179008916 -0.07219383865594864 0.05095688167781791 0.9961706413334579 0.07104540488279285 -0.01951568014919758 0.019514441376701656 -0.0721174076512578 0.9972052276695191 0.05098867788910866
0.9984335389165709 -0.05103318594335396 -0.022936484015718562 -0.07381457090377808 0.052576099362751934 0.9959713366136312 0.07264193293033189 -0.019138099625706673 0.019136931371834132 -0.07373405303201405 0.9970943121295708 0.052609995007514954
0.9983540505732686 -0.052521961829961605 -0.02303547762646375 -0.0754198357462883 0.05409853248707429 0.9957741345381009 0.074210658046139 -0.019041594117879868 0.019040443447888085 -0.07533469659080112 0.9969765017305472 0.054134778678417206
0.9982670431944918 -0.054085752938985716 -0.023187104190682876 -0.077115997672081 0.05570130027108163 0.9955610335930929 0.07586562818011486 -0.018982067704200745 0.018980927791796335 -0.07702570817639805 0.996848416089471 0.055740196257829666
0.9981802769060607 -0.055771443057643845 -0.02292773287981035 -0.07877945899963379 0.057393012953435345 0.9953382794683165 0.0775096864216223 -0.01849907822906971 0.018498023134020245 -0.07868453192540074 0.9967279305687254 0.057434406131505966
0.9980902395996639 -0.057606332138774974 -0.022302110066149065 -0.08028865605592728 0.05920022829774329 0.9951136033533278 0.07902056308740714 -0.017641963437199593 0.017641048307301923 -0.08018994275264797 0.9966234828138189 0.05924409255385399
0.9979860839618416 -0.05972551656591392 -0.021369110637615468 -0.08185170590877533 0.06126441632410993 0.9948617579481885 0.08060244329240901 -0.016446029767394066 0.016445288412613546 -0.08174928282972652 0.996517238810173 0.061311107128858566
0.9978775152060555 -0.06195143173733758 -0.020062022626903625 -0.08333849906921387 0.06339941847630226 0.9946025890262689 0.08213527645968947 -0.014865889213979244 0.014865341673002129 -0.08323286615236146 0.9964192449009643 0.06344898790121078
0.9977761870531203 -0.06380876904440518 -0.01926451511910922 -0.0844583660364151 0.06520019166777173 0.9943910366581213 0.08327905631353291 -0.013842969201505184 0.013842527089460833 -0.08434990934805157 0.9963400409683197 0.06525273621082306
0.9976646965525713 -0.06577198477299517 -0.018417363320701072 -0.08521309494972229 0.06709535578661828 0.9941989319023715 0.08406364871959122 -0.012781837955117226 0.01278148991835155 -0.08510305413558678 0.9962901704284061 0.06715129315853119
0.9975487692087552 -0.06770750101526331 -0.01766769244597494 -0.08586177974939346 0.0689683704582623 0.9940133682131833 0.08473952849653031 -0.011824696324765682 0.011824420765066408 -0.08575032431280069 0.9962464880509342 0.06902799755334854
0.9974493443310533 -0.06920095877719461 -0.017493793124097004 -0.08644559234380722 0.07044828987458067 0.9938601338098753 0.08531748283419899 -0.011482584290206432 0.011482331962573913 -0.08633227512196001 0.9962002280289678 0.0705113485455513
0.9973641679152222 -0.0703018696538141 -0.01795448918668327 -0.08708776533603668 0.07159209773490607 0.9937271136318325 0.0859127183533536 -0.0118023119866848 0.011802037988934408 -0.08697166639846068 0.9961408741454105 0.07165839523077011
0.9972890377769893 -0.07125878964997631 -0.018351022518302923 -0.08738698810338974 0.07258317119367556 0.9936328457353198 0.08617105741140509 -0.012094028294086456 0.012093733473018922 -0.08726942633907085 0.9961113335552072 0.07265237718820572
0.9972081284183542 -0.07272257817914601 -0.016952145567481824 -0.08842881768941879 0.07393146613472289 0.9934349452909332 0.08729918550577055 -0.010492424480617046 0.01049223196147607 -0.08830875436658935 0.9960378893248428 0.07400306314229965
0.9971295517327179 -0.07425872135597616 -0.014774957322599584 -0.089924156665802 0.07528306692891626 0.9931875887150196 0.08894309111010937 -0.008069591596722603 0.008069504017315193 -0.08980008866933478 0.9959271194118042 0.07535681873559952
0.9970520246779154 -0.07554162283095112 -0.013443336852723127 -0.09145785868167877 0.07645207446096397 0.9929514450994095 0.09056769835658696 -0.006506995763629675 0.006506949844948933 -0.09132847800692195 0.9957995625168021 0.07652837038040161
0.9969818695798922 -0.07646200632848706 -0.013442965342706932 -0.09259272366762161 0.0773758607188219 0.9927763923997557 0.09169520637278657 -0.006334701552987099 0.006334659186119598 -0.09245861929506004 0.9956963773214438 0.0774548351764679
0.9969003105023517 -0.0773700036912569 -0.014270719993387991 -0.09373960644006729 0.07836418326055945 0.9925990651561961 0.09276934101819947 -0.006987595930695534 0.0069875390675291915 -0.0936000981829636 0.9955853534066877 0.07844652980566025
0.9968113152239703 -0.0784061222379094 -0.014821667823587355 -0.09464184194803238 0.0794537387020663 0.9924326666728802 0.09361893786419301 -0.007369276136159897 0.007369209436739263 -0.0944980535046615 0.9954977712863587 0.07953973859548569
0.9966997278975975 -0.07991286730392173 -0.014268358284001404 -0.09651675820350647 0.08091422002755574 0.9921329216744598 0.09552567574758375 -0.006522423587739468 0.0065223773416701785 -0.09636492810647455 0.9953247003992449 0.08100450038909912
0.9965735461313286 -0.08162448546663299 -0.01336452481519193 -0.09821419417858124 0.08254043699151413 0.9918279399263832 0.09728521903473712 -0.005314478185027838 0.0053144531683277305 -0.0980549894380409 0.9951668079441895 0.08263561874628067
0.9964587181921933 -0.08315572722116264 -0.012455840762090203 -0.09957815706729889 0.08398135009175824 0.9915655380970751 0.09871634360643247 -0.004141964949667454 0.004141953106506393 -0.09941281953841412 0.9950376553356592 0.08408110588788986
0.9963713868088019 -0.08416559916543624 -0.012657466801388049 -0.10054228454828262 0.08501028467225372 0.9913836753468087 0.09965771297694777 -0.004160666838288307 0.004160654833978421 -0.10037210854105055 0.9949412690095712 0.08511374890804291
0.9962998952744725 -0.08481845952787864 -0.01386894370140848 -0.1011219397187233 0.08578404816434558 0.9912695247956396 0.10012904819264015 -0.005255093798041344 0.005255069610620205 -0.10094829436273021 0.994877794560037 0.08589079976081848
0.9962373478003308 -0.08536604923997715 -0.014959427961008237 -0.10141070932149887 0.08644021892345076 0.9911932777937389 0.10031936308096176 -0.0062638577073812485 0.006263816746098536 -0.1012349924367149 0.9948428222116846 0.08654993027448654
0.9961738227001009 -0.08602967148240608 -0.015382151725205448 -0.10210894793272018 0.08714763158023886 0.9910647256069428 0.10097524433042922 -0.006557887885719538 0.006557840881182588 -0.10192941323417991 0.9947700183664125 0.08726020157337189
0.9961098572347621 -0.08683688404084036 -0.01498358734815352 -0.10280334949493408 0.08791447900178638 0.9909229974849294 0.10169885661760032 -0.006016405764967203 0.006016369468920941 -0.10262050782158706 0.9947023849739444 0.08802971988916397
0.9960563112587697 -0.0875239959550398 -0.014538739066199444 -0.10301132500171661 0.08855370957441304 0.9908410646310519 0.10194226386251372 -0.005483212880790234 0.005483185404795868 -0.10282769458110998 0.9946840703987123 0.08867119252681732
0.9960117708830434 -0.0880779945801461 -0.01424145825271109 -0.10336315631866455 0.08907616801348155 0.9907555683274939 0.10231735004435374 -0.0050979191437363625 0.005097897062315552 -0.10317785953781249 0.9946498583656148 0.08919554948806763
0.9959481540776962 -0.08887603255085617 -0.013723163893525247 -0.10404115170240402 0.08981975953014917 0.9906138009445555 0.10303741153642623 -0.00443681376054883 0.00443679920388275 -0.10385253110155689 0.994582810326332 0.08994185924530029
0.9958906250502221 -0.08955383654318938 -0.013489747865464197 -0.10450062155723572 0.09047166584310178 0.990504723024852 0.10351459484070441 -0.0040915412828326225 0.004091529866957786 -0.10430965451892157 0.9945364525031202 0.09059630334377289
0.9958244383369267 -0.0903546752746833 -0.01302768847306061 -0.10472938418388367 0.09122093406876731 0.9904079799587553 0.1037823415694574 -0.003525514155626297 0.00352550685238133 -0.1045373899139655 0.9945147082428742 0.09134849160909653
0.9957696724127778 -0.0909384100819207 -0.013151618711084176 -0.1044999286532402 0.0918135725371191 0.9903786169475916 0.10353966868281292 -0.0036093569360673428 0.003609349099281771 -0.10430915906452283 0.9945383712729899 0.09194365888834
0.9957033636010505 -0.09162589681957686 -0.013398012746765407 -0.1045350655913353 0.09252307947152182 0.990311575590512 0.10354932649005479 -0.003780416212975979 0.003780407208316577 -0.10434403808290037 0.994534076961616 0.09265626221895218
0.9956223791816956 -0.09251057024480426 -0.013336883652531667 -0.10434973239898682 0.09339591521383374 0.9902487248007098 0.10336665831852408 -0.003644331591203809 0.003644323524388412 -0.10415976873797897 0.9945539007426899 0.09353285282850266
0.9955299493951832 -0.09357430182683536 -0.012805073012061952 -0.10418049246072769 0.09439815009817053 0.9901664422984049 0.10324439841542438 -0.0030181356705725193 0.0030181310884697405 -0.10399166593405423 0.9945735891833207 0.0945393443107605
0.9954584825560546 -0.094355893685102 -0.01262437460165267 -0.10419675707817078 0.09515682658028636 0.9900905603099135 0.10327565415126094 -0.00275461096316576 0.0027546074795567936 -0.10400792139105215 0.9945726541714015 0.09530138224363327
0.9953891089332498 -0.09515177797716116 -0.012110366008337627 -0.10411709547042847 0.09589489786995509 0.9900226941192539 0.10324356489082073 -0.0021657301113009453 0.0021657284182826464 -0.10392884237130352 0.994582377354324 0.0960427075624466
0.995317000072193 -0.09593894343197064 -0.011823218700818464 -0.10378158837556839 0.09664741537421828 0.9899816918564254 0.10293457577788356 -0.001829336630180478 0.0018293356098765259 -0.10359521669578511 0.9946178585813648 0.09679867327213287
0.9952460618098425 -0.09665061674659273 -0.011997280296065792 -0.10325512290000916 0.09737223780890401 0.9899671286415801 0.10239009480038398 -0.0019808486104011536 0.0019808473150052484 -0.10307154064846719 0.9946719729399568 0.09752696007490158
0.9951334639939345 -0.09785176635036612 -0.011593992476538442 -0.10309868305921555 0.0985252796449684 0.9898653059091882 0.10227143016595583 -0.001469051348976791 0.0014690508205806565 -0.10291602391961399 0.99468896340025 0.09868548810482025
0.9949981121499611 -0.09930194093624921 -0.010857317546570695 -0.10325127094984055 0.09989211567190726 0.989705074040395 0.10249600794804983 -0.0005674897693097591 0.0005674897388502533 -0.10306789483146567 0.9946741612258791 0.10005901008844376
0.9948912498466915 -0.10045893401928115 -0.009970133108329091 -0.1032596230506897 0.10095150938680039 0.9895874381284184 0.10259383534579614 0.0004401488695293665 -0.00044014885531761785 -0.10307620905981793 0.9946733641728032 0.10112378001213074
0.9947895976990272 -0.1015275242030584 -0.009263808018576444 -0.10321307927370071 0.10194159029280996 0.9894832052290871 0.10262016730714103 0.0012523893965408206 -0.0012523890691497263 -0.10302984227285866 0.9946774769355389 0.1021190658211708
0.9946704504892081 -0.10281335475127047 -0.007752999960348044 -0.10359393805265427 0.10306345050726622 0.9893109406022379 0.10315904213519936 0.002936003729701042 -0.0029359995115864758 -0.10340830184035012 0.9946346580616237 0.10324723273515701
0.9945471899955682 -0.10408774351574442 -0.006452016872247142 -0.1039370596408844 0.1041944096707088 0.9891419934550413 0.10364189199913214 0.004405904095619917 -0.004405889841072051 -0.10374901654275029 0.9945937510869052 0.1043848842382431
0.9944279923944414 -0.1052360991558788 -0.00619123386852389 -0.10491704195737839 0.10530454800484457 0.9889177770820228 0.10465458585578592 0.004890838637948036 -0.00489081913958134 -0.1047234147915581 0.9944893595622525 0.10550141334533691
0.9942874141828972 -0.10655803257880078 -0.006158221368483083 -0.106875479221344 0.10660546720927724 0.9885680341244589 0.10662324450322423 0.005273766815662384 -0.0052737423694874525 -0.10667065013506691 0.9942804232414427 0.10680992156267166
0.9940772594915833 -0.10856808221066941 -0.0048346340917151155 -0.10981927812099457 0.10844116822021782 0.9880292074481001 0.1097214576302821 0.00713554909452796 -0.007135488542340095 -0.10959587927735556 0.993950616504002 0.10865761339664459
0.9938415150903559 -0.11075761113623972 -0.003434306087022894 -0.11272479593753815 0.11043640146307625 0.9874617211250113 0.11279694386248586 0.009101999923586845 -0.00910187424611574 -0.1124815579916283 0.9936121250251447 0.11066672950983047
0.993670365754704 -0.11230064967464283 -0.0027871676601581297 -0.11525366455316544 0.11187029671537746 0.9869980991240476 0.11541139041849409 0.010210022330284119 -0.010209844941334643 -0.11499267980254135 0.9933138691562219 0.11211083084344864
0.9935438439712251 -0.11341377366761103 -0.0028188737740417226 -0.11701905727386475 0.11296101737960142 0.9866649639976889 0.11718386139739838 0.010509173385798931 -0.010508979943242337 -0.11674572695354285 0.9931062363003472 0.11320891976356506
0.9934659081148642 -0.1140594978189446 -0.003990033934481304 -0.11754890531301498 0.11373522055015173 0.9865279757900357 0.11758763791327421 0.009475848637521267 -0.009475706829386555 -0.11727311687213363 0.9930544934892438 0.11398700624704361
0.9933643338172554 -0.11490277472179293 -0.004965144613515568 -0.1181117370724678 0.11468300946003752 0.9863634032938315 0.11804678726589321 0.008666574954986572 -0.008666466465011092 -0.11783288591833355 0.9929956210151019 0.11494023352861404
0.9932238447270391 -0.11609006599919182 -0.0054305471125927485 -0.1188906729221344 0.11591056446624971 0.9861316236588166 0.11878199301721519 0.008434275165200233 -0.008434175167387268 -0.11860656557007995 0.9929055077362177 0.11617584526538849
0.9930749276063886 -0.11734978680142251 -0.005587100968011644 -0.11982651054859161 0.11717192627812825 0.9858703092952095 0.11970995339753926 0.008539884351193905 -0.008539780549812252 -0.11953560468675775 0.9927931866004783 0.11744601279497147
0.9929875178749399 -0.11804648796281376 -0.006388741989714716 -0.12027940154075623 0.11795654289919716 0.9857324267114216 0.12007429748652242 0.00787684042006731 -0.007876758967731445 -0.11998587254030073 0.9927443513105008 0.11823549121618271
0.9928997449055936 -0.11872145105200002 -0.007437313124685355 -0.12101288139820099 0.11874813348678913 0.9855623558633734 0.12068853921744714 0.006998439785093069 -0.006998382656783051 -0.12071478685374518 0.9926625624425673 0.11903192847967148
0.9927773449458405 -0.11972603931093374 -0.007669346334890498 -0.12229222059249878 0.11976447412855015 0.9852844424980364 0.12194686592137387 0.007043785881251097 -0.00704372763525063 -0.12198460100459582 0.9925069989772113 0.12005563825368881
0.9926530780920695 -0.12073398549764895 -0.007948037505790397 -0.12356296181678772 0.12079007479511639 0.9850044654600137 0.12319074987523565 0.007044516038149595 -0.0070444577740339884 -0.12324572110092169 0.9923511817118896 0.12108876556158066
0.9925425886608172 -0.12157806698350218 -0.008830816668848506 -0.12483282387256622 0.12172901047725795 0.9847420764015465 0.12435871892472289 0.00642326008528471 -0.006423215916609214 -0.12450629137889242 0.9921980274644588 0.12203419208526611
0.9924011181014032 -0.12269997662125794 -0.009205244604439493 -0.1268041431903839 0.12287642706488265 0.9843536375943152 0.12629053735972512 0.006434674374759197 -0.006434629970198917 -0.12646197804867007 0.9919505852839466 0.12319032102823257
0.9921729842876763 -0.12457508668768516 -0.008591683562734882 -0.12944941222667694 0.12463824704810247 0.9837775444889746 0.12902344876812039 0.007620875723659992 -0.007620801956659097 -0.12908443258580538 0.9916043226214466 0.12496687471866608
0.9919059644630083 -0.12673386081141003 -0.007815765256420979 -0.13261732459068298 0.12664928114710444 0.9830846759331758 0.13230449550292836 0.009084025397896767 -0.009083900463513551 -0.13222347926596412 0.9911783059990629 0.12699559330940247
0.9916987379833601 -0.12836209579645722 -0.007535611783522774 -0.13522356748580933 0.12819988768124185 0.9825226349952658 0.1349594773273696 0.009919934906065464 -0.00991977221148744 -0.1348052079287034 0.9908224634285252 0.12856003642082214
0.9915816458167056 -0.12920416854899064 -0.008492497217974137 -0.13650307059288025 0.12915243451785688 0.9822373547724206 0.13612283991964302 0.00924612209200859 -0.009245990349549774 -0.1360737363316011 0.9906555657458418 0.1295197755098343
0.9914569413765615 -0.13008876598356034 -0.009489276110848545 -0.13732898235321045 0.1301583835043154 0.9820067570853703 0.13682662110210045 0.00848117470741272 -0.008481073032170373 -0.13689281209599238 0.9905495592834688 0.13053344190120697
0.9912977117955541 -0.1312340788426342 -0.010318097655278774 -0.13800048828125 0.1314017262309478 0.9817612997585273 0.13739845937991477 0.007901533506810665 -0.0079014512860383 -0.137558594230867 0.9904621144803077 0.13178697228431702
0.9910674401798532 -0.13295066839269176 -0.010461777539679668 -0.1382528394460678 0.13311956475499007 0.9814952710820509 0.13764524809456244 0.008031928911805153 -0.008031842552941953 -0.13780839095464448 0.9904263409702393 0.1335202306509018
0.9907966948397695 -0.13498456693378139 -0.010053665216624853 -0.1387406438589096 0.13507265422065973 0.9811497692162979 0.13820458910105482 0.008791448548436165 -0.00879133530099769 -0.138290625338469 0.9903526722168828 0.13549205660820007
0.9904339503673836 -0.1377416441479051 -0.008235862255469238 -0.1399126797914505 0.1375356379542797 0.980602623271596 0.13965114938794262 0.011159902438521385 -0.011159670791223271 -0.13944796413105517 0.9901665148082597 0.1379816234111786
0.99003858906772 -0.14065030345842522 -0.006409703101624423 -0.1422388106584549 0.14012532034680958 0.9798599267838409 0.142265310180908 0.013729479163885117 -0.013729047836687833 -0.14174630866523077 0.9898078082260612 0.14060132205486298
0.9898138369923828 -0.1422347535632189 -0.0061516645899344375 -0.1438998281955719 0.14163202721116308 0.9793921307783031 0.14398410689236343 0.014455155469477177 -0.01445465207028616 -0.1433887340356472 0.9895608793728567 0.14212481677532196
0.9896573697960312 -0.14329282722110698 -0.006742112086235522 -0.14490583539009094 0.14275028034969037 0.9790915203615078 0.14492119312328233 0.014165496453642845 -0.014165022713931143 -0.14438476520454946 0.9894202300884801 0.14325407147407532
0.9895405687502419 -0.14401703550480258 -0.008279872091783267 -0.1449635624885559 0.14369087688952212 0.9789764236950231 0.14476910494999495 0.012743762694299221 -0.012743417758515703 -0.14444464453108288 0.9894308212149655 0.14420178532600403
0.9894186346805354 -0.14477051164854207 -0.009605430959854826 -0.144978865981102 0.14462981191163019 0.9788627356405937 0.1446027741110791 0.011532074771821499 -0.011531819167489129 -0.14446191100505573 0.9894431633072491 0.14514856040477753
0.9892354032750224 -0.14597638666941443 -0.010208400572354673 -0.14503955841064453 0.14591008292384006 0.978674665128174 0.14458958308749162 0.011116190813481808 -0.011115961877505628 -0.14452264310895416 0.9894390537169734 0.14644195139408112
0.9890001361630034 -0.1475535600421642 -0.01032848432463713 -0.1448696106672287 0.14748969564276382 0.978462962736371 0.14441959781265087 0.011203820817172527 -0.011203586424253566 -0.14435434691080964 0.9894626330383517 0.1480390876531601
0.9887080453561035 -0.14950280584460882 -0.010262168031295265 -0.14467622339725494 0.14941048358986508 0.9781953258727573 0.14425814304271653 0.011528847739100456 -0.01152859234928519 -0.1441624621227017 0.9894868751394151 0.14998207986354828
0.988397442705665 -0.151552326173092 -0.010118679974514842 -0.1445458084344864 0.15141855596493983 0.9778990105639499 0.14417331947187767 0.011955039575695992 -0.011954754802768088 -0.14403269618240314 0.9895007156480652 0.15201416611671448
0.9881383657386432 -0.15322183485653462 -0.010278106759517049 -0.14460740983486176 0.1530925882928958 0.977629856969185 0.14423079481231757 0.01205141469836235 -0.012051122982738987 -0.14409348384159426 0.9894906964440076 0.15370824933052063
0.9879090361802776 -0.15468804954960944 -0.010360673718081317 -0.14457939565181732 0.1545553859823206 0.977403053060726 0.1442078518369505 0.012180978432297707 -0.012180677206578233 -0.14406553784340498 0.9894931793138746 0.15518902242183685
0.9876573846812873 -0.15630131171183684 -0.010138562111019942 -0.14493849873542786 0.1561142001937021 0.977094050847619 0.14462217083169215 0.012698647566139698 -0.012698306280780168 -0.14441992852563545 0.989435009114924 0.15676812827587128
0.987306917353166 -0.1586022056984656 -0.008389951976635343 -0.1465391367673874 0.15810951861279599 0.9764884621980203 0.146532123843802 0.01504819467663765 -0.015047626743727826 -0.14599871075364676 0.989170331837573 0.15879392623901367
0.9869953530061004 -0.16060248826772994 -0.006856668766741476 -0.1486397236585617 0.15982330614933776 0.9758492778096707 0.14891171145963994 0.017225367948412895 -0.01722451612841961 -0.1480710226903214 0.988826723083263 0.16053567826747894
0.9868456998826939 -0.16150099296137183 -0.00727969062029531 -0.1502992808818817 0.16074649210207248 0.9754505543801569 0.15052169689557351 0.01720927469432354 -0.017208425259582674 -0.14971187405124375 0.9885799031277895 0.16147105395793915
0.9868302408761056 -0.16144479612316204 -0.010082335897894071 -0.15172404050827026 0.1610967509548473 0.9752417042182091 0.15149737682664663 0.014626270160079002 -0.014625748671409177 -0.151126424421124 0.9884062380000882 0.16181927919387817
0.986803727993339 -0.16144114296643586 -0.012456314709369889 -0.15257591009140015 0.1614464382532144 0.9751107513785667 0.15196733241482502 0.01238781027495861 -0.01238749344294808 -0.15197295780374123 0.9883070221862148 0.1621686965227127
0.9867142792499278 -0.16190425923666563 -0.013488586483473538 -0.153783917427063 0.16204876377700184 0.9748469285847708 0.15301524102906863 0.01162477396428585 -0.011624512146366969 -0.1531681320309975 0.9881317695770608 0.1627776026725769
0.9865791196109308 -0.16270437496897602 -0.013745075979253627 -0.155077263712883 0.16286371124343568 0.9745120652352642 0.15427782170783566 0.011707201600074768 -0.011706934173190454 -0.1544458516013129 0.987931893713028 0.163603737950325
0.9864057095929247 -0.16377204473392007 -0.013509013515032255 -0.15683650970458984 0.16385938573918205 0.9740563651703666 0.1560906761349672 0.01240506675094366 -0.012404748593034 -0.15618231281026723 0.9876503467207306 0.16461443901062012
0.9862207347255458 -0.16487912160639864 -0.013547607010355373 -0.15910610556602478 0.16492923327912387 0.9735076821656519 0.15837026480504673 0.012923610396683216 -0.01292325065008666 -0.15842243535169723 0.987286848676651 0.16570022702217102
0.9860674842340413 -0.1657338576296501 -0.01425499812498628 -0.161354199051857 0.1658577695613438 0.9729986925672789 0.1605140010668917 0.01273285411298275 -0.012732510062225071 -0.16064193941048152 0.9869306209100792 0.16664139926433563
0.9859586784058946 -0.16628106591603423 -0.015365272335018726 -0.1635141521692276 0.1665522078229087 0.9725507868683512 0.16249716622472388 0.012076987884938717 -0.01207669430831311 -0.16277461128682935 0.9865893671507945 0.16734431684017181
0.9857937939767898 -0.16721825088548223 -0.015768713569800016 -0.1659482717514038 0.1675132729165717 0.9719851785197099 0.16487606295270965 0.012243636883795261 -0.012243330985668521 -0.16517526845386887 0.9861882333193637 0.1683194935321808
0.9855702358379366 -0.1685238457152673 -0.015843726067151034 -0.16870808601379395 0.1687775703880421 0.9712934537125683 0.16763996692024416 0.012862779200077057 -0.012862424509540766 -0.16789502732495634 0.9857209634756119 0.16960348188877106
0.9853027499590451 -0.1700818967959079 -0.0158315920061651 -0.1711706668138504 0.170277338622937 0.9705993660184217 0.1701249500694351 0.013569457456469536 -0.013569041035872483 -0.17032034249303354 0.9852953171808047 0.17112702131271362
0.9850757672181444 -0.1713627964715523 -0.01614078142574106 -0.17298512160778046 0.17156713699005902 0.9700586954983881 0.17190359156515594 0.013800812885165215 -0.013800374799929689 -0.17210729000659725 0.9849815380919413 0.17243675887584686
0.9848455036821077 -0.17263501886669794 -0.016627812184127365 -0.17451243102550507 0.17288349212072882 0.9695649625488564 0.17336401457562303 0.013807394541800022 -0.013806955829496315 -0.17361144449180124 0.9847174388179548 0.17377322912216187
0.984610801951723 -0.17392104988219464 -0.01711832608230789 -0.1758340448141098 0.1742173123708133 0.9691011248910857 0.17461769041286446 0.013780739158391953 -0.013780302981992426 -0.174912772954715 0.9844874936265148 0.17512767016887665
0.9843862652854705 -0.1751497689766628 -0.017499689847116147 -0.1767682284116745 0.17548105853505627 0.9687133400487237 0.17550174616527894 0.013787344098091125 -0.0137869072942329 -0.17583237255712467 0.9843235738049724 0.17641133069992065
0.9841434262757388 -0.176480480884479 -0.017786410122125437 -0.17769977450370789 0.17682835178042688 0.9683049373851094 0.17640091338266076 0.013909097760915756 -0.013908649282622745 -0.17674894088056772 0.9841576913141159 0.17778046429157257
