1.0 0.0 0.0 0.0 0.0 1.0 0.0 0.0 0.0 0.0 1.0 0.0
0.9999999358794526 -0.0003576319191595859 1.8452669620858117e-05 -0.0008749333210289478 0.00035761563735807055 0.999999553295545 0.0008749398643116078 1.8765567801892757e-05 -1.8765567800791384e-05 -0.0008749332092467775 0.9999996170697931 0.0003576156450435519
0.9999991198905694 -0.0010756649571241512 0.0007766356845229712 -0.0016148933209478855 0.0010744090458143904 0.9999981175323827 0.0016157279762598923 0.0007783722830936313 -0.0007783722044957525 -0.0016148921298377093 0.999998393128769 0.0010744095779955387
0.9999974949696319 -0.0016719571216724709 0.0014881578694249339 -0.002078978344798088 0.0016688578061119627 0.9999964412058018 0.002081463272364676 0.0014916332438588142 -0.0014916326907190721 -0.002078974534358852 0.9999967264430426 0.001668860437348485
0.9999944410264117 -0.002359152114640554 0.0023563356242888535 -0.0020409729331731796 0.0023543314243700667 0.9999951344180597 0.002046524798531293 0.002361154416576028 -0.002361152222650914 -0.0020409658269473644 0.9999951296974774 0.00235434016212821
0.9999890930958242 -0.0032103394286908506 0.003392257381698756 -0.0017466045683249831 0.0032043911042735017 0.9999933215434781 0.0017574828855658243 0.0033978833816945553 -0.0033978768432581024 -0.0017465935974910792 0.9999927018952505 0.003204415086656809
0.9999836417259916 -0.0040174622958602585 0.004071397441297068 -0.001587944570928812 0.004010958731452832 0.9999906691928632 0.0016042871514524754 0.004077815916389227 -0.004077804615015459 -0.0015879307009672786 0.9999904249469646 0.0040110028348863125
0.9999808921143997 -0.004448880246056666 0.004292187163399299 -0.001207826309837401 0.004443651749340879 0.9999893742674544 0.0012269112909019655 0.00429761316627264 -0.004297599937172222 -0.0012078148622242395 0.9999900358593773 0.004443707410246134
0.9999783456833347 -0.004737005496298103 0.004568253862173129 -0.0005962146678939462 0.004734231532393064 0.9999886025922834 0.0006178489541008273 0.0045711444690823555 -0.004571128549812766 -0.0005962084035216473 0.9999893746032108 0.004734298679977655
0.9999733781336246 -0.005008832254244792 0.005306093051928742 1.7522135749459267e-05 0.005008854715423941 0.9999874555675347 9.055801201730466e-06 0.005306096747517586 -0.005306071848991945 1.7521889084230534e-05 0.999985922548171 0.005008946172893047
0.9999644717828546 -0.005390202019134365 0.006480809689336882 0.0002791208680719137 0.005391897551828436 0.9999854338024163 -0.0002441798186503304 0.006479444447904825 -0.006479399110030924 0.0002791150052745124 0.9999789695198528 0.005392036866396666
0.9999546604698283 -0.005724761528370553 0.007609475022215847 0.00043730728793889284 0.005727922921114903 0.9999835178035975 -0.0003937259857437692 0.007607168983668089 -0.007607095613978106 0.00043729462078996063 0.9999709700134971 0.005728119984269142
0.9999522762006666 -0.005803383526098544 0.007859138677668511 0.0008194267866201699 0.0058096423492396045 0.9999828245129839 -0.0007737795607384218 0.00785459391772747 -0.007854513153578576 0.0008194014179282667 0.9999688171160321 0.0058098542504012585
0.999984966258016 -0.0054191267550577574 0.0008368531334758918 0.0025132535956799984 0.005421211025138198 0.9999821581604125 -0.002508751056707548 0.0008232430554926395 -0.0008232429625033429 0.0025132500982250807 0.9999965029163694 0.0054212394170463085
0.9999011981341761 -0.0049646273662478585 -0.013150910422988504 0.006341921165585518 0.004880701928229519 0.9999675694937786 -0.006406146220068807 -0.013182669878005981 0.013182288061142553 0.006341327607010069 0.9998930016985086 0.004881145432591438
0.9996260859715367 -0.004476580031934355 -0.026974960175016043 0.011136678047478199 0.004174372162692451 0.9999280125730018 -0.011249190586622661 -0.027026666328310966 0.027023376218995164 0.01113238083360914 0.9995728123727167 0.004175909329205751
0.9994551359260769 -0.004141148457515308 -0.032745719727011985 0.01441433560103178 0.0036667525257509472 0.9998876515657104 -0.01453406936558038 -0.03280811384320259 0.03280222853560566 0.014406079822818614 0.999358033272979 0.003668735036626458
0.9994760784051656 -0.0041810944983010365 -0.03209497070613225 0.016211798414587975 0.0036583574860198295 0.9998599856222726 -0.01632867330597768 -0.03216429427266121 0.032158748674904834 0.016202703485071315 0.9993514333223519 0.003660258837044239
0.999538782568745 -0.004552402863012336 -0.030024952442330465 0.01732410117983818 0.004029763750134197 0.9998397136795 -0.017444424708588833 -0.030104100704193115 0.030099553902167276 0.017315385570883406 0.9993969152831232 0.00403160136193037
0.9995251971645491 -0.004711084499426645 -0.03044972768364734 0.018758736550807953 0.004137160898324951 0.9998131249266643 -0.018883832346205658 -0.030537746846675873 0.03053300071840939 0.018748890826326074 0.999357901334608 0.004139102529734373
0.9992194999493674 -0.004723949030294387 -0.03921830218781891 0.021074770018458366 0.003893432870191939 0.9997671180492419 -0.021226183076529712 -0.03931957110762596 0.03930944036006122 0.02105692221271257 0.9990051921414155 0.0038964543491601944
0.9987546012447481 -0.004716847087102865 -0.049668882069168155 0.02368578314781189 0.003534802101178564 0.9997090722674167 -0.023859505450170175 -0.04978753998875618 0.04976697365271016 0.02365422118308032 0.9984807089541952 0.0035391950514167547
0.9984584131883533 -0.004656132513567297 -0.055309290028092324 0.026770684868097305 0.0031690964446018516 0.9996319433875037 -0.026943173292083587 -0.05544278398156166 0.05541438406334897 0.02672635757709112 0.9981056797000711 0.003173978766426444
0.9983153488042978 -0.004802715582884531 -0.05782212608321246 0.03005237877368927 0.003057970153002309 0.9995384391606954 -0.030225113047666476 -0.057973068207502365 0.05794060027559559 0.029997375939084893 0.997869252094919 0.0030631208792328835
0.998272185969315 -0.004964476138999984 -0.05854909646365676 0.03298842906951904 0.003025460136658908 0.9994454753468234 -0.033160042215347144 -0.058714982122182846 0.058681251784592776 0.03292560987176117 0.9977336392562725 0.0030306873377412558
0.9982615779455837 -0.005081951505149942 -0.05871963697514363 0.03534046933054924 0.002998821953583343 0.9993648335118852 -0.03550966919942509 -0.05889684334397316 0.05886279864637816 0.03527184867087627 0.9976427555126408 0.0030040352139621973
0.9983697041029743 -0.005717543952653493 -0.056791228376298956 0.037441033869981766 0.003581885377742807 0.9992850847266089 -0.0376362795727028 -0.0569966696202755 0.05696581454240939 0.037371501630030994 0.9976764339401009 0.003587719053030014
0.9985870167003038 -0.006504682832704334 -0.052741437019038016 0.039545055478811264 0.004408283318730679 0.9991992174579802 -0.039767962853807765 -0.05298266559839249 0.05295788058229892 0.039479272189415486 0.9978160401354677 0.0044144922867417336
0.9986949165587097 -0.007002924926054163 -0.05059073711927916 0.04199661687016487 0.0048664333811800995 0.999096009404719 -0.0422312895577714 -0.05086267367005348 0.05084074611901852 0.04192997774916944 0.9978261850142116 0.004872754216194153
0.9986947324685199 -0.007450054574764203 -0.05053046631948267 0.0445995032787323 0.005183055417975164 0.9989803961700547 -0.04484756408607498 -0.05083495378494263 0.0508130620624809 0.04452712380957745 0.9977150735400769 0.005189782939851284
0.9986453884152149 -0.007791846693720905 -0.05144584844402897 0.0473983958363533 0.005338393087216394 0.9988495257136553 -0.04765633788754983 -0.05178112909197807 0.05175799219705888 0.04731714389845934 0.9975380685151929 0.00534558342769742
0.9985917371420822 -0.00805236178585125 -0.052437600834023816 0.050143562257289886 0.005406389208019003 0.9987141166274951 -0.05040718405836147 -0.05280059948563576 0.05277606907766121 0.050052699414036374 0.9973511988332284 0.005413960665464401
0.9985629481372214 -0.00830332142115529 -0.052944248610002284 0.052505869418382645 0.005505432606614345 0.9985912818095439 -0.05277444557535248 -0.05333314836025238 0.053307868268340775 0.05240712496740111 0.9972019677243604 0.005513299722224474
0.998525894861238 -0.008583299570979207 -0.053594442436120625 0.0546717531979084 0.005633605360031788 0.9984733373475798 -0.05494776698496078 -0.05401051044464111 0.05398425494726439 0.05456483826110871 0.9970498375925487 0.0056418622843921185
0.9984853375751062 -0.008922232662560581 -0.05429018706765887 0.05647221952676773 0.005834999720603404 0.9983707756664398 -0.05676043581097567 -0.054735492914915085 0.054708165988148566 0.05635767968526089 0.9969106421915188 0.005843784660100937
0.9984422769615869 -0.00935701104354909 -0.05500423547412095 0.05779925733804703 0.006154466746637101 0.9982913766081718 -0.05810722785356282 -0.055482424795627594 0.055453963923476055 0.05767819114788734 0.9967939025450956 0.006163990590721369
0.9983986413018415 -0.009826538995578692 -0.055709892999405354 0.05905706807971001 0.006510952559282089 0.9982137823971865 -0.05938730612743026 -0.05622357130050659 0.05619395468738252 0.05892948127780109 0.9966792642033453 0.006521303206682205
0.9983422937630311 -0.010256874297551098 -0.056634450766420236 0.06036848574876785 0.0068101810360136515 0.9981316328331464 -0.06071956004528951 -0.057182587683200836 0.057151429712882625 0.0602332139893019 0.996546874970913 0.006821383256465197
0.9982675724927154 -0.01072070324905348 -0.05785257324741114 0.062025874853134155 0.007101886584672759 0.9980259997241601 -0.06239925545652957 -0.058440595865249634 0.05840733615257404 0.06188029085610801 0.9963731292478354 0.007114091422408819
0.9981653620237112 -0.011264771611292516 -0.05948962074697563 0.06354860961437225 0.007450608265661107 0.997925184176785 -0.06395166316993948 -0.06012280657887459 0.06008659162030442 0.06339110115998263 0.9961782821368771 0.007464163936674595
0.9981078567988492 -0.012023239307444294 -0.0603004802050859 0.06466047465801239 0.008086708049771529 0.9978455794045288 -0.06510610428952225 -0.060991160571575165 0.0609533538808636 0.06449528183825785 0.9960547411017519 0.008101860992610455
0.9980534652681233 -0.012755953851702848 -0.061045606783979287 0.06548033654689789 0.008717517076451941 0.9977835749736639 -0.06596925351098518 -0.06179111823439598 0.06175180452677281 0.06530867594820836 0.9959525548356102 0.008734297007322311
0.9979897246380378 -0.01337202066289312 -0.06194916125569774 0.06642460078001022 0.009212444764013844 0.9977137709296787 -0.06695044554557068 -0.06274395436048508 0.06270279402357824 0.06624515348817293 0.9958312805194287 0.009230739437043667
0.9978661562864257 -0.013794325086456987 -0.06381889009974878 0.0679921880364418 0.009406911817914854 0.9976037128143155 -0.06854445410930633 -0.06465652585029602 0.06461148619405566 0.06779785228531926 0.9956047444027641 0.009426748380064964
0.9976246393415287 -0.01429352373417955 -0.06738526662368617 0.07026810944080353 0.009504911767523223 0.9974413039047545 -0.07085550025985803 -0.06827866286039352 0.06822562297976051 0.07004670187841527 0.9952078797542652 0.009527254849672318
0.9973953248964739 -0.014759333275461743 -0.07060260587202956 0.07294578105211258 0.009549986112230973 0.9972450331824253 -0.07356046192241775 -0.07155484706163406 0.0714938014090277 0.07269460691307934 0.9947884853001865 0.009574633091688156
0.9972452497003768 -0.01525407961932414 -0.07258942763929725 0.07567545026540756 0.009696101513832576 0.9970367965373717 -0.07631259375705435 -0.07360485196113586 0.07353840877709351 0.07539853715731544 0.994438114227864 0.009722579270601273
0.9971875780394426 -0.015866688124013224 -0.07324740549538775 0.07779274135828018 0.010098369298308835 0.996866110940385 -0.0784600522310989 -0.07433118671178818 0.07426275743160521 0.0774997101063423 0.9942227304744583 0.010126504115760326
0.997144874718485 -0.016531277766518852 -0.07368049727073692 0.07920554280281067 0.010619842649617723 0.9967453527887947 -0.07991195552630688 -0.07483156025409698 0.07476173997944557 0.07890132159442761 0.9940750795014924 0.01064984779804945
0.9970676624504112 -0.017059872311221455 -0.074599177290353 0.0803992971777916 0.010981872927399442 0.9966422749934984 -0.08113922702854631 -0.07580550014972687 0.07573291861983897 0.08008206074089472 0.9939071327769071 0.011013724841177464
0.9969591117739435 -0.017456731511876118 -0.07594598064303298 0.0818229466676712 0.011157803162069917 0.9965214141375448 -0.08258677009003618 -0.07720015197992325 0.07712349110035263 0.08148824265027602 0.9936858826763434 0.011191369034349918
0.9968313309131241 -0.01773355736075107 -0.07754236682809454 0.08345194160938263 0.011173476736769621 0.9963837319485559 -0.08422952051318677 -0.07883728295564651 0.07875564187778988 0.08309620720346649 0.9934246671090949 0.01120852492749691
0.9967776285743848 -0.018189530291944127 -0.07812490103279607 0.08440545946359634 0.01150201848061356 0.9962964182160111 -0.08521238537219018 -0.07946915179491043 0.07938553233743134 0.08403920536098299 0.9932951974200807 0.011538689956068993
0.9969795450084781 -0.01865316832480429 -0.07539128693777868 0.08465229719877243 0.01217597006794628 0.9962656320639385 -0.08547827865104386 -0.07677960395812988 0.07670418885297228 0.0843021333044873 0.9934835769818845 0.01221225131303072
0.9972154988746778 -0.01908466668597166 -0.07209038980067131 0.08470261842012405 0.012882406561573119 0.9962514741395595 -0.0855397210419637 -0.07351886481046677 0.07345265417471114 0.08437283788186808 0.9937232672240548 0.012917659245431423
0.99725224126802 -0.01935715601919014 -0.07150711710563769 0.08499130606651306 0.01318194955678941 0.9962215866343102 -0.08584163634099737 -0.07296330481767654 0.07289858360621905 0.084663161024536 0.9937393751248567 0.013217500410974026
0.9971376904574544 -0.019395816472368686 -0.07307686756111159 0.08598833531141281 0.013011896898580672 0.9961370029317168 -0.08684331827675279 -0.07454799860715866 0.0744789688991111 0.08564387715176648 0.9935381268467448 0.013048507273197174
0.9969652084488732 -0.019538300413873166 -0.0753566716318619 0.08800364285707474 0.012801675496647394 0.99596141221221 -0.08886496772485131 -0.07686427235603333 0.07678860753375824 0.08763058941487026 0.9931889999148344 0.012839938513934612
0.9968355704182239 -0.01982173750753157 -0.07698015504762636 0.08952569216489792 0.01282022307540064 0.9958226923241094 -0.09040358030885236 -0.07853123545646667 0.07845054129367779 0.08913060178493505 0.9929256006349036 0.012860211543738842
0.9967964042578027 -0.020089450653823615 -0.07741668057429699 0.09066060185432434 0.012957368627452176 0.9957161353797804 -0.09155044698201625 -0.07900640368461609 0.07892423618235063 0.09025403989175353 0.9927865698256854 0.012998280115425587
0.9968249102904503 -0.020422599056765377 -0.07696113091816127 0.09132149070501328 0.013277947978954463 0.9956493966303913 -0.09222784333923195 -0.07859071344137192 0.07850983582904712 0.09091312577017875 0.9927592906847015 0.013319453224539757
0.9968581956584875 -0.020696342386135377 -0.07645521015823944 0.0919886976480484 0.013544304388682033 0.9955827300548536 -0.0929062938403583 -0.07811973989009857 0.07804030732340457 0.09157886780453296 0.9927351214722427 0.013586156070232391
0.9968955745785038 -0.021100180407201876 -0.07585509720894454 0.0926528200507164 0.013949469871389512 0.9955130203439179 -0.09359080412111838 -0.07756727933883667 0.07748951978236855 0.092242120056479 0.9927168607470028 0.01399199664592743
0.9969237247851356 -0.021533001733832213 -0.0753619054752599 0.09393308311700821 0.014326778216560823 0.9953848824670011 -0.09488771881591401 -0.07713378220796585 0.07705731883776328 0.09351612477260413 0.9926313031639945 0.014369998127222061
0.9968869315792774 -0.022039718397350746 -0.07570136365626678 0.09568355232477188 0.014662380034200187 0.9952093209899365 -0.09666137815323234 -0.07754679024219513 0.0774690922767626 0.09525050250636462 0.9924343210077428 0.014707107096910477
0.9967533965567537 -0.02262684533695379 -0.07727025509646337 0.09786947071552277 0.014921310565011952 0.9949873897001204 -0.0988809831502661 -0.07920307666063309 0.07912029413239952 0.09740698233616683 0.9920946824011124 0.014968793839216232
0.9962653799203444 -0.023711303491644332 -0.08302449553534887 0.10004618763923645 0.015244945490202288 0.994753205344949 -0.10116151488066324 -0.08509019762277603 0.08498755443694558 0.09951801114711359 0.9913996575791976 0.015300898812711239
0.9955364382304245 -0.025035793882878455 -0.09099675367909582 0.10275667160749435 0.015502040485016532 0.9944559207517444 -0.10400532881829305 -0.09323111921548843 0.09309611644038071 0.10213045924920917 0.9904052112126959 0.01557028666138649
0.99513998834991 -0.025896791035676346 -0.09500399886844545 0.10546120256185532 0.015677626831709437 0.9941595367819251 -0.10677559385212358 -0.09736805409193039 0.09721427674918297 0.10476722598027735 0.989733910077113 0.015752889215946198
0.9950653815388625 -0.026584721945899437 -0.0955936139183849 0.10764872282743454 0.016082524232650434 0.9939116448097504 -0.10899997580679936 -0.09806644916534424 0.09790934009186371 0.10692471590159054 0.9894346194934459 0.01616087183356285
0.9951141131967348 -0.027146349342683104 -0.09492616833118854 0.10943103581666946 0.016537917499308854 0.9937045106441725 -0.11080542771097311 -0.09749088436365128 0.09733652449857756 0.10869416379360321 0.9892983269751078 0.016617586836218834
0.9952084079103113 -0.02751338185082832 -0.09382557563774503 0.11087071150541306 0.01688439230719176 0.9935363759022795 -0.11225144567167644 -0.09645704180002213 0.09630753927414275 0.11012939470502411 0.989240301595555 0.016964057460427284
0.9953382894706596 -0.027986056257805654 -0.09229555877048685 0.11156141012907028 0.017457736053218032 0.9934454650759751 -0.11296608062545066 -0.09499488770961761 0.09485207939480096 0.11082819395404123 0.9893028830744242 0.01753770187497139
0.9953240235205759 -0.028564240324487827 -0.09227227306995857 0.11227114498615265 0.01796518178205948 0.9933504946623534 -0.11371915844568718 -0.09505006670951843 0.09490700946900422 0.11152972217638961 0.9892187728833838 0.018047621473670006
0.9950322844785976 -0.029126863315640003 -0.09519652661045613 0.11345557123422623 0.018074938158715262 0.9932056355203609 -0.1149602634876707 -0.09805521368980408 0.09789815859280437 0.11266850227099 0.9887981387220296 0.018163179978728294
0.9947678330308559 -0.029627831693913344 -0.09777090546891887 0.11509988456964493 0.01811096351947181 0.9930085300744336 -0.11664498360327866 -0.10071345418691635 0.10054328106587475 0.11426395227073992 0.9883495322222693 0.018204210326075554
0.9945746033907279 -0.030091650242537873 -0.0995783655010315 0.11684686690568924 0.018181373495167706 0.9927970124692326 -0.11842098500686271 -0.10260452330112457 0.10242458663819672 0.11596803274112724 0.987957802456232 0.018278516829013824
0.9944532624262583 -0.03048604617338249 -0.10066434243805393 0.11850936710834503 0.018271640895032908 0.992593438397457 -0.12010167854495928 -0.1037663072347641 0.10358019110222937 0.11759620333594176 0.9876448131652378 0.01837148703634739
0.994334887790293 -0.030794085825562704 -0.10173423809727605 0.11967048794031143 0.018327013276565763 0.992449079200943 -0.12128044268372666 -0.10489301383495331 0.10470077128381605 0.11872889063479034 0.9873911074246142 0.018429342657327652
0.9941951347015252 -0.031110875974180104 -0.10299586172237837 0.12047965824604034 0.01840217239593425 0.9923452969247057 -0.12211540329756922 -0.10620612651109695 0.10600657614943716 0.1195111922270749 0.9871573738495483 0.01850750483572483
0.994060795830473 -0.031364506069853054 -0.1042084543205629 0.12112780660390854 0.018436039320087586 0.9922620059903148 -0.12278527567369181 -0.1074598878622055 0.10725318944942794 0.12013483769111466 0.9869469966142329 0.018544062972068787
0.9940198307146451 -0.031633200945276725 -0.10451754275710946 0.12136388570070267 0.01863814742545758 0.9922257855516978 -0.12304718585511491 -0.10780607908964157 0.10759737732201174 0.12036332948316121 0.9868816916475615 0.018748080357909203
0.9941551047533821 -0.032162583375555484 -0.10305918650660012 0.12157675623893738 0.01931652183864243 0.9921810761314195 -0.12330281485333447 -0.1064198687672615 0.10621911163650821 0.12059137779007614 0.9870031509199159 0.019427644088864326
0.9942380311771007 -0.032748862806295465 -0.10206982583494877 0.12224772572517395 0.019946152209369652 0.9920797634319355 -0.1240157006224444 -0.10551848262548447 0.10532278183338586 0.12126522573982013 0.9870166445674295 0.02005905658006668
0.9941103984340611 -0.03334564100122219 -0.10311442164648944 0.12343816459178925 0.020280058306175616 0.9919173998973915 -0.12525410578458737 -0.10665978491306305 0.10645766745693105 0.1224252425238198 0.9867516531694352 0.020397378131747246
0.9937120049771409 -0.034284626901144796 -0.10658806463464911 0.12498297542333603 0.020604238070275248 0.9917021735107076 -0.12689469818586635 -0.11027753353118896 0.11005415275151709 0.12390061909606423 0.9861727637943353 0.020731646567583084
0.9933315328792798 -0.03516409096305462 -0.10979960152223829 0.12659557163715363 0.02088409001104194 0.991477394332104 -0.12859405628889845 -0.11363008618354797 0.11338571590862312 0.12544346629124892 0.9856001299678918 0.021021192893385887
0.9931402050184737 -0.03583463361374346 -0.11130324438053406 0.1280348300933838 0.02118803281024611 0.9912759117110825 -0.13008894698241608 -0.11524887382984161 0.11499391480202793 0.12683826668293244 0.9852352275793701 0.021331146359443665
0.993140922794584 -0.03652996267722507 -0.11107055999463933 0.12864546477794647 0.021833276116634163 0.9911731246908158 -0.13076369887954134 -0.11512105911970139 0.11486694705065092 0.12744174636846867 0.9851721604662902 0.0219805259257555
0.9931371303242467 -0.037374542204152525 -0.1108232104134798 0.12868230044841766 0.022693011371574666 0.991136714908361 -0.1308932373942675 -0.11498624831438065 0.11473302753004463 0.12748002179044568 0.9851828137143368 0.022845851257443428
0.9931121956516433 -0.03822282001737137 -0.11075731523421764 0.1282787173986435 0.023583022805728264 0.9911554943667763 -0.13059336515266004 -0.11502283066511154 0.11476936822740083 0.1270818713132252 0.985230018878948 0.02374212257564068
0.9930613182929968 -0.03885130620991241 -0.11099456795699013 0.12757377326488495 0.02425179090031009 0.9912204307574977 -0.12997656822307785 -0.11532530933618546 0.11506984291421847 0.12638288513364615 0.9852848814413996 0.02441638894379139
0.9929579071283886 -0.039245992827068726 -0.1117781137711132 0.1269783228635788 0.02460782660720197 0.9912810344118335 -0.12944638150630364 -0.11614472419023514 0.11588377600371909 0.12578419162368254 0.9852660998921542 0.024777274578809738
0.992776249202279 -0.03949189086630883 -0.11329479059364524 0.12674115598201752 0.024682511387366785 0.9913037694081227 -0.12925792195784352 -0.11768566071987152 0.11741419271734947 0.12552779498203182 0.9851175970590933 0.024856988340616226
0.9926324988048622 -0.03976940967022977 -0.11445137120583962 0.1263037472963333 0.024858727574450068 0.9913493601745587 -0.1288739296555839 -0.11886624991893768 0.1185865337202953 0.12507933536749602 0.9850342094994624 0.02503800019621849
0.9925351854752322 -0.040026346061088125 -0.11520328647501486 0.1252654641866684 0.0251384929923459 0.9914689443946111 -0.1278960064705279 -0.1196247935295105 0.1193396906469935 0.12404524949401953 0.9850740146376039 0.025322144851088524
0.9925036694993968 -0.04007895777428474 -0.11545623921624706 0.12349273264408112 0.02536867805835034 0.9916841520751236 -0.12617041133568122 -0.11983954161405563 0.11955290127723349 0.12229562407040702 0.985266910095648 0.025554722175002098
0.9925128505926865 -0.03990540846566328 -0.11543742800135579 0.12141955643892288 0.02544613170359293 0.991940781502313 -0.12412082973419003 -0.11974615603685379 0.11946018495592176 0.1202540825409639 0.9855294109475009 0.025632472708821297
0.9924974019444437 -0.03968958499916299 -0.115644472311147 0.11926502734422684 0.02546392741356118 0.9922047944618264 -0.12198866442273115 -0.11987154930830002 0.11958467934566833 0.11812867005752262 0.9857713334116766 0.025650789961218834
0.9924180637583194 -0.03932220863239873 -0.11644805981405763 0.11739911884069443 0.02522749615715174 0.9924378734167559 -0.12012760234712058 -0.12058315426111221 0.12029114748737385 0.11627910954379184 0.9859052736038456 0.025414757430553436
0.9923012769843031 -0.03892890194245227 -0.11757004843443807 0.11571767181158066 0.02490861509344147 0.9926478854785646 -0.1184471880166895 -0.12161625176668167 0.12131667894171831 0.11460678884119016 0.985975429390643 0.025096597149968147
0.9921636487504152 -0.038512629630148 -0.11886156425537119 0.11418767273426056 0.024532564029456284 0.9928390509439657 -0.11691352455052431 -0.1228216141462326 0.12251304991878749 0.11308137017058323 0.9860036289588088 0.024721290916204453
0.9920636920514314 -0.03812127926320155 -0.1198181913593247 0.11228304356336594 0.024269094090193358 0.9930676054363152 -0.1150119215778279 -0.12368709594011307 0.12337196596198058 0.1111912725906134 0.9861114840191022 0.02445836365222931
0.9919870440753713 -0.03770913764465606 -0.1205807833972878 0.11017774045467377 0.02403499676574082 0.9933146132196281 -0.11290880432814582 -0.1243525892496109 0.12403234786570026 0.10910591231659755 0.986261566005938 0.024224404245615005
0.9919693417610069 -0.037346001234878676 -0.12083915424231935 0.1078467071056366 0.023935418474176417 0.9935784250039866 -0.11058485026920845 -0.12451457232236862 0.12419307850561022 0.10680444540543076 0.9864932284070366 0.02412451058626175
0.9921079514534179 -0.03709461011385262 -0.11977396446391714 0.10585489869117737 0.02404780191908088 0.9937955396535287 -0.10859156775556844 -0.12337172031402588 0.12305899351840592 0.10485425725860073 0.9868445008454899 0.024234352633357048
0.9923138228169214 -0.03674318668119412 -0.11816604960384523 0.10372760146856308 0.024130859688399387 0.9940256460663182 -0.10644583868398752 -0.12167122215032578 0.12137124312276888 0.10277622874453816 0.987272033508437 0.024312978610396385
0.9924763308942987 -0.03617083730243245 -0.11697180490798431 0.10150299221277237 0.023957469962107278 0.9942696676599715 -0.1041818967208053 -0.12036025524139404 0.12006986402759565 0.1005957181005771 0.9876556734268395 0.024134397506713867
0.9925807805964139 -0.035507309075592366 -0.11628682209444077 0.09965601563453674 0.023591997037306696 0.9944755235890743 -0.10228318854058069 -0.1195608451962471 0.11927619907762603 0.09878088876116989 0.9879349798185849 0.02376386523246765
0.992599047154473 -0.034580335479488536 -0.11641018849807849 0.0984569638967514 0.022805996032190388 0.9946251443235228 -0.10099855852630385 -0.11956171691417694 0.11927706457241416 0.09759622266019077 0.988052609525146 0.022971998900175095
0.9925361111267538 -0.03351934511048511 -0.11725408996169198 0.09776698797941208 0.021755612653139234 0.9947289459739934 -0.10020487692500292 -0.12028468400239944 0.1199948391701365 0.09690602429587447 0.9880336335508526 0.021915705874562263
0.9924430944205525 -0.03280851677836193 -0.11823834218967406 0.09792546927928925 0.020936559075759656 0.9947384332123176 -0.10028514338809552 -0.12120296061038971 0.120906430064847 0.09705179399221633 0.9879081862460027 0.02109285071492195
0.9922924779829677 -0.03257435554457837 -0.11955981557060451 0.09952682256698608 0.020379416572058492 0.9945921230872374 -0.10183903020455362 -0.12253701686859131 0.12223059158248425 0.09861754435026696 0.987590128761785 0.020534824579954147
0.9920844367124391 -0.03288790148413166 -0.12118934098728613 0.10266632586717606 0.02013801476563634 0.9942717714646375 -0.1049671607212016 -0.12426687031984329 0.12394729038692888 0.10169577377915763 0.987063847378272 0.020295903086662292
0.991962217331797 -0.03368020435726591 -0.12196968156323756 0.10755858570337296 0.020232266360313885 0.9937409804613909 -0.10986136331558416 -0.1252335160970688 0.12490642411065203 0.10651059846835091 0.9864349332975813 0.020393379032611847
0.9919077166500269 -0.03534202262293104 -0.1219427041157049 0.11576317995786667 0.020855012938422682 0.9927833761081322 -0.1180941851179696 -0.12556608021259308 0.12523637684582042 0.11459541683793151 0.9854865500625933 0.02102205716073513
0.9919369790851971 -0.03766162886849465 -0.12100674044988219 0.1269955188035965 0.021859955386491103 0.9913577716293324 -0.12935188819891777 -0.12515908479690552 0.12483257537131084 0.1256637192713015 0.9841877147094804 0.02203407883644104
0.9921468483338642 -0.040529225269939545 -0.11833010284876165 0.14214284718036652 0.023180176259752987 0.9892379333551234 -0.144467957138776 -0.12322340160608292 0.1229118007749736 0.14059051571959938 0.9824087724160194 0.023359404876828194
0.9925846249805038 -0.04350271158757903 -0.11350452121761687 0.16368785500526428 0.024250873536864954 0.985864597697098 -0.16577964332280923 -0.1193954199552536 0.11911195315757148 0.16179774130706145 0.9796090207439505 0.02442718669772148
0.9931056929306682 -0.046728103928638264 -0.10750612527633817 0.19033092260360718 0.0253780112902721 0.9810681446302407 -0.19199284396749733 -0.11469358950853348 0.11444229642771137 0.1879408946850348 0.9754902259342942 0.025548629462718964
0.9933960774992886 -0.050527083623563465 -0.10301090733279078 0.2217114418745041 0.0264717389391578 0.9745223997304633 -0.2227225616346851 -0.11187317222356796 0.11163995810893367 0.2185248412516903 0.9694242690944761 0.02664141356945038
0.9935481741633794 -0.05454977323365517 -0.09943011544181155 0.2559346854686737 0.02743458755464184 0.9662895778114274 -0.25599178740483064 -0.11026588827371597 0.11004257822462114 0.25161234876923294 0.961551796277511 0.027605725452303886
0.9936371497660288 -0.058547154481969114 -0.09621561883034785 0.29202938079833984 0.028199089140540444 0.9563856234094394 -0.2907427569302147 -0.10925864428281784 0.10904139570129408 0.28617961149914656 0.951951261349924 0.02837204933166504
0.9937170240909251 -0.06237599867362566 -0.09292852533718474 0.32910358905792236 0.028824356978250844 0.9449211535313893 -0.32602633337462034 -0.10835827142000198 0.1081463474957259 0.3212993127885221 0.9407821847404196 0.028998473659157753
0.9937562974307642 -0.06636435586801401 -0.08968942851262836 0.3672580122947693 0.02956261379506162 0.9317540384409623 -0.3618845999964102 -0.10779335349798203 0.10758472559941913 0.3569736462530272 0.9278983471795368 0.029739582911133766
0.9938205702911328 -0.0701547481893371 -0.0860173550668604 0.4065348207950592 0.030249147060395654 0.9167866109649365 -0.3982302086200198 -0.10700136423110962 0.10679729944303924 0.39316742141474115 0.9132435138394125 0.0304278377443552
0.9938853373803129 -0.07384494303882541 -0.08209056296563001 0.4488236606121063 0.030737289597951436 0.8991051425738933 -0.43665222045164354 -0.10625241696834564 0.10605260566621219 0.4314589980343111 0.8958772113669569 0.030916539952158928
0.9939160494591549 -0.0776490863834016 -0.0781121374136548 0.49423056840896606 0.03112909101044197 0.8783336750330721 -0.4770334736638103 -0.10584726929664612 0.10564973412351908 0.4716996657691424 0.875407081872719 0.031309403479099274
0.9939488797213281 -0.08124465880169587 -0.07392516430088697 0.5419532656669617 0.03129622895471359 0.8545692398628182 -0.5183936345418405 -0.10548640787601471 0.10529088542666577 0.5129431934400545 0.8519407900491603 0.03147635981440544
0.9939968628552703 -0.0848127357469869 -0.06911610875181495 0.5907963514328003 0.03176199804328798 0.8282111458892754 -0.5595153914818353 -0.10488898307085037 0.10469676267286927 0.553961278141248 0.82593310274255 0.031942952424287796
0.9941108773699124 -0.08809970936500135 -0.06310312753441914 0.6405472755432129 0.03274686899800921 0.7993016088504182 -0.6000371493999018 -0.10348614305257797 0.1033015298320896 0.5944370271937434 0.7974794132988102 0.0329289548099041
0.9943170979921588 -0.09044096154749898 -0.0561599600677872 0.6906936168670654 0.03376094526461721 0.7681776826603995 -0.6393459520770723 -0.101136215031147 0.10096389065052495 0.6338165983443966 0.7668655765177144 0.033940862864255905
0.9945649239406148 -0.09200932085120304 -0.04873291437519031 0.7409413456916809 0.034824816972980246 0.735063950753274 -0.6771028137777798 -0.09827971458435059 0.09812157861448054 0.6717255936611979 0.7342730300308691 0.03500082716345787
0.9948957364546346 -0.09244369983634373 -0.04045535743209 0.7933985590934753 0.03584776492195027 0.6985513535062061 -0.7146614193201897 -0.09446652978658676 0.09432609042301483 0.7095633649472156 0.6982996633181874 0.03601609915494919
0.9951260174031323 -0.09283928977124037 -0.033242679828082836 0.8499799966812134 0.03614652518085287 0.6570611775622065 -0.75297014393528 -0.09187689423561096 0.09174768773506356 0.7480985731942937 0.6572144905431796 0.03630760312080383
0.9952351683836949 -0.09350770849225434 -0.02762730650653885 0.9108197689056396 0.035356787416442194 0.6101631460253084 -0.7914864703935797 -0.0909927636384964 0.09086725040336135 0.7867383578325299 0.6105619535469821 0.03551112860441208
0.9952873166340238 -0.0944049951351205 -0.022155230555838488 0.9739758968353271 0.034589066497624534 0.5590738565582595 -0.8283960522551382 -0.09071550518274307 0.09059113547288936 0.823725755216269 0.5597044991485419 0.03473886474967003
0.9952514337444968 -0.09585899749601416 -0.016900775975757447 1.0397617816925049 0.033830404577749426 0.5034597505431961 -0.8633561161589628 -0.0913965031504631 0.09126931223379181 0.8586846523503502 0.5043119872284703 0.03397873416543007
0.9950650285618596 -0.09851613363193733 -0.01183893354149735 1.1046174764633179 0.03355775951333725 0.44640932158261715 -0.8941994153322806 -0.09351431578397751 0.0933780793849967 0.889389278672934 0.4475122850514916 0.03371141105890274
0.9948165653596676 -0.10146309162692543 -0.0067262414096194885 1.1664667129516602 0.033576216161377695 0.3902020276943053 -0.9201168487162579 -0.09613048285245895 0.09598249316557049 0.9151216414339455 0.391586187684094 0.033738356083631516
0.994526441829185 -0.10446545431791666 -0.002031097420610292 1.2254587411880493 0.0332874008082158 0.33520739221360746 -0.9415561338299411 -0.09920356422662735 0.09904092815606051 0.9363348616064148 0.3368499985015319 0.03345811367034912
0.9943077523701684 -0.10651239969931432 0.0026837076735762855 1.2817198038101196 0.032765843130716926 0.2817119782588752 -0.9589393937206899 -0.10155738890171051 0.10138290339360458 0.9535688071742724 0.2835983724983599 0.03294150158762932
0.9940526714447817 -0.10863324673305463 0.007622604392742014 1.3389099836349487 0.03220829511550078 0.22641456097882934 -0.9734983678992568 -0.10421697050333023 0.10402841976712798 0.9679541643492213 0.22856689086513596 0.03238966315984726
0.9939400422796608 -0.10906248362880738 0.01373197064598788 1.395175814628601 0.03239583726952715 0.171257206715392 -0.9846935964428974 -0.10523556172847748 0.10504143030591533 0.9791712535674021 0.17375256575524264 0.032581817358732224
0.9939036018465748 -0.10822777566365235 0.02103280322029035 1.448062539100647 0.0339361968765639 0.11880186058713549 -0.9923378721295433 -0.10509312897920609 0.10489978445144878 0.9870019587092687 0.1217504362460629 0.03413109481334686
0.9938371445723817 -0.10713164255120253 0.028470005839413965 1.4987411499023438 0.03590972630314524 0.06816889786566499 -0.9970273280711085 -0.10506559908390045 0.10487240640439262 0.991905142908364 0.07159585076587889 0.036116693168878555
0.9937947579251264 -0.10511532805234888 0.0363695879683363 1.5448877811431885 0.03886765121737185 0.021814356273570087 -0.999006225981207 -0.10440707206726074 0.10421748802088933 0.9942207509747606 0.025764578820523364 0.039090417325496674
0.9937243391246582 -0.10291729083587337 0.043817451754587976 1.5850915908813477 0.04211384055670673 -0.018669222888571063 -0.9989383787553171 -0.10381243377923965 0.10362606942669238 0.9945147014316787 -0.014217818800126033 0.04235445708036423
0.9936050901242313 -0.10097690102821 0.050523166349284374 1.617730736732483 0.04548512364199035 -0.05158882209647146 -0.9976320448752493 -0.10352906584739685 0.10334422289848247 0.9935503303272752 -0.046665969400314304 0.045745931565761566
0.9933466372776607 -0.10076991333550185 0.05574838809794384 1.6440098285675049 0.047962847955562375 -0.07809891456639566 -0.9957912054037946 -0.10489191859960556 0.1046996820680709 0.9918396967806371 -0.07274608212775857 0.048246629536151886
0.9928401676242116 -0.103184407500787 0.060177899603085665 1.6666957139968872 0.049725336543101156 -0.10104035998467285 -0.993638886396785 -0.10882309824228287 0.10860843640161134 0.9895169648383393 -0.09518604855501615 0.05004211515188217
0.992118458271093 -0.10763445335953639 0.06415441690003337 1.6861597299575806 0.05100105956561201 -0.12079275538937123 -0.9913667344472622 -0.11470597982406616 0.11445460532881323 0.9868251793987816 -0.11435125108011845 0.05136100947856903
0.9916063542954494 -0.10991930691462173 0.06807777969570496 1.7032920122146606 0.05258911251747376 -0.1381235080934169 -0.9890178369253977 -0.11839167773723602 0.11811529691581962 0.984296521623122 -0.13118358950383532 0.05298462510108948
0.9913006906219549 -0.10988082538181951 0.07245098333249349 1.719680905342102 0.054953014800833665 -0.1546541629402006 -0.9864391801066933 -0.11988254636526108 0.11959559748056997 0.9818392404557255 -0.14727049590664626 0.05537858232855797
0.9911350121109307 -0.10841780217129514 0.07679171791418146 1.735323429107666 0.05758019227045257 -0.1703605523034183 -0.9836980246381366 -0.12002059817314148 0.11973265730769955 0.979399235445495 -0.16260759017591025 0.05802997946739197
0.9911460510639335 -0.10581435097597075 0.08020491623276199 1.7485461235046387 0.05980691460788793 -0.18352184048156236 -0.9811946122107197 -0.11882323771715164 0.11854382491490265 0.9773039737941281 -0.17556851762417672 0.0602680966258049
0.9911359885298675 -0.1041188577619337 0.08251494227879334 1.7582190036773682 0.06123965089979254 -0.19311588475651553 -0.9792629678551006 -0.11816951632499695 0.11789468774543625 0.9756359559349268 -0.185027900837543 0.06170888617634773
0.9910931998327479 -0.10327845430469332 0.08407038790036686 1.7651759386062622 0.062102649187041135 -0.20000820651899157 -0.9778241039619587 -0.1180771142244339 0.11780292954437116 0.9743358138760423 -0.19181290777545218 0.06257893890142441
0.9909623774075659 -0.10358485181412233 0.08522760724900927 1.7700598239898682 0.06259159851293497 -0.20488458884851962 -0.976782778844902 -0.11892183125019073 0.11864172267099216 0.9732895169100608 -0.19654937780272924 0.06307864189147949
0.9908150132764073 -0.10457814527107495 0.08572643115011067 1.7721872329711914 0.0626201788161765 -0.2070408272900589 -0.9763261796346946 -0.12014005333185196 0.1198512522717339 0.9727268410847466 -0.19859045788301927 0.06311672925949097
0.9907370616182759 -0.10517044837574183 0.08590256995241706 1.7726117372512817 0.06261829816110243 -0.20749535997757235 -0.9762298009808884 -0.12078841030597687 0.1204949105621966 0.9725661172260851 -0.1989877487494774 0.0631197914481163
0.9907011830214677 -0.10563947011503806 0.08574070394904837 1.7724077701568604 0.062388819101780985 -0.20729765411941445 -0.9762864937341256 -0.12120477855205536 0.12090823466972639 0.9725574455786155 -0.1987793093826638 0.06289135664701462
0.9907221084532741 -0.10561911104382551 0.08552372304928514 1.7717050313949585 0.06226678626167938 -0.20659174351309167 -0.9764439046053098 -0.12109537422657013 0.12079963224505738 0.9727098513403332 -0.19809844510981375 0.06276734173297882
0.9907529440695477 -0.10557509380954724 0.08522032260340658 1.771002173423767 0.06206555120742344 -0.20587464416791165 -0.9766081600324946 -0.12094484269618988 0.1206502017024509 0.972866656050993 -0.19741833342756407 0.06256307661533356
0.9907690777390694 -0.10561552752309938 0.08498232135033375 1.7704674005508423 0.061890257839307246 -0.20533103262250765 -0.9767337216594699 -0.12090208381414413 0.12060775506018684 0.9729771463853569 -0.19689906559237358 0.06238582357764244
