1.0 0.0 0.0 0.0 0.0 1.0 0.0 0.0 0.0 0.0 1.0 0.0
0.9999995829554353 -0.0005715230730418164 0.0007123554817671294 0.0003746084403246641 0.0005717897423198796 0.9999997665149583 -0.00037420117507381884 0.0007121415110304952 -0.0007121414508372659 0.0003746083365726124 0.9999996762615216 0.0005717899184674025
0.9999985821367378 -0.0014796971959583458 0.0008038785495420767 0.00035364681389182806 0.00147998091493425 0.999998842714443 -0.0003524574672270547 0.0008033561753109097 -0.0008033560888990913 0.00035364669240180776 0.9999996147764315 0.0014799819327890873
0.9999972122971313 -0.002281711523111089 0.0006076104767971579 0.0008670854149386287 0.002282237096936772 0.9999970209734991 -0.0008657008494136693 0.0006056334241293371 -0.000605633387105771 0.0008670851472675619 0.9999994406856175 0.0022822394967079163
0.9999949512411079 -0.003158715322404965 0.0003464243153098396 0.0013548630522564054 0.003159181595699856 0.999994093415036 -0.0013537749760059413 0.00034214608604088426 -0.00034214607936538925 0.0013548625584437232 0.9999990236412775 0.0031591870356351137
0.9999929187449218 -0.0037628043496095004 -6.13468723726848e-05 0.002193256514146924 0.003762660740931717 0.9999905154235346 -0.0021935011106468403 -6.960000609979033e-05 6.960000604359806e-05 0.002193254750437706 0.9999975923918211 0.0037626696284860373
0.9999902317555862 -0.00441989087021226 -3.095326310186457e-05 0.0037721663247793913 0.004419742658815928 0.9999831175542097 -0.0037723310291739825 -4.7626032028347254e-05 4.7626032010342715e-05 0.0037721573746651187 0.999992884254934 0.004419757053256035
0.9999883212622052 -0.004775672022323713 -0.0007418193390704681 0.006079539190977812 0.004771072456808656 0.9999701158721129 -0.0060831102509035 -0.0007708481862209737 0.0007708481098804208 0.0060794999340373366 0.9999812225605756 0.004771091975271702
0.9999844467089659 -0.005231700900793442 -0.00193278189354323 0.008103236556053162 0.005215857347097526 0.999953483196258 -0.008113339374491553 -0.0019751398358494043 0.0019751385516211827 0.008103132070723228 0.9999652184342945 0.005215891171246767
0.9999773275230248 -0.00587967165447148 -0.003282362128847214 0.008910426869988441 0.005850158857585818 0.9999430167456032 -0.008929664217853716 -0.0033346847631037235 0.003334678582756666 0.008910259420365461 0.9999547425737886 0.005850224755704403
0.9999691775048474 -0.006685134277362519 -0.0041174045189464655 0.00884847529232502 0.006648382309517547 0.9999385065461508 -0.008875930312931652 -0.004176500253379345 0.004176488111500162 0.008848282655247716 0.9999521312748462 0.006648489274084568
0.9999605806141564 -0.0073665654555436265 -0.004956907421822041 0.008288601413369179 0.007325134828891264 0.9999385161614088 -0.008325040339754909 -0.005017950665205717 0.005017929606709051 0.008288402156578412 0.9999530602844081 0.007325292564928532
0.9999534158091781 -0.007820484039947123 -0.005657405848789272 0.007502901833504438 0.007777690290911906 0.9999412729700963 -0.007547061990071722 -0.005716126412153244 0.00571609528398866 0.007502708865753956 0.9999555168178133 0.007777895778417587
0.9999461642094001 -0.008272552023829304 -0.006263670323423279 0.006806631106883287 0.00822956186431034 0.9999426169646035 -0.006858359096897439 -0.006320089101791382 0.006320047027434584 0.006806442609288983 0.9999568637419204 0.008229819126427174
0.9999350865527624 -0.009075353657735801 -0.006889168070702977 0.006648543756455183 0.009029132431085172 0.9999367168016556 -0.0067109730641263755 -0.006949692498892546 0.006949636556058017 0.006648334220880085 0.9999537500323834 0.009029473178088665
0.9999234650843792 -0.00986589463435769 -0.007465125364775864 0.006723117083311081 0.009815204731535318 0.9999287309927382 -0.006796667663662592 -0.007531719747930765 0.007531648539736473 0.006722875747474599 0.9999490373073808 0.00981564074754715
0.9999124114823987 -0.010635974777364172 -0.007876890502576549 0.007162948604673147 0.010578946041880376 0.9999177827855393 -0.007246624724242354 -0.007953401654958725 0.00795331780436888 0.007162660803520586 0.9999427188724944 0.010579477995634079
0.9999027133786267 -0.011298481135815526 -0.008179737286947698 0.007524129934608936 0.011236232696060795 0.999907864119613 -0.007616452360104905 -0.008265132084488869 0.008265037982963915 0.00752380194963915 0.9999375388249822 0.011236852966248989
0.9998921034171332 -0.01197498891158946 -0.008507712067780416 0.008192342706024647 0.011904448873294685 0.9998947402770735 -0.008294122211948042 -0.008606244809925556 0.008606138569884868 0.008191947681163889 0.9999294106946275 0.011905170977115631
0.9998804222804824 -0.012371647038850868 -0.009278118869160872 0.009395680390298367 0.01228338590974333 0.9998793296835651 -0.009510231444961355 -0.009394794702529907 0.009394656502315853 0.009395127518586708 0.9999117321084461 0.012284236960113049
0.9998716777878334 -0.012630539612025976 -0.009853802659490525 0.01028522290289402 0.012527900346879003 0.9998673401673993 -0.010409312151579328 -0.009984136559069157 0.0099839706851437 0.010284528947860996 0.9998972691200226 0.012528852559626102
0.99986401468089 -0.01302994967799729 -0.010108044202604362 0.010605626739561558 0.012921338384141473 0.9998588686004027 -0.010736940694878488 -0.01024669874459505 0.010246519437128763 0.01060487116902812 0.9998912668620088 0.01292237639427185
0.9998560739475996 -0.01335479045090549 -0.010463315062855659 0.010289017111063004 0.013245683874758638 0.9998578905681916 -0.010428352085348544 -0.010601295158267021 0.010601096583945339 0.010288257410195272 0.9998908783015672 0.013246815651655197
0.9998423136283965 -0.013728126452543581 -0.01126438734765964 0.009690358303487301 0.013617443031552053 0.9998588153525139 -0.009844521682121061 -0.011398190632462502 0.011397943827619779 0.009689577182224745 0.9998880932237028 0.013618748635053635
0.999830535691335 -0.014163358044275261 -0.011760067520543933 0.00871441513299942 0.014059346505603566 0.9998617258928166 -0.008880533231362758 -0.011884499341249466 0.011884219579486991 0.00871368943373751 0.9998914125751049 0.01406080275774002
0.9998216080568404 -0.014712476309039817 -0.011844623400084433 0.0074851131066679955 0.014622361483588793 0.999863753307033 -0.007659070923821323 -0.011955978348851204 0.011955693508832707 0.0074845082422834155 0.9999005168160952 0.014623927883803844
0.9998123050557587 -0.015247341858190174 -0.011952958853358826 0.006497262977063656 0.015168257127898497 0.9998626460003645 -0.006679304518568724 -0.01205345056951046 0.01205315870602241 0.006496745293552602 0.9999062524385964 0.015169940888881683
0.9998042906848297 -0.015651100119043287 -0.0121005534281842 0.006025289185345173 0.015576748514911622 0.9998593625078589 -0.00621450811257545 -0.012196417897939682 0.012196115525357064 0.00602480459780654 0.9999074739672918 0.015578537248075008
0.9997924269895372 -0.016122821129358898 -0.012456226282532302 0.005682824179530144 0.016050510629060162 0.9998538721141359 -0.005883496147340016 -0.012549594044685364 0.012549264636518625 0.005682346099986903 0.9999051089477854 0.01605246402323246
0.9997825935825209 -0.016490603543321002 -0.012760312072391488 0.0064019691199064255 0.01640721661286183 0.9998435288243208 -0.006612194125114462 -0.012867709621787071 0.012867354523228227 0.006401395387458602 0.9998967213290916 0.016409311443567276
0.9997682467600606 -0.01676942058288072 -0.013499603832296442 0.007459159009158611 0.01666671181116707 0.99983156523616 -0.0076851723997417585 -0.013626627624034882 0.013626205917936235 0.007458397329500814 0.999879342131618 0.016669031232595444
0.9997540077453839 -0.01703753604905154 -0.014200224027115823 0.00811999011784792 0.01691992998669254 0.9998218857043365 -0.008361389589659212 -0.014340643770992756 0.014340152240768953 0.00811906595624818 0.9998642111815532 0.016922477632761
0.9997346354394471 -0.017698722503237157 -0.01474496268253169 0.008658060804009438 0.01756844745707526 0.9998058870199398 -0.008918404241766343 -0.01490049622952938 0.014899944855731222 0.0086569915111993 0.9998515130464479 0.017571302130818367
0.999711883367991 -0.01838611723259745 -0.01543051995020382 0.009077215567231178 0.018243075491284025 0.9997897664826071 -0.009360183399558361 -0.015600006096065044 0.015599373367022377 0.009075986434720962 0.9998371297470369 0.018246307969093323
0.9996875897911269 -0.018958150852006708 -0.016288380333233574 0.009029130451381207 0.01880776127676013 0.9997795195076672 -0.00933704925416121 -0.016462545841932297 0.016461802251391402 0.009027784295760927 0.999823738554624 0.0188114196062088
0.9996702810044168 -0.019479768463563855 -0.01672925273753462 0.008860048837959766 0.019328021676753283 0.9997710051010382 -0.009185038776333056 -0.016905149444937706 0.016904344252686106 0.008858666935026379 0.9998178669965451 0.01933198794722557
0.9996598577585051 -0.019805787860509388 -0.016967603056114416 0.009238863363862038 0.019645292685492033 0.9997611723373678 -0.00957396270691104 -0.017154011875391006 0.01715317059749356 0.009237372669567307 0.999810201830636 0.01964944787323475
0.9996400973233798 -0.020005841567164846 -0.017872943979466996 0.009971845895051956 0.019823384583318185 0.9997501509750757 -0.010328070922260133 -0.018076084554195404 0.018075100192406376 0.009970051579749811 0.9997869217110872 0.01982792280614376
0.999608538574063 -0.02025165453008496 -0.01930388817363252 0.011009838432073593 0.02003407708305675 0.999734317243838 -0.01139871398129182 -0.019530843943357468 0.019529602281054277 0.011007516240789595 0.9997486830303667 0.020039239898324013
0.9995671900778834 -0.02055698836718764 -0.021043829239844717 0.012147900648415089 0.020295235638348633 0.999714915825387 -0.01257737995861723 -0.021297993138432503 0.021296383030654165 0.012144846870621092 0.9996994382134567 0.02030123397707939
0.999519433058939 -0.020826197149139476 -0.02296023627583288 0.013580136932432652 0.02050694032773791 0.9996909324278761 -0.014053647920668983 -0.023247918114066124 0.023245824053612165 0.013576050006857732 0.9996375955966641 0.020513921976089478
0.9994861791327486 -0.02115384733845446 -0.024080956488493014 0.01474178396165371 0.02079037606663246 0.9996676145683504 -0.015245348347347873 -0.024397870525717735 0.024395450100937403 0.014736862827798507 0.9995937609290922 0.02079806476831436
0.9994728693961242 -0.021288688864445755 -0.024510713321135524 0.01544008869677782 0.020901266505488937 0.9996542209377657 -0.015955426029264176 -0.024844463914632797 0.024841908130105332 0.015434710484541583 0.999572233164124 0.02090924233198166
0.9994828777915725 -0.02140853760898061 -0.023992738879110406 0.016035214066505432 0.021014846210367102 0.9996422964052786 -0.016542535366009567 -0.024340711534023285 0.024338308080697247 0.01602977713587811 0.9995752562987656 0.021022621542215347
0.9994822223110954 -0.021445416082356318 -0.02398710931163992 0.016548141837120056 0.021039318777524105 0.99963315291108 -0.017055986234487435 -0.02434648759663105 0.024344082431910864 0.016542482585994046 0.9995667621126867 0.021047109737992287
0.999473150824297 -0.021703493320533375 -0.024132533208051393 0.01631329394876957 0.021300551910129386 0.9996314410855207 -0.01683058173709363 -0.02449136972427368 0.0244889213661203 0.01630767828265782 0.9995670824708831 0.021308554336428642
0.9994568767762586 -0.022382158599744902 -0.024186575637374974 0.015045911073684692 0.02200910709649576 0.9996363402692209 -0.015581605115445093 -0.0245289895683527 0.024526529910722704 0.015040817450343245 0.9995860258831973 0.02201750874519348
0.9994272973816037 -0.02321980369192778 -0.024615400971986112 0.013567228801548481 0.022876599213222885 0.9996383829910445 -0.014133805555742968 -0.02493726834654808 0.024934683814736614 0.013562594425784388 0.9995970776145261 0.02288571186363697
0.9993981432204028 -0.02377927246865236 -0.02525663335587387 0.012477860786020756 0.023454616323135547 0.9996394144752675 -0.013073714111864771 -0.025561193004250526 0.025558409589525564 0.012473460963415898 0.9995955084287085 0.02346443384885788
0.9993790567731278 -0.024322406124774144 -0.02549355690277344 0.011313590221107006 0.024024448016401807 0.9996401921321713 -0.011929466520466513 -0.025777392089366913 0.025774537449983564 0.011309590366466568 0.9996038047071361 0.02403474599123001
0.9993733450572532 -0.02478045515780475 -0.025275407637632377 0.010680045932531357 0.024501105731744674 0.9996359059348655 -0.011302715766688579 -0.02554907090961933 0.0255462914529355 0.010676357429044343 0.9996166277053664 0.024511558935046196
0.9993682818508252 -0.024964250807090922 -0.025294730917138915 0.010717269033193588 0.024683659397721856 0.9996309348008773 -0.011345093558957329 -0.02557140402495861 0.02556861727327195 0.010713560134936365 0.9996156588609284 0.02469424158334732
0.9993718375200964 -0.024833010198649523 -0.02528343284009767 0.011160130612552166 0.024541278490295335 0.9996293611476122 -0.011784141109065581 -0.025569483637809753 0.025566697513909147 0.011156250987243462 0.9996108653081668 0.024551769718527794
0.9993908013347269 -0.02444878985857142 -0.024905478955117882 0.011586728505790234 0.024150913495076577 0.9996339808244189 -0.012191708595541294 -0.02519710175693035 0.025194435593712608 0.01158279135513899 0.9996154657464726 0.02416093274950981
0.9993994053870694 -0.024224033734147263 -0.02477952181982441 0.012558252550661564 0.02390341764505416 0.9996277277262257 -0.013154185105476068 -0.02509157732129097 0.025088944514633768 0.01255396951366023 0.9996063938934123 0.023913223296403885
0.9993917091951636 -0.024100791344761483 -0.02520641681250852 0.013925855979323387 0.023739694357677626 0.9996126057055014 -0.01452809094348039 -0.025549570098519325 0.025546790478917142 0.013920861008366465 0.999576695969355 0.02374967746436596
0.9993926853770246 -0.024338821819119925 -0.024937565385510466 0.014383377507328987 0.023969959697103946 0.9996003635471045 -0.014985133586851197 -0.025295017287135124 0.02529231992164203 0.014378280458862082 0.9995766922072702 0.023979928344488144
0.9993735410823225 -0.02494005400854588 -0.025110139199740963 0.014042136259377003 0.024577033863417638 0.9995903925798839 -0.014663439858025342 -0.025468314066529274 0.025465560882414816 0.014037121073935288 0.9995771428163509 0.024587484076619148
0.9993481294300445 -0.025348671804197274 -0.025705272658231876 0.013504069298505783 0.02499075940475474 0.99958752483677 -0.014150693801831536 -0.02605631947517395 0.02605337116468062 0.013499075096562178 0.9995694057055231 0.025001849979162216
0.9993311135098831 -0.025380373044238944 -0.026327974385288184 0.013298030942678452 0.025019125410569595 0.9995894833631279 -0.013960949592526736 -0.0266746636480093 0.026671500422498027 0.013292908409003304 0.9995558661982044 0.02503064274787903
0.9993085814716041 -0.0251864949577336 -0.027349578953879912 0.01355016604065895 0.02480408350192711 0.9995910091373592 -0.014232775322660643 -0.027700409293174744 0.027696866949889452 0.013544553277977473 0.9995246013168761 0.024816149845719337
0.9992713028258698 -0.025236178151020586 -0.02863561874691509 0.014142736792564392 0.02481824020033954 0.9995815623701433 -0.014857830360505147 -0.029002657160162926 0.028998591380392503 0.014136317837161457 0.9994794876414221 0.02483123354613781
0.9992417472923808 -0.025377502788519832 -0.02952816994479125 0.01476767286658287 0.024927532188076664 0.9995689616610414 -0.01550835332587004 -0.029913466423749924 0.029909005451238372 0.0147605296682162 0.9994436343070235 0.024941274896264076
0.9992469742165263 -0.025648731141176852 -0.02911403630492236 0.01542662363499403 0.025185588137394598 0.9995520937185421 -0.01616471753703678 -0.029519887641072273 0.02951560043926332 0.015419290960555897 0.9994453835988155 0.02519923262298107
0.9993560334485202 -0.026083314255657374 -0.0246410050014342 0.01657538115978241 0.025663242056746815 0.9995224436659421 -0.01721286191196075 -0.025080835446715355 0.025078206019907123 0.016569409328760894 0.9995481670521532 0.025674136355519295
0.9993716908634683 -0.026359733322250778 -0.023693626988541924 0.018209775909781456 0.0259163530252788 0.9994867677909327 -0.018829329693410224 -0.024180158972740173 0.024177802765376812 0.01820344665204476 0.9995419292773188 0.02592683583498001
0.999320317884923 -0.026492870123119915 -0.025632598288424447 0.02047930657863617 0.025953515819731283 0.9994393787755984 -0.02115048862889403 -0.026181556284427643 0.02617856525807321 0.02047085697486839 0.9994476608285915 0.025965331122279167
0.9992491606151759 -0.026726750103566788 -0.028049881261207752 0.02277367189526558 0.026070361677252414 0.9993835881770192 -0.023511272284657624 -0.02866489626467228 0.028660970881734096 0.022762348545955307 0.9993299876601266 0.026084033772349358
0.9992086682928576 -0.027100001979813465 -0.02911403615282911 0.024535207077860832 0.02636589893580278 0.9993319108585212 -0.02530951033038157 -0.029784876853227615 0.029780473161472233 0.02452186437754609 0.9992556237448595 0.02638065814971924
0.999235597625739 -0.02757753903830848 -0.027707395729709206 0.02535596676170826 0.02685535900472816 0.999298359249334 -0.026107065984450277 -0.02841174602508545 0.028407923723132278 0.02534301762181936 0.9992750979222693 0.026869434863328934
0.9993127583315968 -0.028315857252428946 -0.02392118859411824 0.026265142485499382 0.0276694486031118 0.9992541882623709 -0.026934529030780224 -0.02466852404177189 0.024666022170083683 0.02625413240178116 0.9993509433037698 0.02768140472471714
0.999317954646956 -0.029013917840356368 -0.022843338017408756 0.02740856260061264 0.028369065850658112 0.9992034682996762 -0.028064658213825696 -0.023641610518097878 0.0236394082621703 0.027397472683641476 0.9993450639631756 0.028380805626511574
0.9992956131470372 -0.029370826248798085 -0.02335876945709772 0.029511798173189163 0.028660364214175643 0.99913321040283 -0.030189590809502464 -0.024227585643529892 0.02422521554491782 0.02949885481840454 0.9992712126826254 0.028672706335783005
0.9992682201549971 -0.029741651119756005 -0.02405116165458418 0.03235797584056854 0.028938915232435407 0.9990342415190456 -0.033062417601184176 -0.025013873353600502 0.025011264930709563 0.032342208661992944 0.9991638595172615 0.028952015563845634
0.9992619222397356 -0.03012968500793117 -0.02382882378699121 0.03551587089896202 0.029255491610912 0.9989154802307283 -0.03622125848196321 -0.024896888062357903 0.024894316065168134 0.035497400422230665 0.9990596616773753 0.029268739745020866
0.9992780899747106 -0.030176636817840833 -0.023079633594542556 0.038489583879709244 0.02925758567482018 0.9988040466254288 -0.03917231324735355 -0.024236492812633514 0.02423412009904138 0.038468780004470716 0.9989658955079461 0.029270360246300697
0.9992797571793907 -0.03025383803659603 -0.022905723641780472 0.041709668934345245 0.029263869613146632 0.9986726351018028 -0.042386245812600386 -0.02416001632809639 0.024157666004044325 0.041685407313313445 0.9988386926778319 0.029276594519615173
0.9992666607883148 -0.030263210074808783 -0.02345802107891538 0.04466371238231659 0.029176681898985774 0.9985448626733429 -0.045352821985411115 -0.02479895018041134 0.02479640841606384 0.04463513576368942 0.9986955706245125 0.02918980084359646
0.9992400926491014 -0.030470086170236596 -0.02430660592089449 0.047047317028045654 0.029283538171021157 0.9984293765875517 -0.04776247857030746 -0.025726594030857086 0.025723756234299327 0.04701440008945226 0.9985629346963701 0.029297422617673874
0.9992041744694261 -0.030586991670835204 -0.025601829297940342 0.04908759146928787 0.029283174781418255 0.9983278745524674 -0.04983924724826736 -0.027086764574050903 0.02708345246813132 0.049049881060826986 0.9984290639651499 0.02929811179637909
0.9991809348284114 -0.030456226609599152 -0.026643530849470416 0.0505632720887661 0.029059162731633833 0.9982584723400441 -0.051337972911462304 -0.028164414688944817 0.028160691340206132 0.0505216850671705 0.9983258660383468 0.029074788093566895
0.9991895416360395 -0.030473175801282854 -0.026299152871249187 0.05167209357023239 0.029062898173552718 0.9982012947300584 -0.052435895615397306 -0.027853338047862053 0.027849736711770393 0.05162906890327623 0.9982779329471656 0.029078273102641106
0.9992375889542927 -0.030113404966797947 -0.024848011230633 0.0522829033434391 0.028763694608473268 0.9981803814172981 -0.052996000095174425 -0.026401754468679428 0.026398687340141003 0.052240874752657714 0.9982855304529835 0.028777694329619408
0.9992876610634146 -0.02972126025141801 -0.023255475387051874 0.053268980234861374 0.02843213417988756 0.9981400157630343 -0.05392701251271229 -0.02481754682958126 0.024814999342880617 0.05322739540534403 0.9982740406251062 0.028444727882742882
0.9993232030644644 -0.028943103040607297 -0.022703140825885575 0.05426781252026558 0.027660913665701583 0.9981091729674135 -0.0548903697699742 -0.024251287803053856 0.02424891074167677 0.05422523051759838 0.998234248412243 0.027672581374645233
0.9993392804085494 -0.028187976358373296 -0.02294429387325732 0.05569165199995041 0.02685907322714236 0.9980525742015143 -0.056299638676547456 -0.024489032104611397 0.024486584447439983 0.05564617793299538 0.9981502442335761 0.02687036246061325
0.9993348997238314 -0.02748264209072223 -0.023967948966761833 0.05691466107964516 0.02606627110612223 0.9980035200959737 -0.05752845719005147 -0.025503896176815033 0.025501131437294586 0.056865439941661496 0.9980561176785898 0.02607770636677742
0.9993249007348818 -0.02689871095803544 -0.02502403085065903 0.05783366039395332 0.02539836091849747 0.9979668375162744 -0.05845609019101229 -0.026548665016889572 0.026545546403726767 0.057781057160302005 0.9979762940068093 0.02541004866361618
0.9993138229423145 -0.02631581863758751 -0.02606455382027938 0.05852685868740082 0.02473674973896131 0.9979421797224719 -0.059156564666261235 -0.027571164071559906 0.027567671079883335 0.058471220443865816 0.9979083825136635 0.024748681113123894
0.999298363066321 -0.025970164788302948 -0.02698762890362164 0.05865560844540596 0.02433356530876684 0.9979437859039244 -0.05929652414017585 -0.02847592532634735 0.0284720770639443 0.05859821427834527 0.9978755383869543 0.024345839396119118
0.9992854395815783 -0.025805097553492327 -0.02761715373651877 0.0583655945956707 0.024139964209138023 0.9979650790276091 -0.05901663468378579 -0.029087986797094345 0.0290838850264765 0.05830778662985448 0.9978749068145235 0.02415252849459648
0.999274715914291 -0.02570463932974415 -0.02809472639733059 0.057601869106292725 0.024034102868265413 0.9980119516507815 -0.058262391484693636 -0.029540782794356346 0.029536486482497043 0.057544903155065226 0.9979058974107445 0.02404691092669964
0.9992619416321918 -0.025616501959996103 -0.028624584412626525 0.05670742690563202 0.02394215903919635 0.9980653318558171 -0.05737914575940969 -0.030043577775359154 0.03003905834083176 0.056651462248306264 0.9979420157499758 0.02395525947213173
0.9992402690600307 -0.025787335634987665 -0.02922153332195305 0.055626656860113144 0.024111480223762534 0.9981216241875847 -0.05631926713441153 -0.030623754486441612 0.030618968144871 0.05557190522185283 0.9979850911410234 0.024125130847096443
0.9992175741893794 -0.02623217005063644 -0.02959920075824008 0.054575420916080475 0.024566717407387827 0.9981679273796985 -0.05529254150735469 -0.031000381335616112 0.030995416224300902 0.0545221239952323 0.9980313733385995 0.024581002071499825
0.9991927246641589 -0.026812324703789095 -0.029916520890520718 0.053261902183294296 0.02516929800579922 0.9982232862217388 -0.05400719658126797 -0.031316544860601425 0.031311426286735215 0.05321062007391976 0.9980922925738076 0.025184307247400284
0.9991806883382506 -0.027278287117314677 -0.029897275859934666 0.051578622311353683 0.025688061898903918 0.9982988023723992 -0.052341423917500136 -0.0312792994081974 0.03127419907492067 0.05153053690559335 0.9981816108496707 0.025703463703393936
0.9991622978078479 -0.02781401964376709 -0.030018043750343983 0.04996620491147041 0.026267099911677763 0.9983658108008946 -0.050751820520076846 -0.03138575330376625 0.031380600720371264 0.049920818654428066 0.9982600712055453 0.02628306858241558
0.9991328784609491 -0.02846750753903129 -0.03038243230640913 0.0484548881649971 0.02694891126880133 0.9984217169120835 -0.049273028928145585 -0.03174249082803726 0.03173716054981304 0.048411529751111924 0.998323132271006 0.026965761557221413
0.9991015230977761 -0.02912131998072292 -0.03079115565035459 0.047074999660253525 0.027625821110667508 0.9984687361259796 -0.04792699643155655 -0.032145239412784576 0.03213970366486618 0.04703330417448241 0.9983761354052716 0.02764362096786499
0.9990604591785345 -0.02959575717414503 -0.03165896497463506 0.04676024988293648 0.02806825056028156 0.9984696018071233 -0.04765110258546094 -0.033026788383722305 0.0330207846130491 0.046717720668006814 0.998362199985118 0.028087258338928223
0.9990260534756199 -0.029726481635246545 -0.032607986238302966 0.04715968295931816 0.02813995289336364 0.9984470521435552 -0.04807938349234628 -0.03399312496185303 0.03398657864639042 0.04711496954720627 0.9983111199002436 0.028159940615296364
0.9989977259787263 -0.029745567039390443 -0.03344764163343776 0.04821668565273285 0.028081812530345807 0.9983962018895576 -0.04915725640753587 -0.034863270819187164 0.034856208834930166 0.04816871696454912 0.9982308447506744 0.028102586045861244
0.9989679337847986 -0.02962027766551405 -0.03443408806325167 0.05001312866806984 0.02784385615676699 0.998311889848159 -0.05097146517531822 -0.035893455147743225 0.03588574848113371 0.049960081453248845 0.998106308625055 0.02786540798842907
0.9989342111447779 -0.029403872768745197 -0.03557884302165589 0.052573312073946 0.027474694210042592 0.9981872585891935 -0.05354752999209954 -0.03709736093878746 0.03708885253853022 0.05251294179904219 0.9979312641464769 0.027497075498104095
0.9988986278841284 -0.029339225537610335 -0.036616131090802584 0.0552569255232811 0.027252280246347627 0.9980448076934815 -0.05624833381937891 -0.03820411488413811 0.03819482206504093 0.05518851040692245 0.9977451497684592 0.027275562286376953
0.9988365866181372 -0.029276869594612516 -0.03831890055531866 0.05877465754747391 0.0269538574689827 0.9978466303330241 -0.05979625323187835 -0.03999769687652588 0.039987032905307106 0.058693843286746955 0.9974748467804393 0.02697870507836342
0.9987591342616805 -0.028925386634449667 -0.04054027302456154 0.06268922984600067 0.02630524208190451 0.9976199408255857 -0.06373764904800946 -0.042300034314394 0.04228742091770071 0.06259213748708717 0.9971429177188829 0.026331836357712746
0.9987051672188815 -0.02887857040258178 -0.04188098783229938 0.06635565310716629 0.02601311992549375 0.9973854908242437 -0.06742032545920075 -0.043732430785894394 0.04371849222066059 0.06624357225260273 0.9968452651104716 0.026040958240628242
0.9986697507018971 -0.029220437638104644 -0.042484056506510375 0.06954354792833328 0.02617182870138791 0.9971595573946741 -0.07062472993847686 -0.044441696256399155 0.04442706849923746 0.06941889599161903 0.9965978388817973 0.02620069310069084
0.9986309562014799 -0.02966831843247498 -0.04308136717314252 0.07239298522472382 0.02644757036567486 0.9969447581019122 -0.0734960904733865 -0.045145582407712936 0.04513024859083466 0.07225607361674728 0.9963645520027399 0.026477638632059097
0.9985781160539494 -0.03027311157208501 -0.04387806802821989 0.07496307790279388 0.026873411468959503 0.9967379206357121 -0.07610083654479022 -0.04605502262711525 0.04603874340340965 0.07481347661044081 0.9961342167716627 0.026905182749032974
0.9985282127987078 -0.0310461386701974 -0.04446960218721612 0.07748700678348541 0.0274805232643163 0.9965224577364661 -0.07866264722212415 -0.046774182468652725 0.04675712871999042 0.07732482460726219 0.995908952873363 0.027514083310961723
0.9984819455334619 -0.03200606747137468 -0.04482651100331567 0.07998302578926086 0.028290561855325042 0.9962962485689959 -0.08119993348061005 -0.04727698490023613 0.04725937529869176 0.07980850037660951 0.9956892862304053 0.028325995430350304
0.9984588551681572 -0.032938409754729774 -0.04466515083510086 0.08257422596216202 0.029109629089733777 0.9960558366149765 -0.0838176582797281 -0.047267403453588486 0.047249804555690104 0.08238829715480635 0.9954795952009164 0.029146304354071617
0.9984129957146876 -0.03393790628260744 -0.044941167154139455 0.08511283993721008 0.029960479115633574 0.9958101884613865 -0.0863969805471218 -0.0477030947804451 0.04768500476234676 0.08491340926880167 0.9952466293573488 0.029999099671840668
0.998382077943882 -0.03466640015616169 -0.045071799838361175 0.0880599170923233 0.030532996177799084 0.9955307690802974 -0.08936567550686433 -0.04798676446080208 0.04796834982426358 0.08784491171721068 0.9949785469549243 0.03057294711470604
0.9983578236070076 -0.03522973971887251 -0.045172131696648715 0.09143073111772537 0.030922203085300363 0.9952094960112182 -0.09274630130333128 -0.04824187234044075 0.04822316247437864 0.0911971736866739 0.9946645676370162 0.030963167548179626
0.9983116428362221 -0.035471740712705084 -0.04599586273192499 0.09587854146957397 0.030868128248342036 0.9947860988903772 -0.09719967136214257 -0.04922376200556755 0.04920388639210702 0.09561575741097923 0.9942014908954007 0.030910484492778778
0.9982812542197533 -0.035381906869542554 -0.046718926996573616 0.10028387606143951 0.030488575919808202 0.9943591107190594 -0.10158939742110713 -0.050070736557245255 0.05004981730054815 0.09999039752034479 0.9937288041472407 0.03053157776594162
0.9982771730671166 -0.03544072340840983 -0.0467615318121086 0.10428717732429504 0.030342046673290483 0.9939491136057705 -0.10556760756017444 -0.05024110898375511 0.05021997547592108 0.10396689226187213 0.993312055386728 0.030385056510567665
0.9982800217203751 -0.03562544151006875 -0.04655992000830923 0.10789511352777481 0.030366175728944587 0.9935611402393263 -0.10915198568019094 -0.05016975849866867 0.05014871489446505 0.10755039992274516 0.9929340450759513 0.03040911816060543
0.9983146960097747 -0.035444578414177266 -0.04595051242317375 0.11179016530513763 0.030060104884490763 0.9931411175800959 -0.11299163980618808 -0.04966069385409355 0.049640284298585774 0.11141993732182394 0.9925328406364983 0.030101755633950233
0.9984084617313786 -0.035359291041058866 -0.043934770743179155 0.11540114879608154 0.030030953722351327 0.9927343653804183 -0.11651876076951724 -0.047753725200891495 0.047735577525657005 0.11501391363574971 0.9922162638802491 0.030069759115576744
0.9984898928365142 -0.03537221289866688 -0.04203261183863832 0.11913654208183289 0.030093865192034608 0.9922964049079968 -0.12017572169314678 -0.04597588628530502 0.04595969082935503 0.11872931972059977 0.9918624176051605 0.030130257830023766
0.9985105979825576 -0.03563957934377197 -0.04130866859043197 0.12322472035884857 0.030260732995238328 0.9917929838497481 -0.12422143625398942 -0.04541245475411415 0.045396847413736265 0.12278639000561929 0.9913942851733016 0.030296597629785538
0.998499700606771 -0.03598909844777925 -0.04126902810952816 0.12758205831050873 0.03041410119874454 0.9912362445721234 -0.12855228467369265 -0.04554958641529083 0.045533837269238556 0.12710425736170147 0.9908436695180874 0.030450385063886642
0.9984728187563098 -0.03630254164070865 -0.04164319482525185 0.1320074498653412 0.03047303189424221 0.9906532862140951 -0.13295661262376782 -0.04609695449471474 0.046080630768271444 0.13148456937465616 0.9902466276056482 0.03051017038524151
0.9984329620521254 -0.036650828576980425 -0.04228873434426515 0.13651061058044434 0.030521283817757344 0.9900392838549467 -0.13744332525845063 -0.04692213609814644 0.04690492001842599 0.13593723988887352 0.9896064850684134 0.03055967018008232
0.9984125773129936 -0.036765608907940346 -0.04266867076502512 0.14097149670124054 0.030371505272743706 0.9894195472063224 -0.14186800651839562 -0.04745088517665863 0.04743308055243126 0.14034689026716698 0.9889655470549226 0.030410416424274445
0.9983979069493769 -0.03672485595333096 -0.04304537552757813 0.14533179998397827 0.030069234972348407 0.9888004970806905 -0.14618282416603146 -0.04795020446181297 0.04793183187904287 0.14465428416810291 0.9883206349988514 0.030108384788036346
0.9983637037614329 -0.036857381026864644 -0.04372011522851054 0.1483667492866516 0.029954021056208643 0.9883530412621254 -0.1492012816649763 -0.04872936010360718 0.04871007733845155 0.14764755091686382 0.9878398296656873 0.029994117096066475
0.9983210414273135 -0.037197114964062826 -0.04440127117363407 0.15103864669799805 0.030055886759190905 0.987943396404003 -0.15186997455995627 -0.049535322934389114 0.04951506755123119 0.1502804715858763 0.98740267264441 0.030097343027591705
0.9982740553254574 -0.03791486342055954 -0.04484833994548781 0.1537032127380371 0.030563154578090994 0.9875131327403988 -0.15454354159096845 -0.05016886442899704 0.050147821949726154 0.1529061012420498 0.9869675375394343 0.030606435611844063
0.9982445709638171 -0.03835777797985214 -0.045127124988339165 0.1559385359287262 0.030844278887179846 0.9871524604078079 -0.15677579650807458 -0.05058249086141586 0.05056092365844088 0.15510867409419665 0.9866027023171717 0.030888691544532776
0.998239608379619 -0.03846292424851552 -0.045147399929097685 0.1581060290336609 0.030835160435349306 0.986810173567869 -0.15891782223488468 -0.0506860576570034 0.05066435771853032 0.1572459373122406 0.9862590116474291 0.03087971918284893
0.9982331800429789 -0.03840947582079582 -0.04533464931432947 0.16107644140720367 0.030601697165974252 0.9863414385345469 -0.1618459229025023 -0.050953906029462814 0.05093186028257298 0.16017265308651293 0.985774145943879 0.03064626269042492
0.9982278420303644 -0.03850793564040156 -0.045368648735845986 0.1639249175786972 0.03054801047838464 0.9858778042164237 -0.1646565340617105 -0.051090750843286514 0.05106852701238201 0.16297881471564768 0.9853070138300387 0.030592694878578186
0.9982151396727142 -0.038900920609602874 -0.04531283817980257 0.16638562083244324 0.03081862439416809 0.9854587003244273 -0.1670968651571352 -0.051176488399505615 0.05115415250627056 0.16540214125160535 0.9848986670468943 0.0308639258146286
0.9981754691468762 -0.039472732831510454 -0.045690657209388474 0.16899773478507996 0.03118371743629587 0.9850016028439887 -0.16970391321836417 -0.051727112382650375 0.05170404781317324 0.1679694786489052 0.9844353435762798 0.031230559572577477
0.998117956011539 -0.03992309444981878 -0.04654774341359992 0.1722322702407837 0.03131135614679703 0.9844368992145891 -0.17292654637450358 -0.05275154113769531 0.052727079035310896 0.17114361803560116 0.9838341918952036 0.03136011213064194
0.9980875648003544 -0.04014094929617445 -0.04700975622676721 0.176007941365242 0.03124481689769527 0.9837762515678831 -0.17665799803030394 -0.0533636249601841 0.053338301509587106 0.17485133983086124 0.9831490398466679 0.03129446506500244
0.998055984975287 -0.0401694976850652 -0.04765146703658879 0.17981503903865814 0.030954099069634717 0.9831040350206726 -0.18041147434922056 -0.05411980301141739 0.054093387819555236 0.17858574350099107 0.9824362766166573 0.03100445307791233
0.9980266006827466 -0.04019341015900349 -0.048243073175653156 0.18304383754730225 0.030694421699338347 0.9825229739425879 -0.1835931865608193 -0.05480659753084183 0.05477916397851009 0.18175009065968228 0.9818177772575788 0.03074542246758938
0.997991595956029 -0.04055886660382362 -0.04865955960498442 0.1852801889181137 0.03085320287113535 0.9821003694820488 -0.18581427322952226 -0.05535325035452843 0.05532498778789161 0.18393977982762794 0.9813792860679469 0.030905449762940407
0.9979554218201152 -0.04108739427342013 -0.04895714546066233 0.18628165125846863 0.03126071578613581 0.9818946495025672 -0.1868305781363669 -0.05577605590224266 0.05574714080896317 0.18491815300302772 0.981171510482023 0.03131452202796936
0.9979102772116881 -0.041518717345696746 -0.049510349880201615 0.1865934133529663 0.03156295436857809 0.9818200955225092 -0.18717125831627582 -0.05641128122806549 0.056381367018004246 0.18521742935841415 0.9810788170758974 0.03161850944161415
0.9979001336448148 -0.04176784794070312 -0.04950525376223103 0.1865934580564499 0.03180823749087298 0.9818096028608859 -0.1871847743751439 -0.05645301938056946 0.05642303872873926 0.18521703649651564 0.9810764955354213 0.031864382326602936
0.9979113588654253 -0.04196815918331461 -0.04910797758128892 0.1865619719028473 0.032080742797824476 0.9818061902399636 -0.18715616673790947 -0.056098535656929016 0.056069116177270374 0.18518984427136467 0.9811019191653063 0.03213682025671005
0.9979074258852223 -0.04221470044932525 -0.048976406861910696 0.18676325678825378 0.032335883563506064 0.9817582004138522 -0.18736388807430787 -0.056021798402071 0.0559924994735639 0.1853881198624338 0.981068848255093 0.03239235654473305
0.9977625594466537 -0.0429631104474965 -0.05122544394282006 0.18694795668125153 0.032638014369285116 0.9816962398977577 -0.1876359576111005 -0.05838241055607796 0.0583492500765273 0.1855442365347967 0.9809019835356774 0.03269954398274422
0.9974919263817345 -0.04413774803505043 -0.05533277511250298 0.18737755715847015 0.03299273267061754 0.9815735221272853 -0.18821503725675245 -0.06266157329082489 0.06262057484710273 0.18591740063003773 0.9805678883936534 0.03306363523006439
0.9973590481837461 -0.04473799616343522 -0.057213990468175095 0.18818822503089905 0.0331751180409131 0.9813999697363396 -0.18908598822885678 -0.06465417146682739 0.0646091367299042 0.18668854035744223 0.9802923280074287 0.033250704407691956
0.997371102700498 -0.04476824358613826 -0.05697971449739661 0.1890915036201477 0.03319090703527124 0.9812292975565624 -0.1899669163481662 -0.06445927917957306 0.0644146504156362 0.18757630442800438 0.9801356451170236 0.03326611593365669
0.9973930929402627 -0.044757664311844705 -0.05660185191674067 0.19017621874809265 0.033182834322848825 0.9810251751900843 -0.19101964597801677 -0.06412136554718018 0.06407743488435522 0.18864346563984857 0.9799529198946388 0.03325729817152023
0.9973872260044149 -0.044623780893952414 -0.05681055871884107 0.1915501058101654 0.03292370400268957 0.9807719934043321 -0.19235988840825452 -0.06434642523527145 0.0643020304342067 0.18998688147454124 0.9796786379980004 0.032997969537973404
0.9973364268095412 -0.044733336885621026 -0.05761059216719069 0.19290010631084442 0.032789527221004144 0.9805119775288224 -0.19370366239991732 -0.06519906967878342 0.06515288683857273 0.19129869443777092 0.9793670970800502 0.032865259796381
0.9972156046856889 -0.04533743881113465 -0.05920772258246841 0.1940077394247055 0.03299801535824122 0.9802762918152577 -0.19485769855806323 -0.06692422181367874 0.06687427572522334 0.1923614003561379 0.9790428606037901 0.03307808190584183
0.9971004577816146 -0.04623216227060926 -0.06044223906738304 0.19515939056873322 0.033554854840142694 0.9800162846244087 -0.19606670698419648 -0.06835217773914337 0.06829896637835439 0.19347007273155675 0.9787259995263713 0.03363973647356033
0.9970246052232873 -0.047070300388125944 -0.06104361883702235 0.19648338854312897 0.03416573775229706 0.979721839987099 -0.19742800869211613 -0.06915386766195297 0.06909876224064612 0.19475498215363996 0.9784149722807527 0.0342542938888073
0.9969877248951912 -0.04793257502521105 -0.06097495108454838 0.1984633058309555 0.03488568515472724 0.9792934893026508 -0.1994172780396028 -0.0693264752626419 0.06927095624860245 0.19668942539163492 0.9780157486255079 0.03497681766748428
0.996949781819827 -0.048921559019309176 -0.060809650488384964 0.20085999369621277 0.035719436246572374 0.9787713069439964 -0.20181885585189593 -0.0694478452205658 0.06939203415109216 0.1990311778748786 0.9775332914177973 0.03581340238451958
0.9969070158296617 -0.04987144100491971 -0.06073912381399072 0.20364071428775787 0.03646859625882763 0.9781674685170645 -0.20459336504840078 -0.06967275589704514 0.06961640091608517 0.20174549042546247 0.9769607534678558 0.03656543791294098
0.9968228717272808 -0.050849269270336145 -0.0613067224376723 0.20692530274391174 0.03707646894099315 0.9774526518233952 -0.20787411790379315 -0.07055318355560303 0.07049466541692721 0.2049406383763 0.9762324707208166 0.03717750310897827
