1.0 0.0 0.0 0.0 0.0 1.0 0.0 0.0 0.0 0.0 1.0 0.0
0.9999997799473226 0.00030279910596283646 -0.0005902694367938634 -0.005188699811697006 -0.0002997322602357238 0.9999864928877807 0.005188853685413795 -0.0005918326787650585 0.0005918326442152562 -0.00518867562080021 0.999986363596736 -0.00029973231721669436
0.9999998704350921 0.0001349142788455751 -0.0004908441059218038 -0.010603804141283035 -0.00012970196105250908 0.9999437711078321 0.01060366917858167 -0.0004922471125610173 0.0004922470926818459 -0.010603604141275142 0.9999436590488561 -0.00012970197713002563
0.9999999004399656 0.0002753491907653271 -0.0003511451011901783 -0.015974905341863632 -0.00026970476907660893 0.9998723660159117 0.015974321177453524 -0.00035549880703911185 0.0003554987995511575 -0.01597422488154113 0.9998723407315744 -0.00026970478938892484
0.9999998293853675 0.0005831679635039617 3.3828424923936886e-05 -0.022049618884921074 -0.0005837720485962322 0.9997567469186883 0.022047816235561353 2.0962615963071585e-05 -2.0962615961536314e-05 -0.022047832221970206 0.999756916782715 -0.0005837720818817616
0.9999992706653283 0.001029730668430025 0.0006311287997097858 -0.029262563213706017 -0.001047755443643294 0.9995713515028016 0.02925774193940944 0.0006007307092659175 -0.0006007306731342303 -0.029258381869359366 0.9995717013866715 -0.0010477558244019747
0.9999981824015345 0.0015520652812003781 0.0011073784314359352 -0.03798165172338486 -0.0015929949822884974 0.9992775792435206 0.03797080441860363 0.0010476454626768827 -0.0010476452710344237 -0.03797249945121255 0.999278235390331 -0.0015929965302348137
0.9999970374436944 0.0020555560883806093 0.001303761098536239 -0.04925282672047615 -0.0021172497998745363 0.9987852112336512 0.049230265835518136 0.0012009820202365518 -0.0012009817315289393 -0.04923288037600862 0.9987866044019424 -0.0021172529086470604
0.9999956233253867 0.002530424390891183 0.0015330631015628982 -0.062392644584178925 -0.002621088062806129 0.9980510061921414 0.062348367550572506 0.0013723077718168497 -0.0013723073410886783 -0.062352112965450096 0.9980532705128046 -0.0026210935320705175
0.9999934114992647 0.003127727669906549 0.0018423565575144986 -0.0783672109246254 -0.0032623567135588775 0.996925962725941 0.07828142737347733 0.001591850770637393 -0.0015918500983487874 -0.07828692204051971 0.9969295982418648 -0.003262366633862257
0.9999909263238586 0.003809300967232881 0.00190695990843432 -0.09601856023073196 -0.003974572056027812 0.995386480500649 0.09586426452804195 0.0015329868765547872 -0.0015329862761225388 -0.0958709740363161 0.9953925890272667 -0.003974587190896273
0.9999818168477689 0.005431580421770489 0.0026199060969396377 -0.11866344511508942 -0.005703531253075281 0.992952922433475 0.11837214014313704 0.001958496868610382 -0.0019584956165729565 -0.11838493048079693 0.9929658466080173 -0.005703573115170002
0.9999648767933332 0.00753162389278993 0.0036769309527583385 -0.14522957801818848 -0.007984434316855627 0.9894441113869608 0.14469484873452615 0.0025483332574367523 -0.0025483304992906033 -0.14471912480113036 0.9894694946932225 -0.007984545081853867
0.9999400727557328 0.009845778124172642 0.004786601131221633 -0.17329612374305725 -0.01052361166277562 0.9849726975382269 0.17238920703408275 0.0030173701234161854 -0.0030173655447992592 -0.17242924855545338 0.9850172839842816 -0.010523853823542595
0.999907279306853 0.012239747275937797 0.005968364582401768 -0.20455966889858246 -0.013196870471465925 0.9790742604652625 0.20307494947471724 0.0033578923903405666 -0.0033578860800576983 -0.20313488395896157 0.9791450063805935 -0.013197327964007854
0.999867584347706 0.014829969300108936 0.006699685159833909 -0.2377195656299591 -0.01599052914648934 0.9717646215571915 0.23540990477765328 0.00301939994096756 -0.0030193953531041633 -0.2354858643323763 0.9718730837672866 -0.01599128358066082
0.9998275537770595 0.017222442316568918 0.006946235587248844 -0.2713005542755127 -0.018453944871575756 0.9632693944320593 0.2679020822412002 0.002077169483527541 -0.0020771679898238414 -0.26798406898759186 0.9634211042643791 -0.018455032259225845
0.999782665983742 0.019686060834397296 0.006861472674711853 -0.3058863878250122 -0.02083849169111961 0.9533771949004648 0.3010609265709523 0.0006148678949102759 -0.0006148678561671916 -0.3011384785319631 0.9535802214208168 -0.020840004086494446
0.999732069725409 0.022341940392328095 0.006051980011180326 -0.34120070934295654 -0.02307907733086599 0.9420888659001879 0.3345682664815265 -0.0017734022112563252 0.0017734012817113272 -0.3346182996287015 0.9423520831416942 -0.023081162944436073
0.999682385545554 0.024572796778851047 0.005595148650015605 -0.37672439217567444 -0.024907761071797166 0.9295509775378727 0.3678513063681787 -0.0038381689228117466 0.0038381594991284173 -0.36787383410192503 0.9298677920622956 -0.024910520762205124
0.9996413878508752 0.026289813343089188 0.0050932710473204 -0.41208574175834656 -0.026128539936743977 0.9159132175522978 0.4005250021081968 -0.005864766892045736 0.005864733271847709 -0.4005144487123812 0.9162716743828041 -0.02613196335732937
0.9996033268963228 0.027668802265203355 0.005256066876692848 -0.44963154196739197 -0.02720246564188334 0.9001877653008197 0.4346515996355222 -0.00729490676894784 0.007294842068567806 -0.4346221630151012 0.900583344669037 -0.0272065456956625
0.9995831500725889 0.028357110521845336 0.005422211155246053 -0.48965132236480713 -0.027574217705671426 0.8820503642333201 0.4703475496627869 -0.008555138483643532 0.008555034125032035 -0.4703009985516929 0.8824646067420495 -0.027578722685575485
0.9995705975916992 0.028817215291077895 0.005309287432522113 -0.5311970114707947 -0.027534361005909183 0.8617345727907257 0.5066116708300169 -0.010024108923971653 0.010023941049793676 -0.5065403183953404 0.8621580054988629 -0.027539225295186043
0.9995541904891451 0.029425910427545048 0.005053322778117115 -0.5740448236465454 -0.02745150055068308 0.839219851477373 0.5430989375830263 -0.011740601621568203 0.011740331899294338 -0.5429955402043429 0.8396535046821924 -0.027456842362880707
0.9995537534350506 0.02936931290699127 0.005453205779488863 -0.6202981472015381 -0.027065627572242325 0.8132081833696919 0.5813431880607927 -0.012639394961297512 0.012639058431026046 -0.5812313600967662 0.8136401908964678 -0.027071096003055573
0.9995867591401371 0.02812401942820895 0.005945627209918293 -0.6697193384170532 -0.025737850463816107 0.7835316164820706 0.6208186281245882 -0.01280167791992426 0.012801328259982883 -0.6207151081649255 0.7839316810096305 -0.025742802768945694
0.9996292467481817 0.026262375283403215 0.007187258875038228 -0.7212123274803162 -0.024467165131255537 0.7505879074674144 0.6603174622816878 -0.011947119608521461 0.011946835401184583 -0.660248499285051 0.7509521904327433 -0.024471353739500046
0.9996800894314689 0.024143173060713265 0.007538301456617233 -0.7779379487037659 -0.022487647659603528 0.711999338151068 0.7018199542440914 -0.011577153578400612 0.01157689496488226 -0.7017649532906309 0.7123144852071804 -0.022491050884127617
0.999735357984169 0.022154880741606292 0.006194776476244241 -0.8398459553718567 -0.019400878575400193 0.6672732790719461 0.744560257431912 -0.012362349778413773 0.012362034895922441 -0.7444833996106951 0.6675265146773828 -0.019403578713536263
0.9997557535404737 0.02196529006559618 0.002441166740254982 -0.9048366546630859 -0.01548808783084432 0.6175478797647697 0.7863807826577286 -0.015766197815537453 0.015765544648490816 -0.7862265209406077 0.6177372462233149 -0.015490632504224777
0.9997376393806293 0.02281716716275981 -0.0020073087240486294 -0.9726815819740295 -0.01118694354780735 0.5628654331262886 0.8264728407428849 -0.01998894475400448 0.019987613657091178 -0.8262335511671155 0.5629730137636018 -0.011189412325620651
0.9996777896180703 0.024479511204906813 -0.006713454810906287 -1.0405124425888062 -0.006587771711156028 0.5056279227470237 0.8627264948999837 -0.024516088888049126 0.02451363310916869 -0.8624042887588736 0.5056262696123397 -0.006589799653738737
0.9995689577317224 0.027159057767162556 -0.01114828777518086 -1.105750322341919 -0.002214557948132229 0.4484048501403645 0.8938278279980388 -0.029278650879859924 0.029274467923647806 -0.8934178618943083 0.44827171400389537 -0.0022155093029141426
0.99941574621077 0.030840894374801794 -0.014731105190445763 -1.1676336526870728 0.0014494001369558171 0.39237454513680425 0.9198043898394533 -0.034154340624809265 0.03414770073098116 -0.9192883419052198 0.39210059802548 0.0014502464327961206
0.9992682790839901 0.03399962035823144 -0.01751948149966117 -1.2258023023605347 0.004985233561769996 0.33836488253301045 0.9410017819934012 -0.03793077543377876 0.03792168064386701 -0.940400570014671 0.3379477978227205 0.004988842643797398
0.9991475614949471 0.036514829239322054 -0.019256624946339562 -1.2803654670715332 0.007987038286916385 0.2866661108601666 0.9579972589228584 -0.040512409061193466 0.0405013281029668 -0.9573344285723406 0.2861301002900009 0.007993682287633419
0.9990894819217254 0.037753351696522615 -0.019871878347477705 -1.3297138214111328 0.010274603047597091 0.2391548447244656 0.9709270790214016 -0.04142004996538162 0.04140820746654688 -0.9702472080250968 0.23854918921243895 0.010283604264259338
0.9990880826775724 0.038000451444726566 -0.019467119500561444 -1.3753471374511719 0.011706634021500774 0.19466578641534757 0.9807997687189679 -0.04107196256518364 0.04106041611502253 -0.980133254863486 0.19404340993491623 0.011716783046722412
0.9991225809760528 0.037596833711954984 -0.018453896027301422 -1.416156530380249 0.012432909576988518 0.15450397729533724 0.98791393540094 -0.04000430554151535 0.03999363628380486 -0.987276556540647 0.153900974532461 0.012443185783922672
0.9992062166599665 0.03612217490877277 -0.016796579054563075 -1.4506990909576416 0.012338979943293632 0.12026394278683637 0.992665267670489 -0.03788631409406662 0.03787725124708969 -0.9920845591708525 0.11972276848093795 0.012348154559731483
0.9993232255310076 0.03373273746691408 -0.014669469564078448 -1.4798752069473267 0.01153903836327323 0.09119146242739866 0.9957665227220702 -0.034934766590595245 0.03492766107190806 -0.9952618849344833 0.09074050302210876 0.011546339839696884
0.9994483126755723 0.030687008728539914 -0.012703455641904995 -1.503886342048645 0.010618032764627491 0.06718985909008222 0.9976837075023648 -0.03147466853260994 0.031469472034983834 -0.9972681837553775 0.0668269556323641 0.010623494163155556
0.9995584961364097 0.027710972172483198 -0.010719833150509055 -1.5238442420959473 0.009403672181096223 0.04719761262285567 0.9988413068712233 -0.028188547119498253 0.02818481419185459 -0.9985011203719096 0.04691618979640093 0.009407548233866692
0.9996542549489169 0.024875381780323284 -0.008519738482427444 -1.538250207901001 0.007703336880589711 0.032733029323847966 0.999434443769169 -0.025142839178442955 0.025140190202739936 -0.9991545246720186 0.032530088595065176 0.007705848664045334
0.9997026228837151 0.02348730306208096 -0.006558383511997809 -1.5481016635894775 0.006022021910786618 0.02283460995783506 0.9997211190327928 -0.023632710799574852 0.023630511029736286 -0.9994633195785344 0.022686378413709175 0.006023740395903587
0.9997060758428287 0.023736686633840817 -0.004932710267111988 -1.5546109676361084 0.00454660443950921 0.01629277293326089 0.9998569267341282 -0.023815909400582314 0.023813658076890756 -0.9995854717120453 0.016180062768879833 0.0045479098334908485
0.9996810565846099 0.025002022375363548 -0.003561457990722713 -1.5580947399139404 0.0032425964168577683 0.012782409507809208 0.9999130440071536 -0.025047991424798965 0.02504537231416701 -0.9996056766967244 0.012697261174295323 0.0032436195760965347
0.9996419361438391 0.026664745179074148 -0.0022340248726866823 -1.5591939687728882 0.0019238219950074552 0.01165343579920678 0.9999302457386742 -0.026692088693380356 0.026688919264898428 -0.9995765047251806 0.011597964901780222 0.0019245087169110775
0.9996062138758455 0.02803350595963832 -0.0012408563205798346 -1.5587058067321777 0.0009014794553090422 0.012115511999883973 0.999926198128528 -0.028050148859620094 0.0280464706440767 -0.9995335596730064 0.012085469449688493 0.0009018343407660723
0.9995576346422261 0.02973608465888223 -0.0005479941585955187 -1.556810736656189 0.00013201900605921084 0.013989061808243556 0.9999021395720219 -0.029745226725935936 0.02974084059706627 -0.9994598898499554 0.013978947803571071 0.00013207743177190423
0.9994264355687047 0.03386396225701725 -0.0001787363671840788 -1.5535917282104492 -0.0004036456036250763 0.017190074360987614 0.9998521582782577 -0.03386850282549858 0.03386202824197508 -0.9992786064975667 0.017193883785249203 -0.0004038772312924266
0.9992751179148202 0.03806884123416629 -4.5204095347714936e-05 -1.5495716333389282 -0.0007621922289667415 0.02119406926531017 0.9997750899532272 -0.0380704328417778 0.0380612372280316 -0.9990503364471007 0.021207721839142133 -0.0007627449813298881
0.9991759254418107 0.04058903810735862 -1.7379727821865368e-06 -1.5459601879119873 -0.001005405215396438 0.024792756151260146 0.9996921068022779 -0.04058772698044777 0.04057658410775867 -0.9988682842236726 0.024813133502289562 -0.0010062340879812837
0.9991924197161012 0.0401809101814929 -5.328104231496389e-05 -1.542796015739441 -0.0010708059735077809 0.027953607753424488 0.9996086480158797 -0.04017748311161995 0.04016667469992718 -0.9988013267264689 0.027974058929582303 -0.001071671023964882
0.9991638099809788 0.040886189763470845 1.7632927890906753e-05 -1.5396984815597534 -0.0012878151899087195 0.031040161052337912 0.9995173084713849 -0.040877290070056915 0.04086590701711311 -0.9986815447821544 0.031066859435712017 -0.0012888922356069088
0.9990104367774368 0.044475702429544205 0.00024311140179463907 -1.5363547801971436 -0.001772723209904135 0.034355870798379984 0.9994080906186954 -0.04445566609501839 0.044441024540126356 -0.9984195440971114 0.03440071660213242 -0.001774477306753397
0.998818861975887 0.04858548464109892 0.0005758848700260801 -1.532476544380188 -0.0024339207351166047 0.03819212562476824 0.9992674504706521 -0.048546966165304184 0.048527899099890505 -0.9980885793467689 0.038265268671464785 -0.0024367941077798605
0.9986468323690996 0.05199899874319114 0.0007799544020334263 -1.5287808179855347 -0.0029593907605816737 0.041849238775362854 0.9991195540175605 -0.051943931728601456 0.05192057593565222 -0.9977698859675153 0.041946495096514304 -0.002963392063975334
0.9986051680514603 0.052791308202504224 0.000892255110915069 -1.5255708694458008 -0.003273485317076077 0.04503723195769521 0.9989799457604079 -0.052721694111824036 0.05269727350436293 -0.9975894574001156 0.045147224159956964 -0.003278045915067196
0.9987213579478615 0.050543488044187394 0.001002494442135642 -1.5226964950561523 -0.0034271633980443787 0.04790812716625289 0.9988458669396723 -0.05045853555202484 0.05043712650243401 -0.9975721363228572 0.04802009061245345 -0.00343153765425086
0.9987707082804468 0.049562523052721734 0.0007928364415519472 -1.5203583240509033 -0.0032865757350263444 0.0502538013040394 0.9987310718478883 -0.049479976296424866 0.049459788726930104 -0.9975059457282159 0.050354915707852034 -0.0032906089909374714
0.9987367632054152 0.05024805638296869 0.00010320709551863653 -1.518782377243042 -0.002712068744510174 0.05185424232966271 0.9986509811918985 -0.05019599571824074 0.05017491908409635 -0.9973897284322466 0.05192501432598519 -0.0027154923882335424
0.9987204850356781 0.05056518385943211 -0.0007449505766515239 -1.5174955129623413 -0.001947505501185267 0.05317707884196083 0.9985831990916725 -0.05055468901991844 0.05053315735655828 -0.997304046149968 0.0532075139475583 -0.0019499980844557285
0.998702841425991 0.05089305323785938 -0.0015911190339982428 -1.5163662433624268 -0.0011784530625960955 0.05434319624601992 0.9985216213333319 -0.050926290452480316 0.05090428052758627 -0.9972245053917874 0.05433267957752336 -0.001179983140900731
0.9990245018307969 0.044091365870619535 -0.0024487134155107048 -1.5166643857955933 5.948276725995355e-05 0.05410813336526946 0.9985350801877352 -0.04417363554239273 0.04415927086726562 -0.9975611567013771 0.054052728303778386 5.9540849179029465e-05
0.9994489397758132 0.03302621077290652 -0.003329592015031024 -1.5180422067642212 0.001582628669318433 0.052782017496740496 0.9986048036713366 -0.0331619530916214 0.03315587530888088 -0.9980597817921316 0.052700663198337556 0.0015834999503567815
0.99968495640942 0.02476317088708553 -0.0040955214946436745 -1.5200567245483398 0.002833434721335648 0.050788224128478894 0.998705426007867 -0.0249417033046484 0.024939117393685335 -0.9984023946573307 0.05070205879578844 0.002834320068359375
0.999736521967708 0.02245821958007473 -0.004744999178485862 -1.5209327936172485 0.0036187892993179045 0.04992449204800434 0.9987464390213144 -0.022668899968266487 0.022666958506112493 -0.9985004624270547 0.04983006647637824 0.003619727212935686
0.999554795992788 0.02930035539290347 -0.005630184869581551 -1.5224934816360474 0.004207041283000527 0.048407814648414635 0.9988187945191099 -0.02954258769750595 0.029538290598124354 -0.9983978028094885 0.048262995490608245 0.004208890255540609
0.9992197008006197 0.03894723940281652 -0.00656521704284105 -1.52399742603302 0.004732363821584892 0.04696680106333994 0.9988852408212552 -0.03922222554683685 0.039212169852994215 -0.9981368804631839 0.04674584039937227 0.004736023955047131
0.9988492852797923 0.04737512703892224 -0.007463419731869633 -1.5245201587677002 0.0052578884437925015 0.046509674186620005 0.9989040018020585 -0.04768839851021767 0.04767032520510758 -0.99779379009147 0.04620706168692025 0.0052638971246778965
0.9986704521839118 0.05093337089270533 -0.007944788498578005 -1.5240792036056519 0.005550221951340934 0.046983920845267174 0.9988802261624247 -0.05127207562327385 0.051249614350469735 -0.9975962624787202 0.04663876196273161 0.005557553842663765
0.9986817573076651 0.050660142379467483 -0.00826423589728454 -1.5235438346862793 0.005854457112940012 0.04753270059320377 0.9988525255042555 -0.05101696029305458 0.0509948326086735 -0.9975841780764213 0.04717345332710381 0.005862117744982243
0.9987375320056224 0.049489883154201456 -0.008607765604489054 -1.522266149520874 0.006189116574511542 0.04881874727398898 0.9987884784831198 -0.049870815128088 0.04985014542953154 -0.997580814460654 0.04845081651192966 0.0061968606896698475
0.9987029295090531 0.050191596003198176 -0.008559338799630849 -1.5196118354797363 0.0059725694699221035 0.05146322194905585 0.9986570308171616 -0.05058625340461731 0.05056468138891097 -0.9974128234975095 0.05109669772856132 0.005980255082249641
0.9986457108716641 0.05131941834578562 -0.00854759956238468 -1.5170087814331055 0.0057684968273434235 0.05405894791278167 0.998521083700748 -0.051728662103414536 0.051705595461048165 -0.9972181042536349 0.05368970056542534 0.005776255391538143
0.998649769865538 0.05123348554483348 -0.008588777936081217 -1.5144912004470825 0.005684389865892538 0.056567917192955515 0.9983825711901743 -0.051659442484378815 0.0516364683083624 -0.997083346919092 0.056200306380492435 0.005692014005035162
0.9989205291610626 0.04565717870325626 -0.008555609472254923 -1.5125888586044312 0.00587878064530489 0.05844431089512118 0.998273360589232 -0.04609469324350357 0.04607837191901645 -0.9972460501585622 0.05811281342732817 0.005885065533220768
0.9991465014181261 0.04046959059965316 -0.00827532117896682 -1.5112179517745972 0.005846058549835649 0.0597809437908618 0.9981944010857333 -0.04090262949466705 0.040891225261056756 -0.9973908215921031 0.059493333243979776 0.005850985646247864
0.9991958266173224 0.03922800773152855 -0.00829840225230346 -1.5101737976074219 0.005901866630367642 0.060818165437888816 0.9981314135538703 -0.03966980427503586 0.03965940040902348 -0.997377718902014 0.06053773861825387 0.005906547885388136
0.9991560898556867 0.0401654820930422 -0.00859314567131352 -1.5088934898376465 0.006086888888770491 0.06210914692594525 0.9980508021397443 -0.040632084012031555 0.040620904568345974 -0.997260842466185 0.061812249560135556 0.006091954652220011
0.9989945042990037 0.043889160519415264 -0.009149970999342609 -1.5071370601654053 0.006333125095981771 0.06389579242838037 0.9979364805619985 -0.04439782351255417 0.04438323903126558 -0.9969910076318894 0.0635535899398548 0.00633941451087594
0.9987320881816388 0.04934227671175486 -0.009977763539183475 -1.5056114196777344 0.006734082686063736 0.06547293185067278 0.9978316227326404 -0.04990927502512932 0.049888557472836416 -0.996633651310138 0.06505764297530096 0.006742529571056366
0.9984680591748493 0.05429242913299906 -0.010670845629471407 -1.503031611442566 0.006959549906719921 0.06809293949062795 0.9976547079308661 -0.05491930991411209 0.05489170677530085 -0.9962006242370881 0.06761077426660958 0.006970115005970001
0.9983189360462987 0.056880154303796615 -0.011133282434318357 -1.5008846521377563 0.0071209280418599 0.0702622365910287 0.9975031380868176 -0.05755214765667915 0.057520381737334356 -0.9959055508207606 0.06973908179198188 0.007132797967642546
0.9983270852470534 0.05668312929306537 -0.011404109595599617 -1.4993027448654175 0.007313888924681545 0.07184987869470315 0.9973886413832643 -0.05738598480820656 0.057354493206027306 -0.9958035036015399 0.0713151058610845 0.007326013874262571
0.9984135305438253 0.05511950979081149 -0.011500507268587229 -1.497925877571106 0.007445333476424256 0.07321903429623987 0.997288092792725 -0.055841103196144104 0.055812086831071174 -0.9957915508062652 0.07269249140326864 0.0074570258148014545
0.9984562346242415 0.05437439348787216 -0.011338997874932134 -1.4962197542190552 0.007245171391005038 0.07490398595299003 0.9971644299612122 -0.055097419768571854 0.05506954722436559 -0.9957071950233062 0.07439439997286791 0.007256246171891689
0.9984489601885872 0.05452587060924449 -0.011251814637334306 -1.4944816827774048 0.007051203519379971 0.07662756191949703 0.9970348525920254 -0.0552545040845871 0.05522639248816897 -0.9955677506772593 0.07612423650957122 0.00706203980371356
0.9984555068350852 0.054389094101862205 -0.011332577529922314 -1.4926735162734985 0.007042586055571212 0.07842894234921029 0.9968948304528588 -0.055136941373348236 0.05510900881292274 -0.9954349438535715 0.07792476950812352 0.007053363136947155
0.9985154598261837 0.0532171648414472 -0.011610764589085297 -1.4911187887191772 0.007327504397382174 0.07998593109155747 0.9967690597659635 -0.054000161588191986 0.05397392117876249 -0.9953743939813073 0.07947723975412004 0.0073382668197155
0.9985895431654166 0.051749225474130675 -0.011871897216205799 -1.489449381828308 0.0076171017300052345 0.08165435789610132 0.996631599738745 -0.05256851390004158 0.05254430551372166 -0.9953163233361557 0.08114500883404781 0.0076277125626802444
0.998460107199055 0.054082135388427634 -0.012350585568277684 -1.4872419834136963 0.007782192131476198 0.08388121888622482 0.996445371610401 -0.05495353043079376 0.054925875666031534 -0.9950070671859517 0.08333117323265418 0.007794036529958248
0.9980413380079624 0.061111825420141715 -0.013372823976042815 -1.483751654624939 0.007994019164330604 0.08742707062455209 0.9961388472394849 -0.06208488717675209 0.062045010152923824 -0.9942946505517505 0.08676730144066874 0.008009536191821098
0.9976380476646187 0.06716930993775973 -0.014373922721831828 -1.4804508686065674 0.008235892875517762 0.09078018716994712 0.9958368981343945 -0.06824751198291779 0.06819454465330065 -0.9936031609349251 0.09001256945368487 0.008255204185843468
0.9974520811334111 0.06973960925209573 -0.015024404946360792 -1.4776850938796997 0.008453870805082442 0.09357116514537567 0.9955767017772904 -0.07089635729789734 0.07083698123888539 -0.9931670674940354 0.09274318376171889 0.00847526267170906
0.997448297211698 0.06978255450629456 -0.0150761227130967 -1.4751999378204346 0.008325475310962442 0.09603663562728029 0.9953429816290662 -0.0709649845957756 0.07090543597165788 -0.9929286780549593 0.09521060574169297 0.00834657996892929
0.9975304598939505 0.06870260257466974 -0.014592257646798255 -1.473575472831726 0.007835385689300204 0.0976104112257308 0.9951938576736915 -0.06985355913639069 0.06979676435812385 -0.9928505224956125 0.09683104701140963 0.007854621857404709
0.9974955274355469 0.06933769239419955 -0.013962706024535068 -1.4709155559539795 0.0069618143684408796 0.10020113910649275 0.9949428450229997 -0.07044436782598495 0.07038611998668201 -0.9925482437318645 0.09946747195948911 0.006979180499911308
0.9973760428216698 0.07109116503539009 -0.013677553118074236 -1.4670840501785278 0.0062279803121854166 0.10397238849589636 0.9945606842680287 -0.07218924909830093 0.07212656560947461 -0.9920361831527967 0.10325681502454367 0.006244284100830555
0.9972165863850248 0.07333268131359688 -0.013468395968221981 -1.4632079601287842 0.0055007202173960705 0.10778706837679101 0.9941587850880897 -0.07442473620176315 0.07435604827912999 -0.9914657158682267 0.10708366982045524 0.005516017787158489
0.9971376912683588 0.07446706955757625 -0.013079763129129788 -1.459493637084961 0.00471406719320814 0.1114263153964412 0.9937615175723352 -0.0755317360162735 0.07545993786443878 -0.9909787241856809 0.11075633611137164 0.004727563820779324
0.9971515355468334 0.07439116308348484 -0.01244065961588476 -1.4557167291641235 0.0038055078511339342 0.1151105009503436 0.9933454035132774 -0.07539959251880646 0.07532817047152349 -0.990563237469495 0.11449951662503116 0.003816360142081976
0.9971021308967394 0.0750858638395055 -0.01222512219393565 -1.4526746273040771 0.0032817553208991084 0.11809497212317356 0.9929968819896872 -0.07607711851596832 0.07600375413882639 -0.9901594268655437 0.1175063349190278 0.0032912811730057
0.9969231057690112 0.07734908651836941 -0.012705904085996696 -1.4496747255325317 0.003257027348028205 0.12107901764844677 0.9926375286367836 -0.07839830964803696 0.07831802446897483 -0.9896246714285476 0.12045454222741514 0.0032670681830495596
0.9964568748225344 0.08294740809761333 -0.013907699622729417 -1.4465596675872803 0.003509430103133032 0.12421021390031926 0.9922497199108641 -0.08413123339414597 0.08403202079718958 -0.988782863045636 0.12347902343319604 0.0035218941047787666
0.9961499870323816 0.08635364891523821 -0.015107966587527093 -1.443030834197998 0.003966500541600826 0.1277630241455218 0.9917967919562173 -0.08768784254789352 0.08757551146775872 -0.9880382872035954 0.1269286130505879 0.003981809597462416
0.9960346372505348 0.08753592252977775 -0.015889105199989657 -1.4398512840270996 0.0043063076550928885 0.13095083064970384 0.991379511421601 -0.08897937834262848 0.08886201163362935 -0.987516755411782 0.13005460649054834 0.004323424771428108
0.9961418110001886 0.08621257103414179 -0.016397712430322686 -1.436869740486145 0.00472097264688733 0.13393666973246482 0.9909786480637431 -0.0877436175942421 0.0876310720836613 -0.9872326782965907 0.13301290955696163 0.00473922211676836
0.9965278340541334 0.0815816032006025 -0.016634842187318075 -1.433911919593811 0.005328342149640849 0.13689549243198257 0.9905711649961053 -0.08318552374839783 0.08308961863743204 -0.9872203736608277 0.13598547387004858 0.0053468565456569195
0.996847830009643 0.07757445504060288 -0.016631528198552948 -1.4312059879302979 0.005658441450262956 0.13958003001070102 0.9901946259511641 -0.0792180672287941 0.07913523769737302 -0.987167472695168 0.13870109951696485 0.0056762732565402985
0.9970970760224402 0.07433074466764546 -0.016503374947368057 -1.4289674758911133 0.0058139034618341495 0.14178965051387896 0.989879736904281 -0.07599162310361862 0.07591850574159499 -0.9871021403098594 0.14094589416388847 0.005830763839185238
0.9972000037949887 0.07298569668429432 -0.0162862061506926 -1.4265598058700562 0.00561068487531375 0.14414984528792782 0.9895399649931763 -0.0746392011642456 0.0745699178389288 -0.9868606336170141 0.14333672652366783 0.005626379512250423
0.9971490239103933 0.07357795455333474 -0.016736448795888384 -1.4230278730392456 0.005704863271322973 0.14765463568421924 0.989022529114487 -0.07531264424324036 0.07524146894901439 -0.9862983286839271 0.14681392367785356 0.005721111781895161
0.9970017144154065 0.0752170387983537 -0.01816531109414511 -1.4174535274505615 0.006444072633262734 0.1532319068780857 0.9881692449385394 -0.07718729227781296 0.0771106696938715 -0.985323489920398 0.15228776979931782 0.006463361904025078
0.9968103770203148 0.07719170687983469 -0.020261111854872015 -1.4104337692260742 0.007651221805242245 0.1602733272888306 0.9870430179909356 -0.07952263951301575 0.07943885113409521 -0.9840497451596363 0.15917150493021665 0.007675553672015667
0.9966128625574282 0.07902810998553148 -0.022745549393307918 -1.4017242193222046 0.009092821403413349 0.16899579370274276 0.9855748283665252 -0.08182328939437866 0.08173201810804806 -0.9824433721812647 0.16770479323230733 0.009123471565544605
0.9964276302983547 0.08053308859011583 -0.025424382394498977 -1.3911830186843872 0.010590841725518618 0.1795151775702836 0.9836981930925027 -0.0838826522231102 0.08378431625041864 -0.980453325081845 0.17802096979402096 0.010628411546349525
0.9962700238245623 0.08153106043546889 -0.02826173761243387 -1.3795243501663208 0.01220187696231033 0.19112064266816972 0.9814907101672957 -0.08552761375904083 0.0854233798629086 -0.9781746194470462 0.18941293525634284 0.01224694773554802
0.9961536745521963 0.08169801670826841 -0.031674765067675165 -1.3659536838531494 0.014340215743588196 0.20461026189234952 0.9787384732096575 -0.08654998987913132 0.08644197411318337 -0.9754281494781046 0.20265169704973135 0.014394591562449932
0.9960755475212668 0.08103067709411951 -0.03560242969063961 -1.3470019102096558 0.016668041676243806 0.22331801878051666 0.9746031186460588 -0.08703324943780899 0.08692341466421692 -0.9713717578031663 0.22109099512530866 0.016732150688767433
0.995987884899722 0.08016020174716364 -0.03978033671089523 -1.3261487483978271 0.019106394318125774 0.24379671791355936 0.9696381314855231 -0.08753645420074463 0.08742470376923485 -0.9665078904956909 0.24128700499701833 0.019181007519364357
0.9958633376641344 0.07933324830699155 -0.04429953057890762 -1.302088975906372 0.021563520552817666 0.26726543669731784 0.9633816486358666 -0.08838295191526413 0.08826792893128602 -0.9603517178930088 0.26444914570126377 0.021649708971381187
0.9957449795297588 0.07781591745158249 -0.04936211839506671 -1.2708790302276611 0.024072805251062028 0.29740877287489836 0.954446709808563 -0.08906959742307663 0.0889518734407799 -0.9515738041834777 0.29427004503204174 0.02417096495628357
0.9955868785881593 0.07628528923794682 -0.054656397877727386 -1.2343156337738037 0.02629714483193661 0.3322973244816176 0.9428080124373396 -0.09020684659481049 0.09008455670520779 -0.9400845934213801 0.32882477074421396 0.026407571509480476
0.99550140117657 0.07348728670141215 -0.059804506090680484 -1.194238543510437 0.028474514058208143 0.3699739775696979 0.9286056525621658 -0.09049026668071747 0.09036682081734806 -0.9261311325155425 0.36621709829122423 0.028595391660928726
0.9954703942074881 0.06954840377897115 -0.06482062779845338 -1.1514641046524048 0.03076272760577009 0.40949421877485187 0.9117939127786646 -0.09007925540208817 0.08995748354996168 -0.909657905105964 0.40549987278862054 0.0308928731828928
0.9954493325880772 0.06460901459200828 -0.07004499613392384 -1.105618953704834 0.03348569515703858 0.45100843051258366 0.8918913071817809 -0.08933387696743011 0.08921510225181402 -0.8901781118630281 0.44679256337832296 0.033626094460487366
0.9954699152012233 0.05848914568516882 -0.07495777322125002 -1.056129813194275 0.03631553728531877 0.49470576421609397 0.8683014387890008 -0.08798171579837799 0.08786825183732673 -0.8670900914486276 0.4903406404028353 0.0364646278321743
0.9954721767127598 0.052055040355047134 -0.0795324975365054 -1.0062589645385742 0.03919339724763368 0.537489031843221 0.8423594353127565 -0.08670549839735031 0.08659689949962991 -0.8416625294153657 0.5330151626128282 0.039351340383291245
0.9954757818665666 0.044730717564035224 -0.0838279823409496 -0.9523211717605591 0.042211631235618365 0.5822112008996325 0.8119410666639765 -0.08522743731737137 0.08512429679930529 -0.8118061840446981 0.5776889938723166 0.04237808659672737
0.995450978445297 0.03771617028536894 -0.08749194255076304 -0.8980661034584045 0.04476847791808496 0.6254497290326407 0.7789790881903662 -0.084201380610466 0.08410191969984337 -0.7793523766256194 0.6209160491973128 0.04494277760386467
0.9954118307779326 0.031017860761775585 -0.09051618342090877 -0.8412280082702637 0.046637876307097106 0.6687323681930809 0.7420390341649404 -0.08364506810903549 0.08354756514039417 -0.7428559160729871 0.6642175037700186 0.046818606555461884
0.9953621713160143 0.023761405207640147 -0.0932177211458613 -0.7824075818061829 0.048696986900180955 0.7112290431119668 0.7012715962456199 -0.08305781334638596 0.08296234917064987 -0.7025586408667923 0.7067733758168121 0.048884909600019455
0.9953785290608276 0.014804430877663498 -0.09488104505691124 -0.7240455746650696 0.05159064641046992 0.750904857515477 0.6583922084613478 -0.08108257502317429 0.08099375955993773 -0.6602444424499533 0.7466708023796681 0.05178384110331535
0.9954595711004414 0.004683808923224425 -0.0950699965209639 -0.6644420623779297 0.05476795543860694 0.7887092367978333 0.6123219829851398 -0.07792943716049194 0.07785058356621438 -0.6147485678907678 0.7848716359473376 0.05496234819293022
0.9956810037586324 -0.00687666261131057 -0.09258536744827586 -0.6042148470878601 0.05810544962127548 0.8239472288353595 0.5636796260455411 -0.07247264683246613 0.0724092223305255 -0.5666248102632481 0.8207881754238584 0.05829138308763504
0.9961073998619979 -0.020043649092291685 -0.0858388028296925 -0.543954074382782 0.06145123935284166 0.856059246940944 0.5132117602987132 -0.06323860585689545 0.063196464475234 -0.5164889329481989 0.8539586576760384 0.0616132952272892
0.9963180964890438 -0.03133638820327529 -0.07980151240936476 -0.47990351915359497 0.06453743286578013 0.886868653630086 0.45749197912909173 -0.056467317044734955 0.056437313610263995 -0.4609577225546091 0.8856256588704533 0.06468556076288223
0.9962897201665126 -0.04078491642452291 -0.07578511781858441 -0.413437157869339 0.06770019125541267 0.9150856951948831 0.39753597894238213 -0.053161442279815674 0.05313640554753947 -0.4011916761872587 0.914451617836365 0.06784801185131073
0.996116426884253 -0.04852998983714457 -0.07346362486125538 -0.34622102975845337 0.07048152826854213 0.9395797509403867 0.3349958892221387 -0.052792105823755264 0.05276758725088073 -0.33887273674523793 0.9393512921301133 0.07063858956098557
0.9959946490320044 -0.05522698266698753 -0.07031813055759231 -0.280450701713562 0.07243284326679385 0.9594521864235536 0.27240591987574475 -0.052446767687797546 0.052422727093336285 -0.27640818069037476 0.9596094910595323 0.07259632647037506
0.995838464573754 -0.06154782326994122 -0.06721322731516692 -0.21860437095165253 0.07455679331656577 0.9743251945499629 0.212442227053681 -0.052436210215091705 0.052412184134408214 -0.21656934389684274 0.9748593140747808 0.07472894340753555
0.9956920454072995 -0.0661913519993912 -0.06493116072519252 -0.1635810136795044 0.07577349838818312 0.9844661092916634 0.15838199581439352 -0.05346447601914406 0.05343900873560531 -0.1626197545706771 0.9852406242988201 0.07595493644475937
0.995552522051985 -0.07096879333042984 -0.06195648641711954 -0.11408504843711853 0.07744879076246494 0.9909801624558773 0.10936179601833076 -0.053662125021219254 0.053636374274962935 -0.11367386679508092 0.9920692472617475 0.0776384100317955
0.9953014143599653 -0.07629476803619543 -0.05961713632300541 -0.07127510011196136 0.08022854129245269 0.9945463628524083 0.0666401778143711 -0.05423429235816002 0.05420770918548297 -0.07111005911507116 0.9959944195413513 0.08043337613344193
0.9949603458041885 -0.081944799116681 -0.05778373624936993 -0.03504616767168045 0.08379181111859832 0.9960226113472436 0.030296700719434758 -0.05509912595152855 0.05507125081814552 -0.03498581973806891 0.9978693049445806 0.08401797711849213
0.9946127474325415 -0.0869873342760257 -0.05637983966137528 -0.0058826785534620285 0.08718007167119483 0.9961921034650757 0.0009633780323867625 -0.05611078813672066 0.056081349378351734 -0.005873386534097525 0.9984089270346717 0.08742883056402206
0.994240318795688 -0.09161836841863062 -0.055608120354465995 0.018234388902783394 0.0904393039930622 0.9956278008796683 -0.02336695120819361 -0.05753757432103157 0.05750583252418135 0.01820320531729736 0.998179203621212 0.09071357548236847
0.9938839535318216 -0.09528206270877008 -0.05582128122784286 0.03836607560515404 0.09290485659102746 0.9947136961967716 -0.043741858903770234 -0.05972951650619507 0.059694007519654244 0.03828826353491012 0.9974821473799543 0.09320572018623352
0.9936336885841004 -0.09738815253424922 -0.05663603673210996 0.05300825089216232 0.09406930926044718 0.9938405769019969 -0.058582188064021774 -0.06203217804431915 0.06199240248625187 0.05288152275674251 0.9966747145307292 0.09439069032669067
0.9934576552595025 -0.09845475422117592 -0.05786664477520062 0.06464938819408417 0.09431448461240596 0.9930509778604292 -0.07038844623048318 -0.06443919241428375 0.06439460535314775 0.06447027797127317 0.9958398054203894 0.09465190768241882
0.9933308681071531 -0.09926800584784058 -0.0586485249642534 0.07449153065681458 0.09442054185588392 0.9922859379450275 -0.08033292371249993 -0.06621897965669632 0.06617059574411312 0.07425954734275012 0.9950411910505609 0.09476973116397858
0.9932213722158272 -0.10001715085170132 -0.059227318943349476 0.08316105604171753 0.09453480325630637 0.9915282645047762 -0.08907789659302756 -0.0676865503191948 0.06763487818426725 0.08287502774451834 0.9942621651402332 0.09489412605762482
0.9930230762590706 -0.10102643830385448 -0.060817997176899105 0.09168598055839539 0.09479977267062367 0.9906826417975839 -0.09777988720876031 -0.07018730044364929 0.07012968785450209 0.09133215208565545 0.9933480079392281 0.09517738968133926
0.992837295013096 -0.10206019641779385 -0.062111367222431185 0.10058008134365082 0.09505781000618231 0.9897243269203834 -0.10681652240558404 -0.07243818044662476 0.07237484637570506 0.10014725662321174 0.9923368423085669 0.09545263648033142
0.9928733883453474 -0.10303340975993748 -0.059887821707503376 0.10842473059892654 0.09570553799941793 0.9888039447575475 -0.11448671900336344 -0.07107309252023697 0.07101327137846038 0.10793922042128129 0.9916179909536612 0.09609559923410416
0.9933492465719854 -0.10358057990938396 -0.050282579493345636 0.11612874269485474 0.09686862057032614 0.9878753459684255 -0.12132094286052149 -0.06227966770529747 0.062239414229819726 0.11564326306966376 0.9913389385184713 0.09720981866121292
0.9938932675319464 -0.10385037935048701 -0.03729975151969231 0.1236799955368042 0.09833213448400982 0.9869317851381681 -0.1276575215637811 -0.05009053647518158 0.05006959239388168 0.12321018704940177 0.9911166862306183 0.0986153855919838
0.9939686938076456 -0.10450245327476076 -0.033248653955899064 0.13089093565940857 0.09916007445541712 0.9859420790639974 -0.1344823273332155 -0.04685211926698685 0.04683498013577897 0.13037428423779912 0.9903580315447352 0.09943277388811111
0.9933804403586235 -0.10658553989024247 -0.04283483861546264 0.13742437958717346 0.0995486935233999 0.9848524287364885 -0.1419709520628215 -0.05734947696328163 0.05731804541932147 0.13676701465684368 0.9889435905910727 0.09987860172986984
0.9923548509732488 -0.10920876079748983 -0.05749170648830838 0.14220558106899261 0.09969337856962758 0.9839173172166911 -0.1482158667298555 -0.07281789183616638 0.07275355674627923 0.1413511918810238 0.9872825130298722 0.10012548416852951
0.991642637798847 -0.11090773272235872 -0.06591171156729854 0.14665210247039795 0.09975016195773732 0.9831018919626704 -0.15349454455720268 -0.08191323280334473 0.08182166026639943 0.1456370311486874 0.9859488176723203 0.10025360435247421
