1.0 0.0 0.0 0.0 0.0 1.0 0.0 0.0 0.0 0.0 1.0 0.0
0.9999998005325043 0.00017896332420049618 -0.0006057285533586662 -0.000648246263153851 -0.00017857059258257266 0.9999997738745364 0.0006483543934162554 -0.0006058444851078093 0.000605844448045522 -0.0006482460987839107 0.9999996063646727 -0.00017857062630355358
0.9999997233218045 0.0006783790956053645 -0.00030521814643616837 -0.0016488975379616022 -0.0006778748683669254 0.9999984104694521 0.001649104069388035 -0.0003063363838009536 0.0003063363790097515 -0.0016488967134060584 0.9999985936478368 -0.0006778749520890415
0.9999990358902342 0.0013804892296260896 0.0001498935917506058 -0.0024452917277812958 -0.0013808516207168835 0.9999960573971776 0.0024450846411386254 0.00014651758829131722 -0.00014651758776709187 -0.0024452892646177485 0.999996999542003 -0.0013808520743623376
0.9999976186016128 0.0020783444129492917 0.0006657894595820461 -0.0026347790844738483 -0.0020800909515967135 0.9999943692055311 0.002633396830147198 0.0006603126530535519 -0.0006603126050694248 -0.002634775461610779 0.9999963109659608 -0.002080092905089259
0.9999960345446957 0.0025554137770979805 0.0011835350909714546 -0.0022521563805639744 -0.0025580710259202207 0.9999941988170116 0.0022491342666221188 0.0011777810286730528 -0.0011777807563763496 -0.0022521529146050856 0.9999967703146542 -0.002558075590059161
0.9999945694808156 0.0029550925230782785 0.0014589163986702851 -0.0016693954821676016 -0.002957520786424529 0.9999942402611051 0.0016650872088622064 0.0014539880212396383 -0.0014539875089315773 -0.001669392942148898 0.9999975495207618 -0.0029575282242149115
0.9999941696355537 0.0033044465058512744 0.0008610041750716445 -0.0003689727745950222 -0.0033047627465043823 0.9999944722309662 0.0003661293499887711 0.0008597896667197347 -0.0008597895607881674 -0.0003689726298435877 0.9999995623104591 -0.0033047699835151434
0.9999938160379893 0.0034384672223419974 -0.0007381252881609882 0.0015126692596822977 -0.003439578903612715 0.9999929443640321 -0.0015101387749903463 -0.0007329275831580162 0.0007329275175386642 0.0015126682765189124 0.9999985873249718 -0.0034395866096019745
0.9999906892110264 0.003652345678284762 -0.0022982302544581738 0.0034998899791389704 -0.0036603572861475804 0.9999872055457387 -0.0034914938582506555 -0.0022854506969451904 0.002285448707352362 0.00349987369354529 0.9999912637660068 -0.0036603750195354223
0.9999873369027641 0.0038813885771222887 -0.003203257222150496 0.005505906883627176 -0.003898946754879985 0.9999773099552548 -0.005493431428056076 -0.003181867767125368 0.003181862398106734 0.005505851193551093 0.9999797804727424 -0.003898976370692253
0.999987127995385 0.00400437417721603 -0.0031158997079906727 0.007385290693491697 -0.004027257409280913 0.9999647113673329 -0.007372734757609032 -0.0030862714629620314 0.0030862665634716173 0.007385188385918789 0.9999679664625282 -0.0040272874757647514
0.9999897394958274 0.004026715011121839 -0.002075203432558063 0.008789978921413422 -0.0040447917978194995 0.9999532609817854 -0.008781543782590951 -0.002039747079834342 0.0020397456654168474 0.008789847445347146 0.9999592881810279 -0.004044811241328716
0.9999922259502849 0.0039124243898171086 -0.0004908914220488808 0.010105745866894722 -0.003917184951750251 0.9999412834427845 -0.010103728462842963 -0.00045133254025131464 0.0004513325249284952 0.01010557282844698 0.9999488355394794 -0.003917195368558168
0.9999932826274387 0.003570112633577973 0.000830057698596358 0.011774887330830097 -0.0035600901783228657 0.9999243035536219 -0.011777644956714258 0.0008720424957573414 -0.000872042385232047 0.011774610761624976 0.9999302966124641 -0.0035600990522652864
0.9999924647495503 0.0029771121588285637 0.0024914347900605216 0.01368129625916481 -0.0029427391116990716 0.9999019811031286 -0.013688260391999652 0.0025319447740912437 -0.0025319420688170065 0.013680825604928419 0.9999032074556654 -0.002942752791568637
0.9999893549238057 0.002360930054700894 0.003964347152784921 0.015529687516391277 -0.0022990643706360617 0.9998766314209074 -0.015538218733133557 0.004000553395599127 -0.004000542724513222 0.015528939038319417 0.9998714155881513 -0.0022990847937762737
0.9999832744669312 0.002199787264717281 0.005348992651316784 0.016817552968859673 -0.0021094928729723642 0.9998561725132987 -0.01682808149717702 0.005385267548263073 -0.005385241518514475 0.016816516376667923 0.9998440898213783 -0.002109525026753545
0.9999767386798618 0.0024044272708608158 0.006382854274266694 0.017996706068515778 -0.0022891265037537625 0.9998351792341054 -0.018010393270396198 0.006425151135772467 -0.006425106928074883 0.0179953631639837 0.9998174257861078 -0.0022891757544130087
0.9999733546676922 0.0027288539006645935 0.006770768865550793 0.01704154908657074 -0.00261301815059199 0.9998510791940423 -0.017058475038924353 0.006816363427788019 -0.006816310643343741 0.01704032836824913 0.9998315683745516 -0.002613081829622388
0.9999704064153642 0.002570122311012057 0.007251259531832848 0.01416492648422718 -0.002467088847124265 0.9998963813324022 -0.014182385941297096 0.00728702312335372 -0.007286958632512864 0.014164076732139815 0.9998731315343033 -0.0024671568535268307
0.9999687815037577 0.0019909197516990973 0.00764671540156574 0.010556302033364773 -0.001910033139205253 0.9999423040435667 -0.010570731169152185 0.007667394820600748 -0.0076673196944816386 0.01055579568699784 0.9999148900712086 -0.001910090446472168
0.9999709962187601 0.0012762865903729061 0.0075085160850756555 0.007217028643935919 -0.001222030115274283 0.9999731443583179 -0.007226147281650751 0.007517607882618904 -0.0075175370739337406 0.007216762063278802 0.9999457010166423 -0.0012220649514347315
0.9999737558398372 0.0006983182996729421 0.007211101380654324 0.0038535255007445812 -0.0006705075738657512 0.9999923317401063 -0.0038583520547612648 0.007213803008198738 -0.007213740441901238 0.0038534156974603328 0.9999665560088995 -0.0006705250707454979
0.999972627370034 8.590382653698756e-05 0.007398454649706833 0.001517309807240963 -7.4675940236209e-05 0.9999988452589681 -0.0015178617309534622 0.007398643996566534 -0.007398576496538519 0.0015172676965286996 0.9999714790755594 -7.467798423022032e-05
0.9999672422811906 -0.0005967951849528043 0.008072062936929686 -0.00041118531953543425 0.0005934566844084291 0.9999997373865489 0.00041597595699652186 0.008072396740317345 -0.008072309069545574 -0.00041117191086620467 0.999967333848434 0.0005934760556556284
0.9999625494009055 -0.0013508001293921462 0.008548399537465837 -0.0023197142872959375 0.001330918001603117 0.9999963973274086 0.0023310919064552303 0.008551621809601784 -0.00855151757962999 -0.00231962738683748 0.9999607446674451 0.0013309670612215996
0.9999594033969039 -0.0019867690024471477 0.00878887404841241 -0.004078731406480074 0.0019508296316018902 0.9999897089863897 0.004095874151385509 0.008797034621238708 -0.008796921157791855 -0.004078562276886194 0.9999529886489151 0.0019509063567966223
0.9999524952635823 -0.0027531177832077892 0.009350270509836549 -0.005680340342223644 0.002699842513474594 0.9999800784282695 0.005705575956400784 0.009365929290652275 -0.009365792360380898 -0.005680060656683921 0.9999400076226566 0.002699964214116335
0.9999423291461832 -0.0036857076115604584 0.010087315852512253 -0.008406154811382294 0.003600598531787969 0.9999578796224607 0.008442432775291855 0.010118179954588413 -0.010118007309700167 -0.008405625518337177 0.9999134819511768 0.0036007906310260296
0.9999293501669623 -0.004815833831749795 0.010867493693650209 -0.012193771079182625 0.004682683856967947 0.9999140687120046 0.012244495240731235 0.010925744660198689 -0.010925527290352843 -0.012192741131901889 0.9998659759773398 0.004682980477809906
0.9999188497466772 -0.005867986403923971 0.011307548666495547 -0.017316017299890518 0.005670945732564751 0.9998328816678722 0.017379560127255285 0.011407889425754547 -0.011407641990354862 -0.017314025276692287 0.9997850220087006 0.005671345163136721
0.9999065784326039 -0.00703820993943872 0.011717423268417716 -0.02319405972957611 0.0067640894283432455 0.9997062926374801 0.023271775936325304 0.011878052726387978 -0.011877773419637453 -0.023190344151683914 0.999660505590132 0.006764618214219809
0.9998895995854676 -0.008288143178227727 0.012332693277235355 -0.02973790094256401 0.007917158356141575 0.999523568689905 0.029832100780212048 0.012574401684105396 -0.012574070318593996 -0.029731167418285947 0.9994788394156071 0.007917867042124271
0.9998667040612652 -0.009715989899852995 0.013121495719931165 -0.0367577038705349 0.009226382244366732 0.9992774010265387 0.03687207165765078 0.013470670208334923 -0.01347026281640606 -0.03674609282511618 0.999233844844011 0.009227350354194641
0.9998410063161823 -0.01117047800190243 0.013899011110612172 -0.04468211159110069 0.010537408043740168 0.9989396730931915 0.04481620858782545 0.014385388232767582 -0.014384892087312532 -0.044662623542250326 0.9988985558794043 0.010538693517446518
0.9998174888898237 -0.012616451316339346 0.01434622132234955 -0.05290256440639496 0.011838871692474601 0.9985215983515479 0.053051472576350386 0.014994895085692406 -0.014994333166117167 -0.052871947019686845 0.9984887216144461 0.01184047944843769
0.9997941466361161 -0.01426361134783279 0.014429613420959614 -0.06101077049970627 0.013355698844064274 0.9980379345616113 0.061171124596329944 0.015274416655302048 -0.015273822722128941 -0.06096581474327262 0.9980229855930884 0.013357654213905334
0.9997746926718212 -0.015978549251585566 0.013973183487673386 -0.070065438747406 0.014959411699851122 0.9974189991085379 0.07022503982851776 0.015059782192111015 -0.015059212946229666 -0.07000018700787307 0.9974333029953947 0.0149616664275527
0.999753061693153 -0.017740474553071362 0.013382495948007412 -0.07993204891681671 0.016613470410213157 0.9966499521804145 0.0800803685038135 0.014758863486349583 -0.014758327686278659 -0.07983826389275647 0.9966985719777545 0.01661604456603527
0.9997286574874307 -0.019584397821842278 0.012612008576556212 -0.0907285064458847 0.018359260400050776 0.99569525399531 0.09085096988352993 0.014337469823658466 -0.01433697861972443 -0.09059477100346772 0.9957846346027271 0.018362179398536682
0.9997063512305322 -0.02117938702044959 0.011774755826508202 -0.10124453902244568 0.019878927348601177 0.9946546711199928 0.1013257788849808 0.013858277350664139 -0.013857833770287242 -0.10106195517907318 0.9947836154956404 0.019882146269083023
0.9996772162708762 -0.02298821580175769 0.010816894340048972 -0.11254177987575531 0.021626082057709568 0.9934090368865892 0.11256463923849548 0.013333655893802643 -0.013333260806913582 -0.11229437815986712 0.9935855256544066 0.021629691123962402
0.9996453210105308 -0.024794387588060254 0.009719594944530433 -0.12461107224225998 0.023392201407605197 0.991937512143359 0.1245502987397037 0.012729723006486893 -0.012729379209479594 -0.12427876064306582 0.9921656880571736 0.02339623123407364
0.9996085497800404 -0.026475847758798708 0.009043046615904556 -0.13650880753993988 0.0249969475762913 0.9903447692750207 0.1363539166341561 0.012566150166094303 -0.012565819452493101 -0.13607449230130958 0.9906189139757167 0.02500152587890625
0.9995745171986071 -0.02790703499119569 0.008484218595220475 -0.14997732639312744 0.026324010427372115 0.9883823478621125 0.14969095132838675 0.012563413009047508 -0.01256308251150607 -0.1494039217443037 0.9886964332520023 0.026329129934310913
0.9995401480228627 -0.029191312180106854 0.008207300630356903 -0.16688457131385803 0.027420137473566777 0.9856772411350764 0.16639865495031864 0.0129475062713027 -0.012947144525501001 -0.1660970908882755 0.9860244052999336 0.027425874024629593
0.9995228199956976 -0.02984298253150388 0.007970489412371232 -0.18782922625541687 0.02782729572805355 0.9819617040000574 0.18702099745688217 0.01340838149189949 -0.013407979725216637 -0.1867099576105357 0.9823235810102292 0.02783339098095894
0.9995400402218476 -0.029430229300725495 0.007319125399541441 -0.21107305586338043 0.02724123007248753 0.9773676522165139 0.20978652908353584 0.01332793664187193 -0.01332754206315985 -0.2094906537392209 0.9777198180554941 0.027247020974755287
0.999580001615301 -0.02832956900571459 0.0061037603741726475 -0.2371233105659485 0.0261009558939463 0.9716093321357073 0.23514686008583507 0.012592412531375885 -0.012592079739945057 -0.23488878480411848 0.9719406866167645 0.026105990633368492
0.9996329545511214 -0.026758534530547773 0.0042352101687215225 -0.2670683264732361 0.024690682886608074 0.9641819739129698 0.26408993044014817 0.011150403879582882 -0.011150172823266863 -0.2638884272018514 0.9644887617981583 0.02469472773373127
0.9996859417784265 -0.024941828804965788 0.00243371864521785 -0.3008255362510681 0.023099523270138946 0.9547708145790126 0.2964440986979186 0.009717654436826706 -0.009717501493316644 -0.2962947802510074 0.9550471053098557 0.023102669045329094
0.9997406339632685 -0.02277206518500958 -0.00031280973720644936 -0.3376627266407013 0.021589222697603258 0.9432597574341797 0.3313531884085709 0.007250599097460508 -0.007250535568860333 -0.3312739999644136 0.9435067390758491 0.021591467782855034
0.9997889420381567 -0.019812029934647823 -0.005436437076983564 -0.3781491816043854 0.020419387103467773 0.9291387245044835 0.36916700726974544 0.0022627455182373524 -0.0022627435873551543 -0.3692001003467499 0.929347171887561 0.02042085863649845
0.9997951067803692 -0.01574704373604499 -0.012719082970296097 -0.42221808433532715 0.019576000442435782 0.9120487585561793 0.4096142602776543 -0.005150232929736376 0.005150210161531659 -0.4097793218669132 0.9121701500847222 0.0195775106549263
0.9997272224420742 -0.010631313774588041 -0.02079557346363898 -0.46972939372062683 0.018891075479837087 0.8916491003713453 0.4523328520837126 -0.013733893632888794 0.01373346188950365 -0.4526023165808997 0.8916067154581849 0.018893981352448463
0.9995795409506747 -0.004972545332847697 -0.028565978116480074 -0.5190598368644714 0.01848353105753149 0.868342428726642 0.49562060646502776 -0.022342413663864136 0.022340554883075594 -0.4959402184397122 0.8680692364906655 0.01848919875919819
0.9993100663990756 0.0026132789157173077 -0.037048103416824234 -0.5712793469429016 0.01782444588183568 0.8413903268738596 0.5401338787486906 -0.032589204609394073 0.03258343632093686 -0.5404215841511221 0.8407632431672494 0.0178348608314991
0.9988793551656057 0.01175736152656196 -0.04584537352751655 -0.6255121231079102 0.017294968824752868 0.8109884469302469 0.5848064833763534 -0.04407011345028877 0.04405584952415083 -0.5849440173175549 0.8098762737153776 0.01731264218688011
0.9983277698583571 0.021825593017055132 -0.05352856638368718 -0.6806913614273071 0.016700030520987886 0.7776116324264886 0.6285230768202626 -0.05537061393260956 0.05534232476357498 -0.628365970278838 0.7759467987467294 0.01672644354403019
0.9977977882361581 0.03050588922854501 -0.0588979160361974 -0.7369221448898315 0.016954284956022102 0.7411656611361785 0.6711080501485593 -0.06416989117860794 0.06412586071672817 -0.6706287001575068 0.7390162518594511 0.016990069299936295
0.9973741581833776 0.03795124422841016 -0.06168056135862024 -0.7940623760223389 0.017345882348227534 0.7017198240383039 0.7122418191297204 -0.07037100195884705 0.07031293589063396 -0.7114414885380016 0.6992189209634363 0.017389796674251556
0.9970719127098451 0.04382808790246877 -0.06266338321495715 -0.8517028093338013 0.018227962027054862 0.6596142095404872 0.7513832816696273 -0.0743337869644165 0.07426535050392846 -0.7503253916022646 0.6568839048351215 0.018279455602169037
0.9967516275325103 0.04937210720126761 -0.06362851594841988 -0.910984992980957 0.01994887542303146 0.6140786756493445 0.7889926631357883 -0.07810653746128082 0.07802714515249264 -0.787699038429814 0.6110990013705621 0.020011216402053833
0.9964168194155241 0.05515742993527502 -0.06411848336311535 -0.9714027047157288 0.021751573352974847 0.565480381674259 0.8244748674145286 -0.08182493597269058 0.0817336591773611 -0.8229153029713748 0.562254402466543 0.021826326847076416
0.9961226722019406 0.060782637001364465 -0.06360104530922106 -1.0330637693405151 0.023408292966081806 0.5137596242614808 0.8576147738344508 -0.0849057137966156 0.08480373662568953 -0.8557783121333833 0.5103447920146322 0.023495083674788475
0.9958534023853922 0.06597824905906158 -0.06263283171419275 -1.0929157733917236 0.02517614558740952 0.46171313928755225 0.8866719453679556 -0.0875311940908432 0.08741946379839853 -0.8845721268841414 0.45813752268163616 0.025275591760873795
0.9955510640944707 0.07128598944455314 -0.06161482361638513 -1.1509578227996826 0.027095764498467585 0.4097041107752873 0.9118159689104346 -0.09036649018526077 0.09024355005545148 -0.9094288588574382 0.40594981506418626 0.027210133150219917
0.9952489029257443 0.07630058059601971 -0.06048010107310259 -1.2064151763916016 0.02919117930047932 0.35876233717654765 0.9329723792667544 -0.09301839768886566 0.09288431663176334 -0.9303052223997947 0.35483051855712594 0.029322125017642975
0.9949939650014309 0.080939808062845 -0.058615331454160174 -1.2625013589859009 0.031150436352230026 0.30611709746497884 0.9514840897012847 -0.09509937465190887 0.09495609472696796 -0.9485468201993861 0.3020633542219854 0.03129693865776062
0.9948368307340142 0.08461081223891813 -0.056041865309542666 -1.3189738988876343 0.03303871186044349 0.25211662948345803 0.9671326944408938 -0.09610684961080551 0.09595896901126529 -0.9639907756769103 0.24801947640482544 0.033197980374097824
0.9947246625772841 0.08753322100599986 -0.05348626815195939 -1.374856948852539 0.03525641597374932 0.19791274660380917 0.9795853867144112 -0.09648149460554123 0.09633187838506252 -0.9763034773839798 0.19378258243390792 0.03542856127023697
0.9946346656428844 0.08995214202423556 -0.05109299410603589 -1.4294987916946411 0.037739746231208446 0.14434225834353306 0.9888078802329058 -0.09646982699632645 0.09632026503219171 -0.98543083197226 0.14017304285271057 0.03792513161897659
0.9946002860613484 0.09176413227886454 -0.04847282737566189 -1.4839327335357666 0.040144022947794095 0.09052881670524938 0.9950844138903565 -0.09584793448448181 0.09570124548954756 -0.9916571370050509 0.08635620555984927 0.04034006968140602
0.9944159921886621 0.0954674847994434 -0.04497548026988551 -1.5365017652511597 0.04147898089488036 0.03829978520606714 0.9984050383472087 -0.09719070792198181 0.09703776905597618 -0.9946954739010513 0.034126024928225494 0.0416877344250679
0.9941235258621519 0.10014370593020898 -0.04110539490100003 -1.5871599912643433 0.04252624119977165 -0.012093989148389071 0.999022149021681 -0.09971380978822708 0.09954865210951966 -0.9948994791379894 -0.016281654526962216 0.042751558125019073
0.9938982286303792 0.10383610565356795 -0.037207180598581004 -1.6344724893569946 0.04351394947703511 -0.059148038721392515 0.9973003788810684 -0.10152939707040787 0.10135505575107927 -0.9928341113590495 -0.06330544996745455 0.04375315085053444
0.9937469954914723 0.10659010665291344 -0.033248430269598006 -1.6776076555252075 0.04418819344595316 -0.10197403093773069 0.9938051622799582 -0.10271986573934555 0.1025393217826937 -0.9890600821881507 -0.10604641111472803 0.044436968863010406
0.9937419270636784 0.10787131810860365 -0.028995881177842145 -1.7168940305709839 0.04415645393005461 -0.1409289618953322 0.9890344965042559 -0.1027829721570015 0.10260209535915954 -0.9841254017799848 -0.1448102330613879 0.044405318796634674
0.9938215638976031 0.10810352932921652 -0.025146094700564562 -1.7523423433303833 0.04402069113307249 -0.1759390530107236 0.9834163047142632 -0.10206370055675507 0.10188659325097275 -0.9784472783815473 -0.1796108168887771 0.04426542669534683
0.9938006985332157 0.10903859251440293 -0.02169693382416888 -1.7795625925064087 0.0435946263259047 -0.20266927259125994 0.9782763794055513 -0.10245171189308167 0.10227257770486232 -0.9731576189342648 -0.20616636136818087 0.043838463723659515
0.9934916359199251 0.11242604357370728 -0.01829628605793658 -1.7980482578277588 0.04291467883122789 -0.22065472345238019 0.9744074216460823 -0.10570836812257767 0.10551160930420658 -0.9688508026236632 -0.22404334972839512 0.04316897690296173
0.9928160129957354 0.11880538453654345 -0.014200174096673897 -1.8106427192687988 0.04175133687401417 -0.23276720563663097 0.9716358648430733 -0.11236654967069626 0.11213023770814183 -0.9652485216695431 -0.23605529268855044 0.04202868416905403
0.9922687848564118 0.12362931882008636 -0.010883479575078365 -1.8191372156143188 0.04065477983695064 -0.2409370209069526 0.9696888886817728 -0.11753013730049133 0.11725974362921308 -0.962634480727012 -0.24410040770028857 0.04094863682985306
0.9920465627215601 0.12553114850671362 -0.009249224125455827 -1.8242120742797852 0.04013727890089801 -0.24583831241665294 0.9684794902271104 -0.11958535015583038 0.11930052906324026 -0.961147988034474 -0.24892153153657362 0.040437012910842896
0.9920902922136768 0.125159702230586 -0.009586502643426885 -1.8261771202087402 0.04060317573164557 -0.24770294904897214 0.9679848300221173 -0.11905916780233383 0.11877808811345002 -0.9607175953265316 -0.25082557248837317 0.04090406745672226
0.9920694940492542 0.12522225018892996 -0.010840066165760536 -1.8256802558898926 0.041765910810313986 -0.2470846001594211 0.9680933886037255 -0.11882786452770233 0.11854841909971611 -0.960868663461183 -0.2503551156003768 0.042074937373399734
0.9919731017095963 0.1259112286828801 -0.01165023502811554 -1.8235069513320923 0.042457304477797844 -0.24486920709583465 0.9686260623753301 -0.1193915531039238 0.11910811383412309 -0.9613456370670357 -0.24824951824938724 0.042774755507707596
0.9919015615841698 0.12640970750250446 -0.012323878286355342 -1.8208359479904175 0.04290983571934071 -0.24220527126025093 0.9692756845048202 -0.119827501475811 0.11954094748421909 -0.9619548806585887 -0.2456680065692227 0.04323321953415871
0.9923767626560767 0.12236725938871336 -0.014649736173056586 -1.8189599514007568 0.043963002745643 -0.24044420600346628 0.9696668696975004 -0.11538892239332199 0.1151330331826249 -0.9629189153968561 -0.2439908749136135 0.04427177086472511
0.9935083487574354 0.11217036865826212 -0.01894648633239377 -1.8180663585662842 0.04557520098003251 -0.2398697405982349 0.9697347104239207 -0.10442046821117401 0.10423081120716493 -0.9643030208085034 -0.24342477699423135 0.045840855687856674
0.9942530000044048 0.10479864720329798 -0.021868139532205868 -1.8179280757904053 0.04662197519549319 -0.23997849264874827 0.969658039978479 -0.09652076661586761 0.09637096767757476 -0.9651049510858357 -0.24348525618298633 0.046857137233018875
0.9944684954758438 0.10248574222634843 -0.023001829195220095 -1.8182846307754517 0.047197703973879984 -0.24038130954913722 0.9695304032154102 -0.09397207945585251 0.0938338331605696 -0.965253074928931 -0.24388873097098618 0.047424644231796265
0.9939308547954967 0.10784743420816108 -0.021688402896704075 -1.819724678993225 0.04735461167802848 -0.24150668386444746 0.9692430357766937 -0.09945636242628098 0.0992924802707462 -0.9643876049512012 -0.24514801809961523 0.04760776832699776
0.9927686238218603 0.11860916856074843 -0.0185020184892798 -1.8218204975128174 0.047094446592469454 -0.2430489681605807 0.968870121417843 -0.1106456071138382 0.11041998304201432 -0.962735199423707 -0.2468772227962642 0.047401949763298035
0.9911434077448502 0.1320494882726779 -0.014059798392917752 -1.8236318826675415 0.04628228407137344 -0.2442567813816484 0.9686054795066021 -0.12479331344366074 0.12446965680462962 -0.9606776553017154 -0.24820505059111145 0.04666195437312126
0.9891847559740191 0.14637927877008952 -0.009307271102134952 -1.824933409690857 0.04536176517695039 -0.24496189096043935 0.968470950641844 -0.13994045555591583 0.13948415253587568 -0.9584188952247521 -0.24895259080297666 0.04582562297582626
0.9873550189260175 0.1584464919894999 -0.0049775272801892145 -1.8262548446655273 0.04433113368228515 -0.2458295740187806 0.9682988026039216 -0.152793750166893 0.1521999250592688 -0.9562753419983003 -0.2497451763257636 0.044868744909763336
0.9865688684479889 0.16332188258115385 -0.002798299376880045 -1.8272398710250854 0.04358179817524973 -0.24667460945217337 0.9681178977373724 -0.15808215737342834 0.1574245682130545 -0.9552369338136824 -0.25047935164633395 0.04414641857147217
0.9865409914787133 0.16350008910561725 -0.002143127306678601 -1.8282886743545532 0.043161783876322385 -0.24774674958209875 0.9678629078976622 -0.15837597846984863 0.15771471885911933 -0.9549289339704605 -0.2514692794780883 0.043722741305828094
0.986820890041561 0.16179889368844796 -0.0023767580389057047 -1.8297380208969116 0.04319239421753867 -0.24922101165374355 0.9674829737168718 -0.15658442676067352 0.15594533676688743 -0.9548350670935158 -0.2529249821373586 0.043741315603256226
0.9870972137063065 0.1601023216223312 -0.0025174003229332317 -1.8315786123275757 0.043189770050343974 -0.25107798571013257 0.9670028380799824 -0.15480490028858185 0.1541873355896803 -0.9546345330559135 -0.25475316257285835 0.04372643306851387
0.9872804723914548 0.15896844746689584 -0.002510287726699166 -1.8333356380462646 0.04316752766162597 -0.25283096562457236 0.9665469814638753 -0.15361928939819336 0.15301579457718997 -0.9543613233630704 -0.2564773500303684 0.0436958409845829
0.9872742070185206 0.15901422519094996 -0.0020288772444940345 -1.8352693319320679 0.04301162611725821 -0.2547209647220846 0.9660575708257763 -0.15370459854602814 0.15310009854569184 -0.9538509874807345 -0.2583188988582273 0.04353850707411766
0.9870067239771168 0.1606764852657575 -0.0008910143671364071 -1.8374652862548828 0.042679448019607685 -0.2568179944176317 0.9655169508921357 -0.15553335845470428 0.15490704161109412 -0.9530097506457885 -0.26033867102939323 0.04321437329053879
0.9861450806162576 0.16587705906496072 0.0016374529960734782 -1.8404728174209595 0.04206242243672432 -0.2595866562708681 0.9648033584647521 -0.16116052865982056 0.16046380462618157 -0.9513672104724178 -0.26296729500609184 0.042627543210983276
0.9854097867265218 0.1701502423028292 0.004055523132617499 -1.8431130647659302 0.04128359348155029 -0.26207104092020256 0.9641651489346893 -0.1658753901720047 0.16511576888002183 -0.9499303472125153 -0.26527178197439166 0.0418703630566597
0.9848348895797309 0.17338862228387802 0.006051935969423314 -1.8452810049057007 0.04058180324455091 -0.26413619157006946 0.9636312518532595 -0.16949157416820526 0.16868123046711475 -0.9487720790397229 -0.26716696001328805 0.041183408349752426
0.9844011075207411 0.1757726994713776 0.0076431428406847635 -1.8466014862060547 0.039913268229024565 -0.26541867162099214 0.9633067319261429 -0.17220145463943481 0.1713516575093929 -0.9479751509799678 -0.2682940972017294 0.04052354022860527
0.9840309425946161 0.17776594826248646 0.009075883135554567 -1.8474456071853638 0.03921829282599453 -0.2662658979365541 0.9631014469430804 -0.17450760304927826 0.17362324016146513 -0.9473656840071735 -0.268985559540758 0.03983365371823311
0.9838398481811504 0.17876204160950307 0.010162952843211871 -1.8480411767959595 0.03855034890916725 -0.2669122551803858 0.9629494891392291 -0.1757548749446869 0.17485143330803016 -0.9469962938228021 -0.26949025169012064 0.03916352614760399
0.9836989979476441 0.17948291870325053 0.011052752171439216 -1.8483506441116333 0.037949175649424176 -0.26728410896806515 0.9628702223875638 -0.17669092118740082 0.17577298286235585 -0.9467550300827083 -0.2697383389671556 0.03855891525745392
0.9836114194519969 0.17991237043031943 0.01183699665334359 -1.848358392715454 0.03731964185488086 -0.26738286033226544 0.9628674105671869 -0.17732460796833038 0.17639676826816067 -0.9466456279763192 -0.26971510001827687 0.03792325779795647
0.9835376842840289 0.18027075341722637 0.012493160352598003 -1.848183035850525 0.036761094961408294 -0.2672965310779222 0.9629128654094034 -0.17786067724227905 0.1769244061469431 -0.9466018275579733 -0.2695231614786688 0.03735900670289993
0.9835395229401235 0.18023337420996627 0.012881678291459912 -1.8483941555023193 0.0364195979455694 -0.26756016696357415 0.9628526210900126 -0.17792204022407532 0.1769848007603972 -0.9465344620642793 -0.2697200259982338 0.03701220452785492
0.9838276258212285 0.17868012444457654 0.012514623423639432 -1.8487539291381836 0.03642079736596656 -0.2679655240332875 0.9627398420387479 -0.17628763616085052 0.17537596240703016 -0.9467142605126619 -0.2701395579173322 0.03700259327888489
0.9838128058729187 0.1787548403359101 0.01261229784527499 -1.848699688911438 0.03633848848592537 -0.26792457660617197 0.9627543484736705 -0.1763893961906433 0.17547614440434037 -0.946711745098204 -0.27008331018058174 0.03691960126161575
0.9830106988687388 0.18301767345164044 0.01394622221041645 -1.8482985496520996 0.03612622438601234 -0.26741321869111545 0.9629044949427067 -0.18094369769096375 0.17995794459041003 -0.9460415961645695 -0.2694817925300122 0.03673405945301056
0.9821423534349683 0.18752578008595755 0.01518154775953124 -1.8475124835968018 0.03599777018454543 -0.26650840318158864 0.9631601276918291 -0.18572932481765747 0.1846633643443184 -0.9454138526786843 -0.26849970024617276 0.03663589432835579
0.9817149853263891 0.1897344898645585 0.015378912232120637 -1.8468648195266724 0.036269960231901724 -0.26575125378628967 0.963359102876903 -0.1879744529724121 0.18686941314828326 -0.9451862750097733 -0.26777365061328456 0.03692871332168579
0.9815550274370979 0.1905812062494597 0.01511727281817369 -1.8467811346054077 0.03672322648302041 -0.26555498075661976 0.9633960539840446 -0.18873819708824158 0.18761964915657148 -0.9450710851675933 -0.267655583223128 0.03739587217569351
0.9814048966502911 0.19135817183824613 0.015049215978103603 -1.8463610410690308 0.036912464003537405 -0.26508544061917755 0.9635181260219882 -0.18949849903583527 0.1883663951771093 -0.9450459032462184 -0.2672196510841228 0.03759413957595825
0.9811593269088786 0.1925926844158507 0.01531120926683363 -1.845075249671936 0.03674601984421326 -0.26382985886703564 0.9638690448374244 -0.1908297836780548 0.18967368095053388 -0.945146477261433 -0.26593614134784027 0.03743413835763931
0.9809937628100173 0.19342853974234103 0.015383021191859567 -1.8430293798446655 0.03651148332437319 -0.2618698988008531 0.9644122913399045 -0.19174602627754211 0.19057321142620656 -0.9455207856600385 -0.2639551002945877 0.03720170259475708
0.9808538297747253 0.19414691909148177 0.015255766894514439 -1.8405060768127441 0.03634253473537636 -0.25944100732043907 0.9650749110248199 -0.192511186003685 0.1913242921985133 -0.9460429892599181 -0.26152949678171367 0.03703499585390091
0.980678783603989 0.195039825804267 0.015119184476739683 -1.8372591733932495 0.03608635206441219 -0.25632204009887544 0.9659175880758326 -0.19347251951694489 0.19226777832929728 -0.946709289121952 -0.2584078623156124 0.03678072616457939
0.9804812862062984 0.19606604614586395 0.01464762601826293 -1.834072470664978 0.03618706618323638 -0.2531860884574798 0.9667405550884122 -0.1944771558046341 0.19325357342179472 -0.947340968268727 -0.2553392766484973 0.03689070791006088
0.9801886139610515 0.1975553971635382 0.014217809700140818 -1.830755591392517 0.036330897034283924 -0.2498952578879842 0.9675910427478037 -0.1959574967622757 0.19470579596354343 -0.9479051772918294 -0.25212185125757836 0.03704825043678284
0.9797749509097065 0.19962441949451745 0.013825220119735276 -1.8270630836486816 0.036497685154433454 -0.2462105755142282 0.9685289213458317 -0.19803787767887115 0.19674593908960375 -0.9484357878351225 -0.24851678374975095 0.0372338742017746
0.9793498334189631 0.20171758350131774 0.013561721448184384 -1.8232930898666382 0.03651775132144986 -0.24247434881711102 0.9694702904185061 -0.20018187165260315 0.19884757383652935 -0.9489553238546622 -0.24483348567387414 0.03727048262953758
0.9791239695731465 0.20284475004026795 0.013048355774789772 -1.8201802968978882 0.03666333087306827 -0.23938447189360776 0.9702323818475193 -0.20128659904003143 0.1999301187330618 -0.9494993849378313 -0.24182403856123172 0.037427548319101334
0.9799037666078271 0.19915800816447032 0.011166735053440319 -1.8172359466552734 0.037023427155859316 -0.2366020344218775 0.9709009955443775 -0.19728200137615204 0.19600478062901358 -0.950976111735405 -0.23922073672485583 0.03776475414633751
0.9812357248115504 0.19263059222827025 0.008361058027378139 -1.8145477771759033 0.03768415798831157 -0.23412485044992343 0.9714759176832501 -0.19023892283439636 0.18909351281908984 -0.9529317967932368 -0.23699078899853862 0.03838593140244484
0.981535339406066 0.19115118939496503 0.007042747326789965 -1.8120898008346558 0.038150191066833684 -0.23170961831464745 0.9720366329012732 -0.1885530948638916 0.18743783080953239 -0.9538196242337282 -0.2347236332541879 0.03884831815958023
0.9812702893808358 0.19252806034893008 0.006447104522915595 -1.809388279914856 0.03853137379232746 -0.22895686535663734 0.972673679627314 -0.1898820698261261 0.18874308573329673 -0.9542073672867661 -0.23208694018305298 0.03924666717648506
0.9809086040931527 0.19437888103325665 0.005929673201925549 -1.8070800304412842 0.03900964080641286 -0.22654602429260984 0.9732189613860629 -0.19168831408023834 0.19051655660382177 -0.9544075384684843 -0.22980359478117715 0.0397479385137558
0.9806262417053692 0.1958138642639002 0.005394871716899452 -1.8056411743164062 0.03956862334609997 -0.22498028646046922 0.973559548641304 -0.19304701685905457 0.1918501970947578 -0.9544845736135309 -0.2283696578105299 0.040328484028577805
0.9804296002994103 0.19680604743848562 0.005017823071717505 -1.8047959804534912 0.03998802968737363 -0.2240358204805594 0.9737601905106433 -0.19398030638694763 0.19276606635624496 -0.9545026615118698 -0.22752123599413013 0.04076363891363144
0.9802731787657059 0.1975950711405015 0.004547840537957537 -1.8042302131652832 0.04050327079499686 -0.22335270115381542 0.9738958136999057 -0.19468019902706146 0.1934527850600391 -0.9544997426653788 -0.22694990902011777 0.04129486158490181
0.9802020081190185 0.1979620412826438 0.0038798828142824274 -1.8043012619018555 0.041235901524168006 -0.2232653957695182 0.9738850874088634 -0.19488990306854248 0.1936585234502547 -0.9544441278896787 -0.22700833251662353 0.04204398766160011
0.9800989988963837 0.1984828429117282 0.003242442287002212 -1.8045873641967773 0.042013943670084694 -0.22337146614142647 0.9738275086744657 -0.19525054097175598 0.1940123215148803 -0.9543111385620036 -0.22726519732880116 0.04284081235527992
0.9799242598717528 0.19935099799404526 0.0027612521752931538 -1.8047726154327393 0.042699497304813275 -0.22338071478529734 0.9737955684803283 -0.19599637389183044 0.19474392890335154 -0.9541279976296618 -0.22740836900716416 0.04354673624038696
0.9796727892728627 0.20058688502974345 0.002475381262289633 -1.8046538829803467 0.043220447972340294 -0.22310785705892333 0.9738351385094118 -0.19716580212116241 0.19589083397494492 -0.9539327993483816 -0.2272421516619684 0.044088639318943024
0.9791933407326256 0.20291233241329149 0.0026432592528801216 -1.8043383359909058 0.04350677431838763 -0.22263749433098765 0.9739300317304259 -0.19953227043151855 0.19821090296270014 -0.9535508017261678 -0.22683321289902353 0.04440203681588173
0.9784468511377473 0.20647455266671536 0.003165217165800316 -1.8035011291503906 0.043618651058245986 -0.22163476912431582 0.9741537057338898 -0.2032356858253479 0.20183947279579847 -0.9530195633964137 -0.22586398341750533 0.044549982994794846
0.9780114733119684 0.20852228471053752 0.003466244257184073 -1.8028539419174194 0.04364580951377315 -0.22090362476184336 0.9743185474366 -0.20537351071834564 0.20393283546805394 -0.9527434310170689 -0.22514740343113754 0.044597502797842026
0.9778898360647331 0.2090954568258186 0.0032493778006837254 -1.8024214506149292 0.04389003801218099 -0.22040594475807004 0.9744202810279514 -0.20591512322425842 0.20446303598591764 -0.9527330735573867 -0.22470994073542128 0.04485229402780533
0.9779323442256346 0.2089029114703121 0.002811351380016168 -1.8020881414413452 0.04420008954362185 -0.22002726458244926 0.9744918444628978 -0.20563901960849762 0.20419275746629895 -0.9528628319016289 -0.22440530603957967 0.045166753232479095
0.9778071157678755 0.20949258290900716 0.002470234770512378 -1.8011823892593384 0.04447100150167371 -0.21906165648668757 0.9746970404606483 -0.20619085431098938 0.2047329342806057 -0.9529558480661218 -0.22351639147371702 0.04544902220368385
0.9774701732378257 0.21106194066019712 0.0022175741625321405 -1.799682855606079 0.04474533385355669 -0.21746912264006954 0.975041043134335 -0.20776788890361786 0.20627630869479088 -0.9529743112502612 -0.22201361797948685 0.04574473947286606
0.9769903160222637 0.21327422349183434 0.002006985967157149 -1.7979488372802734 0.045062489566199355 -0.21560650684352284 0.9754400064795528 -0.21000923216342926 0.20846892917845922 -0.9529050004070128 -0.22025613672834982 0.04609111696481705
0.9764223450985107 0.2158594043876449 0.0020301551014856103 -1.7963353395462036 0.04525128473812244 -0.213868000305133 0.9758139165204773 -0.21267235279083252 0.21107279602514922 -0.9527146456221269 -0.2185934097708138 0.04631083086133003
0.9760700681914273 0.21744756100916013 0.0019442715730889834 -1.795620322227478 0.04551600616985785 -0.21303705464097386 0.9759833536143144 -0.21427534520626068 0.21263940171832643 -0.9525396430391053 -0.21783643697922966 0.046598147600889206
0.9758763651394633 0.21831753563079567 0.0016654123468821044 -1.7956199645996094 0.04596294953003482 -0.2128990050938384 0.9759925311704764 -0.21508538722991943 0.21343084883092311 -0.9523714964582624 -0.21779762510450296 0.04706437140703201
0.9757261766066313 0.2189904905958846 0.0012622650984284584 -1.7959192991256714 0.04655014890208918 -0.21303248417298645 0.9759355738594016 -0.21565726399421692 0.2139895135790496 -0.9521871274679469 -0.21805541122050076 0.04767206311225891
0.9754902968801891 0.2200387360683718 0.001278797104319232 -1.7966387271881104 0.046903400747261834 -0.21360627096485868 0.9757932321976973 -0.21667695045471191 0.21498546855762682 -0.9518168498371526 -0.2186914096967159 0.04804487153887749
0.9749038982774945 0.22261717691468644 0.001995411205732482 -1.7973434925079346 0.04690668607013899 -0.2141630608172533 0.9756710235439521 -0.21938404440879822 0.21762847223022588 -0.9510918861623838 -0.2192306368891382 0.048077087849378586
0.9743826905891745 0.22487999568033584 0.002712899373978693 -1.7975072860717773 0.046730152542678136 -0.21424725557959362 0.9756610099414398 -0.22180204093456268 0.21998787494664163 -0.9505404257681124 -0.21926749384492983 0.047922007739543915
0.9739265022338459 0.22683866108063064 0.003374920101780539 -1.7970091104507446 0.04640012164841154 -0.21373569084727662 0.9757889542155362 -0.22393491864204407 0.22206800075102945 -0.9501901263942834 -0.2186881952581268 0.04760632663965225
0.9733913719709621 0.22911030096353138 0.004207964458979717 -1.7969937324523926 0.046075989185518834 -0.21367948881009577 0.9758166217494105 -0.22639788687229156 0.22446879558874974 -0.9496575941118232 -0.2185502545243996 0.04730021581053734
0.973134908051803 0.23018465258231732 0.004845249897225644 -1.7976442575454712 0.04583588201274104 -0.21431468809156273 0.975688621635166 -0.2275865375995636 0.22562695462006035 -0.9492545707995164 -0.21910782086704064 0.047066476196050644
0.9733956325934298 0.22907214323487685 0.005186100829802205 -1.7993649244308472 0.045656418837290845 -0.21608822499240019 0.9753057830437528 -0.22646689414978027 0.22453604135414584 -0.9491216108662862 -0.22079794817795617 0.046869926154613495
0.9735439472982287 0.22842400114519548 0.005887136808621941 -1.8012306690216064 0.04526080969265636 -0.21802749645070732 0.9748925427437641 -0.22588853538036346 0.22397241299979073 -0.9488342776756417 -0.22259800475923996 0.04645732045173645
0.9736545906548459 0.22792851450819224 0.006732783290239297 -1.8031145334243774 0.04476231655213535 -0.2199985742899989 0.9744726585837359 -0.2254975140094757 0.22359130822469586 -0.9484984025207721 -0.22440523011265223 0.04594115912914276
