1.0 0.0 0.0 0.0 0.0 1.0 0.0 0.0 0.0 0.0 1.0 0.0
0.9999993901768435 -0.0003890487597908889 -0.0010335797035500942 0.005230623763054609 0.00038363699010199526 0.9999862446528779 -0.005230996816505842 -0.0010356007842347026 0.0010356005991264256 0.005230597107116352 0.999985784091605 0.0003836372052319348
0.9999958737043838 -0.00031584766795072377 -0.0028553133727516593 0.0033002556301653385 0.0003064214509618888 0.9999945043256141 -0.003301124727091717 -0.0028563442174345255 0.0028563403334257594 0.0033002361764085976 0.9999904748351753 0.0003064227057620883
0.9999874364829965 0.00013004387172298377 -0.005010984409928152 -0.0029289601370692253 -0.0001153649126741805 0.9999957022513061 0.0029295340677733036 -0.005011364817619324 0.005011343841928966 -0.0029289191707433677 0.9999831537907972 -0.00011536636156961322
0.9999750643986657 0.0008725102353905889 -0.00700780327731912 -0.013220084831118584 -0.0007797737291276462 0.9999122395857777 0.013225168410487565 -0.0070187849923968315 0.007018727364403628 -0.013219374132065953 0.9998879865333621 -0.0007797930156812072
0.9999598221646216 0.0017897646533023275 -0.008783552754096209 -0.02840575948357582 -0.0015395126658568868 0.9995950127311235 0.028415496191632028 -0.008830967359244823 0.008830852577745126 -0.02840083212778769 0.9995576065326096 -0.0015395733062177896
0.9999439878382778 0.002750999967687445 -0.010220234109839575 -0.048455752432346344 -0.0022526151556967982 0.9988225868638652 0.04845993907896475 -0.010341698303818703 0.010341513962784644 -0.048434202478769416 0.9987728375958184 -0.0022527375258505344
0.9999246759242347 0.003906143060058079 -0.01163548555964132 -0.07236125320196152 -0.003054481364056288 0.9973757879752713 0.07233400102512873 -0.011887778528034687 0.011887498534632694 -0.07229301215955142 0.9973125928070335 -0.003054701955989003
0.9999087548221507 0.004748700759467149 -0.01264641732322407 -0.09863704442977905 -0.0034799388268979426 0.9951288095047389 0.09852178702927507 -0.013053035363554955 0.013052664700250058 -0.09846878863263131 0.995054533987683 -0.003480242332443595
0.99989730512261 0.005140498547482776 -0.013377387010379596 -0.1269228756427765 -0.0034054774667890766 0.9919443445782313 0.12662866967036446 -0.013921007513999939 0.013920557882690518 -0.12657010916463024 0.9918599828273587 -0.0034058140590786934
0.9998859935178895 0.005129383913643407 -0.014201738886818046 -0.15378111600875854 -0.002893172639166939 0.9881882631090005 0.15321744745849553 -0.014820445328950882 0.014819902793975385 -0.15315889159393692 0.9880904434346554 -0.0028934944421052933
0.9998780534532283 0.004849301306464 -0.01484461179762462 -0.17832644283771515 -0.0021389658985893865 0.9841338092041728 0.17741496669156584 -0.015470040030777454 0.015469422984317197 -0.17736157943061928 0.9840241699747057 -0.0021392235066741705
0.9998810220558966 0.004207694437559071 -0.014840385438918791 -0.20110724866390228 -0.0011583234287540717 0.9798417837959161 0.19977171224793452 -0.015382414683699608 0.015381808063096414 -0.19973075385417563 0.9797300781059816 -0.0011584607418626547
0.9998887811276874 0.0034091262924166076 -0.014519064464003641 -0.2222658097743988 -0.00012466321858755735 0.9754000604057965 0.2204420708926731 -0.014913964085280895 0.014913411215059784 -0.22041574358083119 0.9752920025036809 -0.00012467708438634872
0.9998986454560855 0.0026024839872247334 -0.013997353041965577 -0.24183045327663422 0.0008252508181270811 0.9709037228788328 0.23946874506104068 -0.014213774353265762 0.014213295753355896 -0.23945602514265277 0.970803169672776 0.0008253342821262777
0.9999121423462478 0.0019247230638840451 -0.013114992552972141 -0.2597246468067169 0.0015078194881363875 0.966464730665068 0.256794958791813 -0.013169817626476288 0.013169436925258347 -0.2567921724305963 0.9663769172064524 0.0015079508302733302
0.9999268054408131 0.0013738284791655073 -0.012020663718781964 -0.27654990553855896 0.001960334245960652 0.9620077117980192 0.27301523681066464 -0.011939330957829952 0.011939047305975512 -0.27301881809950207 0.961934604904604 0.001960475230589509
0.9999434071790817 0.001201278793512548 -0.010570684384162143 -0.29129695892333984 0.0018850705522009761 0.9578761681042912 0.28717536991680365 -0.010470575653016567 0.010470384334041278 -0.287179044338371 0.9578196946945691 0.0018851750064641237
0.9999596700012333 0.0015322430237330238 -0.008849327790330028 -0.3036925792694092 0.0011841820669492027 0.9542412303898647 0.29903556968506195 -0.00890270620584488 0.008902588604265715 -0.2990339887961792 0.954200931387509 0.0011842292733490467
0.999972568420243 0.0021086276772783494 -0.007100429306814004 -0.31477275490760803 0.00019326648663051517 0.9508671839339287 0.30959903288871127 -0.007404461968690157 0.007404394309299917 -0.3095919123731736 0.9508406926178715 0.00019327178597450256
0.9999831623831482 0.0021663013764810475 -0.005383501513365875 -0.3265118896961212 -0.00032513292650008987 0.9471662295778487 0.3207429310769952 -0.005793929100036621 0.005793896683430058 -0.3207357801768119 0.9471509858916863 -0.0003251383895985782
0.9999921783902939 0.0013559509420015493 -0.0037154481933666665 -0.3373076915740967 -4.992245768477211e-05 0.9436490312465998 0.3309478861317921 -0.0039548384957015514 0.00395482818627121 -0.3309451121022885 0.9436417180845814 -4.9922848120331764e-05
0.9999972994652351 0.0006624841026835917 -0.0022275944537413035 -0.34818214178085327 0.00013730026809393752 0.9399945997922003 0.3411892927835475 -0.0023199613206088543 0.00231995923951884 -0.3411886772393166 0.93999197034486 0.00013730063801631331
0.9999996822548195 0.00029276340956790593 -0.0007414714060342913 -0.3588322699069977 -1.3725827744227898e-05 0.9363075427860363 0.3511811286694894 -0.0007970583392307162 0.0007970582548352599 -0.3511810069060695 0.9363072492972473 -1.3725832104682922e-05
0.9999995909393757 -0.00021130671504787727 0.0008794717467629618 -0.3700729012489319 -0.00012108882418847023 0.9323010133337956 0.36168329498924146 0.0008963586296886206 -0.0008963585096574216 -0.3616832535330467 0.9323006063792793 -0.00012108887312933803
0.9999947851965246 -0.0008638925873698576 0.0031117951979617916 -0.3795456290245056 -0.00035050155391902265 0.9288334350554988 0.370497404945923 0.0032104148995131254 -0.003210409384684608 -0.3704965635638204 0.9288282885759793 -0.00035050336737185717
0.9999732515951716 -0.0039284309302380326 0.0061695643773221 -0.3912331461906433 0.0012789318717542587 0.9244352605968388 0.3813368763947729 0.007201480679214001 -0.007201418432988311 -0.3813187857891101 0.9244155576237734 0.0012789653846994042
0.9999373825662645 -0.007384333713062037 0.008408481559831859 -0.40448662638664246 0.0034791232477558425 0.919284426708295 0.3935785036216133 0.010636301711201668 -0.010636101163246888 -0.3935246046020699 0.9192525544837119 0.0034793270751833916
0.9998991141594602 -0.009896195339037898 0.01018954468748641 -0.4171519875526428 0.004918746861564383 0.9142089225253058 0.40521334122216573 0.013325837440788746 -0.013325443048489176 -0.40512234114268625 0.9141653686694933 0.0049192034639418125
0.9998545951813369 -0.012005309468496282 0.012110369083166244 -0.42806780338287354 0.005894129584800067 0.9097145651326862 0.41519232799015604 0.016002174466848373 -0.01600149153055614 -0.41506057694029835 0.9096530491010208 0.005894918460398912
0.9997865392117382 -0.014588516228510491 0.01463048889360652 -0.4391295909881592 0.006982888661979272 0.9050422466251563 0.42526435436046617 0.019446412101387978 -0.019445186472488735 -0.42507141402115034 0.9049509255783487 0.006984265986829996
0.9996847799751915 -0.017440576937200913 0.018060093079792002 -0.4490630328655243 0.007868903093862813 0.9007448814078286 0.43427726049345067 0.02384384162724018 -0.02384158237308446 -0.4339982544823131 0.9005981867937848 0.007871221750974655
0.9995577624267459 -0.02035021428491971 0.021682904579298872 -0.4574149250984192 0.008678814694568798 0.8970542660238097 0.44183517513206394 0.0284460186958313 -0.028442182545199774 -0.44145159710555143 0.8968341706608995 0.008682436309754848
0.9993834323805002 -0.024252393370237532 0.02538851116519559 -0.4659060537815094 0.010256318946060793 0.8932130567072148 0.4495166773874252 0.03358551859855652 -0.0335792049495916 -0.44897912729164713 0.8929110707407453 0.01026228629052639
0.9991141154034974 -0.029405848032361105 0.030104493069717814 -0.4758300483226776 0.012339076632832263 0.8886174267775978 0.4584831687368792 0.04024432599544525 -0.040233463551328716 -0.45770554391295964 0.8881930552993564 0.012349389493465424
0.9988663292633467 -0.03387448672046289 0.033445110455678065 -0.4860299229621887 0.01431399897398758 0.8837996742140317 0.4676464960764103 0.04541567340493202 -0.04540006274599194 -0.46663760565196255 0.8832826157544726 0.01432926394045353
0.9986032295335223 -0.03810273538359258 0.03660288952401488 -0.4957381784915924 0.01608413367825252 0.8791181946660843 0.47633234243631273 0.050349101424217224 -0.05032783135641172 -0.475078289720055 0.8785031178246484 0.01610523834824562
0.9984252378012979 -0.041086946386626966 0.03819564579954403 -0.505133867263794 0.017446922259863662 0.8745253290421012 0.4846659197503602 0.05334179475903511 -0.053316502371030104 -0.48323628971800825 0.873865000371621 0.017472662031650543
0.9983237865081079 -0.042959740993815734 0.03878244378398509 -0.5136158466339111 0.018334145542676726 0.8703315440907843 0.49212484439191967 0.05492274835705757 -0.054895140033828525 -0.4905888951192185 0.8696603127580165 0.0183628648519516
0.9982861217050906 -0.043759705669928914 0.03885752656423484 -0.5209817886352539 0.018584833642196284 0.8666665552191786 0.49854155897278446 0.05552107095718384 -0.055492550576639696 -0.49696495874880725 0.8659944610713717 0.018614590167999268
0.9982883341519846 -0.044147316230203036 0.03835904542250525 -0.528419017791748 0.018757580221278016 0.8629281507854195 0.5049783755432489 0.055422909557819366 -0.05539454016685841 -0.503394498432121 0.8622792029661713 0.018787531182169914
0.9983533637067793 -0.043993633265114025 0.03681197369734513 -0.5359556674957275 0.01899848884052668 0.85909947085955 0.5114559185214479 0.054152414202690125 -0.05412595123538948 -0.509914364772141 0.8585206590419873 0.019027527421712875
0.9984921531199138 -0.043244812136971345 0.0338128138609688 -0.5448976159095764 0.019430241557043305 0.8545007405802506 0.519086649858035 0.05136346071958542 -0.05134087914122055 -0.5176469555315103 0.8540525414504457 0.019457127898931503
0.9986558813091994 -0.0423390992709084 0.029897013219959332 -0.55506432056427 0.020203864922003933 0.8491838860234484 0.5277106513614523 0.04774899780750275 -0.04773085552092775 -0.5263973103949555 0.8488978955329064 0.020228298380970955
0.9988271166339572 -0.04115321800716125 0.025510855029777152 -0.5668638944625854 0.020997345101275208 0.8429104331164068 0.537644039530068 0.04364300146698952 -0.043629148231351035 -0.5364777855523624 0.8427859058108651 0.02101890556514263
0.9990282535009343 -0.03941604557172471 0.01972115763237281 -0.5817493796348572 0.022079622674224784 0.8348355599424337 0.5500564317578397 0.038154229521751404 -0.03814497305592225 -0.5490864806267687 0.8348946028232977 0.022097501903772354
0.9992055829418228 -0.037445312473168416 0.013640073008561574 -0.597829282283783 0.023261275615330142 0.8259115762467973 0.5633196084624417 0.032364822924137115 -0.03235917295976149 -0.5625548122586079 0.8261264837360214 0.02327556535601616
0.9993061150178096 -0.036202331328626 0.00875669426121787 -0.6136911511421204 0.024543894243742464 0.8168852808487631 0.5762777413608733 0.028019478544592857 -0.028015812380940284 -0.5756629475127003 0.8172070026117164 0.024555999785661697
0.9993362812756119 -0.03597802345448234 0.0057077801762051555 -0.6283912062644958 0.02574145558614275 0.8083158667625345 0.588186056451731 0.02577831596136093 -0.025775461015039143 -0.5876487397827388 0.8087054990793752 0.025752857327461243
0.9993151551273153 -0.036805097266938924 0.003821720560293989 -0.6417706608772278 0.02718593941943658 0.8003321679915928 0.598940185307147 0.02510533481836319 -0.0251026976787861 -0.5984261071285644 0.8007846457545246 0.027197862043976784
0.9992885478888395 -0.03765578062285583 0.0021071886242230095 -0.653546929359436 0.028606310363772803 0.7931795239206192 0.608315643264606 0.02458045445382595 -0.024577979281995576 -0.6078225769241739 0.7936924076212841 0.028618860989809036
0.9992570536361344 -0.038539769105103726 0.00016418208403336243 -0.6639447808265686 0.03024286150067443 0.7867616799284085 0.616515554000448 0.023891812190413475 -0.023889539273130613 -0.6160525506753085 0.7873427110983906 0.030256111174821854
0.9992139582844449 -0.03958195985297894 -0.0021757811766838393 -0.6739292144775391 0.03227764832064511 0.7805045879271691 0.6243162192699535 0.02301548421382904 -0.023013452335979585 -0.6238957097775534 0.7811686913418526 0.03229181095957756
0.9991920435307231 -0.03982417172260824 -0.005412530970442579 -0.6841962933540344 0.034274277472884376 0.7740169980255679 0.6322364752774073 0.020990444347262383 -0.020988902987281653 -0.6319111663154057 0.7747565706964312 0.034288547933101654
0.9992199448792423 -0.038089762743943725 -0.010424573355021139 -0.6962624192237854 0.0359051603255758 0.7663711395228551 0.6413938696062158 0.01644218899309635 -0.016441448157593592 -0.6412678430114446 0.7671409468291538 0.0359177365899086
0.9992275542624348 -0.03622341510296616 -0.015236764780988735 -0.7085127830505371 0.03741748579270002 0.7585062111736262 0.6505907003393021 0.012009724974632263 -0.012009436275948495 -0.6506582757556448 0.7592756954038666 0.037428922951221466
0.9992069813385829 -0.03534613391904193 -0.01833191919069114 -0.7194535136222839 0.03866466305550829 0.7513611403184182 0.6587575279647363 0.009510783478617668 -0.00951064009627579 -0.6589439184303801 0.7521319432709767 0.038676053285598755
0.9991885026237941 -0.03467903561361977 -0.020486598383560675 -0.728955864906311 0.03951079596860142 0.7450818973381491 0.665801669614091 0.007825246080756187 -0.007825166218526523 -0.6660708151149494 0.7458474616339184 0.03952229395508766
0.9991798207872796 -0.03327946513435685 -0.023068656915197307 -0.7382105588912964 0.040139790198135225 0.738933667422007 0.6725814689635096 0.0053369696252048016 -0.005336944289538847 -0.6729558026725335 0.7396634401368074 0.04015114903450012
0.9991680184060578 -0.032062670452887396 -0.025204288483133254 -0.7465135455131531 0.040651554946310176 0.7333637319828674 0.6786199876901712 0.003274463815614581 -0.003274457964089058 -0.6790799818692865 0.7340569842658339 0.0406629778444767
0.9991501646290547 -0.031413246393114214 -0.02668625999982664 -0.7540121674537659 0.041167124981213485 0.7282723199823528 0.684050214361711 0.0020533748902380466 -0.002053373447281015 -0.6845674808947377 0.7289466014454823 0.04117884859442711
0.9991356395852319 -0.031104812793498762 -0.027576517758613462 -0.7627337574958801 0.04153979993155766 0.722281309778603 0.6903507474944542 0.001555228023789823 -0.0015552273968426956 -0.6908995586665163 0.722949086106454 0.04155180603265762
0.9991268495045228 -0.030408962483674213 -0.0286501937137128 -0.7713415622711182 0.04177447587622331 0.7163311066840832 0.6965088935268692 0.0006570878904312849 -0.000657087843146749 -0.6970975832675245 0.7169759602930514 0.041786644607782364
0.9991282017049149 -0.028827612771351156 -0.030196113985211572 -0.7796364426612854 0.041729778719246005 0.7105851705471445 0.7023726510667455 -0.001209184294566512 0.0012091839999031017 -0.7030204009418151 0.7111686535089015 0.041741929948329926
0.9991256514183604 -0.026575859379291557 -0.03227470179705827 -0.7868841886520386 0.04161924496135681 0.705560493247006 0.707426482977481 -0.003971298225224018 0.003971287786536138 -0.7081511943556218 0.7060496546320398 0.04163159802556038
0.9991086089064363 -0.025195477961482735 -0.03386997932296895 -0.7926228046417236 0.04180809727580295 0.7015397918036723 0.7114028419385441 -0.0058370367623865604 0.005837003616831555 -0.7121847431715682 0.701967820475002 0.04182099923491478
0.9990871776418621 -0.024512505663952945 -0.03498497588527144 -0.7969245910644531 0.04215262001062014 0.6984971490246558 0.7143702747389955 -0.006925955880433321 0.006925900508859187 -0.7151928899747971 0.6988928115466914 0.042166125029325485
0.9990551911205241 -0.024310478243732198 -0.03602396067472286 -0.8010692596435547 0.042786203503770374 0.6955360614165741 0.7172160957890262 -0.007620171178132296 0.007620097431588618 -0.7180797921656623 0.6959190658391623 0.04280051216483116
0.999012907826635 -0.023450970636543358 -0.03772614440908585 -0.8057729005813599 0.04345357722870012 0.6921886901090779 0.72040724865253 -0.009219491854310036 0.00921936124688758 -0.721335476225371 0.6925244646342226 0.04346911236643791
0.9989385139115567 -0.02112615365537107 -0.04093325122562426 -0.8120973110198975 0.04423723483339859 0.6877165706865612 0.7246302405071229 -0.012842178344726562 0.012841825355655829 -0.7256718294345217 0.6879211317343648 0.0442553274333477
0.9988356919245055 -0.018218410435672728 -0.04466934137517186 -0.8196887373924255 0.04507678897854797 0.6823211713110647 0.7296614984196989 -0.01718641072511673 0.01718556467148303 -0.7308254981196907 0.6823479667039598 0.04509873315691948
0.9987267091321912 -0.01622446508588512 -0.04776742821903199 -0.8287843465805054 0.04616435856281311 0.6757439205395337 0.7356894765132531 -0.020343784242868423 0.020342380993077055 -0.7369578825051927 0.6756324940002479 0.04619033634662628
0.9986489680817251 -0.01616910644875732 -0.049384193280384944 -0.8387683629989624 0.04752958503474369 0.6683664697782256 0.742312064176932 -0.02100576087832451 0.02100421614178286 -0.7436563870988006 0.6682319962643424 0.047557998448610306
0.9985961218221883 -0.01720126966986593 -0.050098920182273694 -0.84928959608078 0.048966570464869554 0.6604668405244679 0.7492568501819226 -0.020201880484819412 0.020200506394500228 -0.7506581571456954 0.6603819127232621 0.04899616539478302
0.9985268106522571 -0.017105596352822564 -0.0514937567288081 -0.860876739025116 0.050191894378537834 0.6517358447459544 0.7567834316447282 -0.020616555586457253 0.020615095132573813 -0.7582531155535674 0.6516342767273553 0.05022367462515831
0.9983934725883695 -0.01394945274881344 -0.05491708897005576 -0.8748233914375305 0.05107310312935463 0.6412571444992421 0.7656244593568157 -0.024538395926356316 0.02453593343801505 -0.7671992488243758 0.6409393891575385 0.051110733300447464
0.9982109858431132 -0.00891113755742266 -0.05912207176302753 -0.8891232013702393 0.05150052119348105 0.6304714089466192 0.7745020973616951 -0.03037775307893753 0.030373081156176682 -0.7761613196548108 0.6298024148991356 0.05154711753129959
0.9981379448935804 -0.0075193330831068855 -0.060531831242786084 -0.9011564254760742 0.052100740919660105 0.6211562170297626 0.7819529825001609 -0.03172527998685837 0.031719958373905434 -0.7836506962130895 0.6203913527488096 0.052150607109069824
0.9981371857357773 -0.00867915257521399 -0.06038899537199342 -0.9117091298103333 0.05303154733731802 0.6127981032960531 0.7884580772519041 -0.03016768954694271 0.03016311387228256 -0.7901918481655806 0.6121168431387848 0.05308061093091965
0.9982208430672852 -0.012488767485324806 -0.058302479816349215 -0.9214291572570801 0.05397037592531013 0.6048904308500057 0.7944776681496939 -0.025347279384732246 0.025344565265930666 -0.7962107744515845 0.6044882593224528 0.05401397868990898
0.9982667165609136 -0.01489262229254389 -0.05693656477119331 -0.9295741319656372 0.05452199683425658 0.5982534351570761 0.7994499228744497 -0.02215840294957161 0.022156589717237236 -0.801168544766961 0.5980284678910296 0.05456245318055153
0.9982057231342425 -0.013748767169342736 -0.05827783200640991 -0.9382870197296143 0.05511655956742888 0.5913118276969813 0.8045573238042805 -0.023400835692882538 0.02339870003855333 -0.8063257988102445 0.5910086353087636 0.05515962094068527
0.9980347913398211 -0.009597719402469465 -0.06192284762146405 -0.9475663304328918 0.05586047988168004 0.5840372612695814 0.809802497054754 -0.028396809473633766 0.02839299319670285 -0.8116701061582827 0.5834256393974591 0.055912137031555176
0.9978764821745538 -0.005789335942116371 -0.06487688272633543 -0.9568982720375061 0.05633579407654965 0.5766485801591892 0.8150476632112724 -0.03269840404391289 0.03269257757812858 -0.8169717856754544 0.5757502034576779 0.05639581382274628
0.9977910081149511 -0.004305614349474022 -0.06629152140374368 -0.9655054807662964 0.05693045568399548 0.5696810335782594 0.8198917265083352 -0.03424157574772835 0.03423488484809069 -0.8218545988593601 0.5686677333849339 0.05699469894170761
0.9977545128849512 -0.0038422419805370124 -0.06686680188461877 -0.9732939600944519 0.057409054251729916 0.5632887351354374 0.8242633082695365 -0.03450514376163483 0.03449829717008925 -0.8262511954884435 0.5622444570169476 0.05747488513588905
0.9977611316136591 -0.004418132841338393 -0.0667323335664705 -0.98033607006073 0.05786071282401937 0.5574225515248816 0.8282102613243735 -0.03354525566101074 0.03353896469074082 -0.8302171879416175 0.5564301921119902 0.057925671339035034
0.997751143608723 -0.0044586241762880376 -0.06687881651121001 -0.9873881936073303 0.058240445097783075 0.5515489495026594 0.832106848221624 -0.03318297863006592 0.03317688928000324 -0.8341306114590012 0.5505682673790191 0.05830555409193039
0.9977332503554948 -0.0037484844170515737 -0.0671886151043065 -0.9948701858520508 0.0583589882184107 0.5453233478362036 0.8361917691527694 -0.033511340618133545 0.0335050687088226 -0.8382173913545877 0.544305994089287 0.05842500552535057
0.9977215757754745 -0.0027761416003257364 -0.06740882931722683 -1.0035429000854492 0.05830931826628249 0.538072257133948 0.840879461936192 -0.03394293785095215 0.03393642048633671 -0.8428941446828263 0.5370081751928746 0.05837607383728027
0.9977069888447545 -0.0024968633902075037 -0.06763527248073672 -1.0131843090057373 0.05867779674102624 0.5299289837892224 0.8460095675048485 -0.03373591974377632 0.033729520897155835 -0.8480383469002641 0.5288603611604066 0.05874498561024666
0.9976853165038259 -0.0024207920790635766 -0.06795696431103107 -1.022705316543579 0.05923098607413605 0.5218325545895318 0.8509891158288976 -0.03340830281376839 0.03340208857760707 -0.8530445033738119 0.5207680632895804 0.0592988021671772
0.9976663513547318 -0.0027741332211652786 -0.06822137172036431 -1.032800555229187 0.059973792217734676 0.5131741759423474 0.8561865505793212 -0.032640065997838974 0.032634270660777516 -0.858280006367831 0.5121429830112634 0.060041822493076324
0.9976593144583544 -0.0035661054985289056 -0.06828744515692199 -1.0436594486236572 0.0607816065926803 0.5037764445022204 0.861693037145313 -0.03133384510874748 0.031328718047486555 -0.8638267053386777 0.502814015883832 0.06084899976849556
0.9976268085794765 -0.004280448481110272 -0.06871992843658359 -1.0548465251922607 0.06185778635580405 0.49404330471245966 0.8672340095590989 -0.030243080109357834 0.03023847004542907 -0.8694267598996435 0.4931356244480006 0.06192565709352493
0.9975686470119008 -0.00473887778097748 -0.06952940051677665 -1.0662102699279785 0.06312773155846356 0.48411226799561796 0.8727257309627243 -0.029528586193919182 0.029524295201205853 -0.8749930599802012 0.48323437479069725 0.06319732218980789
0.9974431370268267 -0.004358383313496191 -0.07133157010031117 -1.0787365436553955 0.06489891929380034 0.4731577073563034 0.8785840393746199 -0.029926342889666557 0.029921876154074246 -0.880966962186562 0.47223076230080646 0.06497369706630707
0.9972765756347093 -0.003726826900602956 -0.07365828162237342 -1.092186450958252 0.0670665219339138 0.4613353071697682 0.8846874114591342 -0.030688906088471413 0.030684089134204243 -0.8872180369671417 0.4603288406717264 0.06714856624603271
0.9971066322275328 -0.003781115130627035 -0.07592145372841858 -1.1067509651184082 0.06955227133896981 0.4483931055969679 0.891126312261453 -0.03067801706492901 0.030673205236130457 -0.8938284656585262 0.44735872458136644 0.06964129209518433
0.9969561564232903 -0.004078941883131709 -0.07785746208819107 -1.120496153831482 0.0718386758263948 0.4360703707431616 0.8970405990898248 -0.030296990647912025 0.030292355887422077 -0.8999033248038568 0.4350360665298385 0.07193367928266525
0.9968034865288986 -0.0034091033721940327 -0.07981971722594247 -1.1335865259170532 0.07372008884686057 0.4243176116518431 0.9025075694654792 -0.030797038227319717 0.030792170177541982 -0.9055070085075396 0.4232125940936587 0.07382209599018097
0.9966948526181972 -0.0024885716592863254 -0.08119838530098084 -1.1458961963653564 0.07496734715993447 0.4132070521471804 0.9075460478210674 -0.03129836171865463 0.031293252055224416 -0.9106337019169309 0.4120279035561479 0.07507458329200745
0.9966061669916138 -0.0011374327289458905 -0.08230950225259917 -1.157384991645813 0.07579322103611263 0.4028092108284943 0.9121404098693887 -0.03212305158376694 0.03211752729047608 -0.9152832599356948 0.4015283533229413 0.0759052112698555
0.9965971854069889 -0.0008321148699924792 -0.08242182734998604 -1.168113112449646 0.07611713521419915 0.3929661557321462 0.9163971749061004 -0.0316317155957222 0.031626440926084215 -0.9195525586033361 0.3916923029629344 0.0762290358543396
0.9966404112581596 -0.00188608229399638 -0.08187999353167262 -1.1781938076019287 0.07633825484224672 0.38357042943312347 0.9203511267511597 -0.02967524155974388 0.029670886316500066 -0.9235097012798887 0.38242577076750967 0.07644631713628769
0.9966510569942283 -0.003345692732995613 -0.08170359191873927 -1.1882508993148804 0.07701765197066059 0.3741374693747519 0.9241695922798926 -0.02747984603047371 0.027476387630358187 -0.9273672197948303 0.37314218171200286 0.07712317258119583
0.9966502677391125 -0.003694839217375439 -0.0816981761039557 -1.1976760625839233 0.07739671780910129 0.3653333357985184 0.9276536540254156 -0.026422610506415367 0.026419536103678205 -0.9308694333350326 0.3643955353658737 0.07750130444765091
0.9966077235397065 -0.002613606393748441 -0.08225700239263706 -1.2072018384933472 0.07778076445423653 0.35651350362870887 0.9310468701474148 -0.026895584538578987 0.02689234206829737 -0.9342865142941972 0.3555073995658607 0.0778876319527626
0.996553117006496 -0.00131142668779919 -0.08294676090529317 -1.2158092260360718 0.07820094680752125 0.3485438710419061 0.934024508178201 -0.027689218521118164 0.027685680469234916 -0.9372915502228566 0.3474450359089762 0.07831095159053802
0.9965019586635762 -0.0006986564901276943 -0.08356649004693803 -1.2232261896133423 0.07877678354170951 0.3416216837030434 0.9365302149950744 -0.027897430583834648 0.0278938121180816 -0.9398372928879799 0.3404817148431243 0.07888925075531006
0.9964161117090427 -0.0004633691688711028 -0.08458556387260052 -1.2311038970947266 0.07987553746778765 0.33422882924840236 0.9391011597338564 -0.027839379385113716 0.027835783460583467 -0.9424918434598019 0.33306800232216827 0.07999178022146225
0.9963187912722866 -0.00020647398328825853 -0.08572527938842735 -1.2386456727981567 0.08107568131630899 0.3271379330142668 0.9414921702713461 -0.02785319834947586 0.027849597067570016 -0.9449765765095172 0.3259504100189578 0.08119633048772812
0.9962102226986387 8.419727043304862e-05 -0.08697807253295638 -1.2455068826675415 0.08235764579512643 0.3206802584525445 0.9436002278602383 -0.02797524817287922 0.02797159934313845 -0.9471875024247463 0.31945801739909113 0.08248338103294373
0.9960607097132977 -0.00012458230383646796 -0.0886738238979867 -1.252320408821106 0.08422132129463229 0.3142262713656295 0.9456048960443469 -0.027749400585889816 0.027745839414728555 -0.9493481104752374 0.3129989353532512 0.08435375988483429
0.995906973795336 -0.0005965098418530233 -0.09038220910015782 -1.2591363191604614 0.08617902628047665 0.3077333935411759 0.9475617837001346 -0.027251766994595528 0.02724839399239878 -0.9514724392622417 0.3065252393346993 0.08631818741559982
0.9957563459887177 -0.0009207733160472194 -0.0920241902963437 -1.2664834260940552 0.08804022555096962 0.30072520348430914 0.9496384947306291 -0.026802800595760345 0.02679959156650754 -0.9537103879930329 0.29953009485867543 0.088186115026474
0.9955928923466812 -0.0005906751116813401 -0.09377869593720173 -1.2753369808197021 0.08985470919942909 0.292309509186667 0.9520931057799632 -0.026853254064917564 0.0268500268799815 -0.9563235864193471 0.291074344651984 0.09000860154628754
0.9954397638049783 -0.0006098215361555817 -0.09539027599070649 -1.2863861322402954 0.09169759464916932 0.2817232008819189 0.9551039677545071 -0.026294240728020668 0.02629121091630714 -0.9594955269320123 0.2804943957123105 0.09185843169689178
0.9952773644904734 0.00019812724097097514 -0.09707176972989459 -1.2995175123214722 0.09343629287925204 0.26916054634181924 0.9585521683591124 -0.026320844888687134 0.02631780587130944 -0.9630953021578756 0.2678708869129871 0.09360530227422714
0.9951361022927634 0.0023295991251783346 -0.09848203329279376 -1.3137441873550415 0.09461844187152646 0.255598741645471 0.9621416910866385 -0.02741672284901142 0.027413288226178497 -0.9667801488638292 0.25413511247259934 0.09479592740535736
0.9950592580989014 0.00426603904016459 -0.0991910972949271 -1.3274520635604858 0.0952029966305671 0.2424581526383573 0.965479380231269 -0.028172189369797707 0.02816846293684009 -0.9701524855042648 0.2408540897839873 0.0953853651881218
0.9950116397323051 0.005925972848447869 -0.09958272763400651 -1.3414227962493896 0.09558822218420697 0.22898357206988187 0.9687256657598062 -0.02854732796549797 0.02854345068298415 -0.9734122490332227 0.22727486630771865 0.09577353298664093
0.9949909021497961 0.0068462574868177785 -0.0997308046571315 -1.3552322387695312 0.09592019277365772 0.21555013541832632 0.9717702690139298 -0.02815369702875614 0.02814997792892689 -0.9764687746567042 0.21381372936047757 0.09610609710216522
0.9949746071442404 0.007048256879242657 -0.09987919309410186 -1.3682422637939453 0.09638387550343258 0.2027962885791633 0.9744659121187643 -0.027126742526888847 0.02712341573444401 -0.9791955817983867 0.20109781924579787 0.09656937420368195
0.9949152622140806 0.00818838576329392 -0.10038212665648659 -1.3811707496643066 0.09700371112686326 0.19018335355666308 0.9769445081771828 -0.027093922719359398 0.027090607986966542 -0.9817144403381938 0.18842201726540272 0.09719227254390717
0.9948460946852842 0.009740804819639088 -0.10092752157317668 -1.3933900594711304 0.09758740416433792 0.17827967015324447 0.9791287237940252 -0.027534306049346924 0.027530827047230314 -0.9839316418997389 0.17641025375691585 0.09778014570474625
0.9947803549963071 0.010993702704443515 -0.10144547212304425 -1.4049590826034546 0.09820111009227742 0.1669657916567605 0.981060123740169 -0.02772695943713188 0.027723406898601893 -0.9859013961432844 0.16501469568695082 0.09839757531881332
0.9947127734065208 0.012253665173271481 -0.10196247403691744 -1.4152781963348389 0.09879508514464769 0.15687112568406913 0.9826652436500819 -0.02803989313542843 0.028036218952803255 -0.9875430611454036 0.15483111060247592 0.09899555146694183
0.9946477759928025 0.01339402883915469 -0.10245194826857952 -1.4255071878433228 0.09939373909045815 0.14683803801771173 0.9841541928075737 -0.028229381889104843 0.02822563271548997 -0.9890698613255612 0.14472084533765456 0.09959793835878372
0.9945774750107599 0.014290258514250549 -0.1030118183162355 -1.4349558353424072 0.1000876635323982 0.13754517644041483 0.9854256867195011 -0.028254525735974312 0.028250766535559114 -0.9903924035197216 0.13536905569805194 0.10029569268226624
0.9945070392596767 0.015792047068918756 -0.1034715425241409 -1.4436601400375366 0.10059197077972662 0.1290382473364042 0.9865243971331878 -0.028935063630342484 0.02893102621067336 -0.9915138637324856 0.12674089217247644 0.10080473124980927
0.9944562019740439 0.017684903433157748 -0.10365378211102334 -1.4510458707809448 0.10075309007412152 0.12186776270026038 0.9874193958267932 -0.030099015682935715 0.030094471184514488 -0.992388780974973 0.11941034376942189 0.10097022354602814
0.9943863100623849 0.01955496168527463 -0.10398783502892084 -1.4578971862792969 0.10107319554544487 0.11522756723305726 0.9881835947291291 -0.0313112735748291 0.031306157585160116 -0.9931466212111073 0.11260423293204572 0.10129590332508087
0.9943260067609045 0.019860243910968602 -0.10450532517872352 -1.4646148681640625 0.1017630410941628 0.10856821374441059 0.988866637333678 -0.030990049242973328 0.030985089094298958 -0.9938905944198008 0.10593115961639211 0.10198864340782166
0.9942265310953382 0.018340597602867485 -0.10572240701809807 -1.4712358713150024 0.10333266292704506 0.10183764311345514 0.9894197568360471 -0.0289171002805233 0.028913070375461446 -0.9946319504845329 0.09935450385763787 0.10356089472770691
0.9941008379567229 0.01629867676864314 -0.10722815446202814 -1.4780343770980835 0.10522098924535007 0.09487154143176522 0.9899130941898843 -0.026310209184885025 0.026307173849944337 -0.9953560889259442 0.09259691594257692 0.1054527536034584
0.9939910356609988 0.014769649380975214 -0.108460492727713 -1.4836652278900146 0.10673227610278348 0.08910705598128665 0.9902869047969215 -0.02429317496716976 0.024290785567667967 -0.9959125413566751 0.08699521656387015 0.10696765035390854
0.9938540081018179 0.013122212636084818 -0.10991823377167703 -1.4890555143356323 0.10845310262655544 0.08356646649104114 0.9905829446385978 -0.02218593843281269 0.022184118432461992 -0.9964158033741412 0.08162972299131871 0.1086936965584755
0.9937120043932556 0.012749686863576925 -0.1112380232187681 -1.4938114881515503 0.10990282075822361 0.07878785420753927 0.9908147374856499 -0.02139841578900814 0.021396782798454382 -0.9968098712965539 0.07689120997632626 0.11015059798955917
0.9936068570767534 0.014980741896015686 -0.11189723384561849 -1.4981848001480103 0.11048580989732956 0.07466068388231932 0.9910694567453664 -0.02320336177945137 0.023201279735980497 -0.9970964645682329 0.07252820805826816 0.11074177175760269
0.9935034051930374 0.017997686566793736 -0.11237022358295404 -1.5022245645523071 0.11083602692302896 0.07095093542334728 0.991302849737894 -0.025816798210144043 0.02581393045929331 -0.9973174259185464 0.06849520387185742 0.11110139638185501
0.9933976175408302 0.02050079154207203 -0.11287555541547034 -1.5056190490722656 0.1112570633480556 0.06783436231957235 0.9914738348256417 -0.027986492961645126 0.02798283973025522 -0.997485948189169 0.06510563605238305 0.11153173446655273
0.9932853750723565 0.02287860960727984 -0.11340517135389325 -1.5085792541503906 0.1117126734016241 0.0651420514014231 0.9916031422603885 -0.030078481882810593 0.03007394667864991 -0.99761369395255 0.06214881631630395 0.11199721693992615
0.9931559592160581 0.025716368713001377 -0.11392940381590894 -1.5110657215118408 0.1121311704972048 0.06297784284845094 0.9916957153850583 -0.032683659344911575 0.032677840757281855 -0.9976835468676292 0.059663213398784914 0.11242778599262238
0.9930376593503697 0.027604989852234314 -0.11451712381647128 -1.5128942728042603 0.11266097875012095 0.061372747721278806 0.9917363004872842 -0.03441189229488373 0.034405101060798624 -0.9977331057815002 0.05783544456989957 0.1129678413271904
0.9929136312339684 0.028953288816640547 -0.11525722526798689 -1.5139917135238647 0.11335530020383691 0.060448285654394 0.9917139611183977 -0.03568805754184723 0.03568048241648771 -0.9977513276504046 0.056737918065273854 0.1136721670627594
0.9927624603699382 0.0304398552582973 -0.1161727700112238 -1.5145950317382812 0.11420055537720573 0.06004373288795105 0.9916415598856363 -0.037169430404901505 0.03716087232243822 -0.9977315096521379 0.056132915615538355 0.11452970653772354
0.9926008146601614 0.03236543986075976 -0.1170303423843733 -1.5143283605575562 0.11492886078873485 0.06056246561041774 0.9915258668925336 -0.039188846945762634 0.03917881690132701 -0.9976395471621033 0.05639462957060523 0.11527228355407715
0.9924471181068123 0.034216252312324495 -0.11780477850742006 -1.512883186340332 0.11552838080755184 0.06225464839267799 0.9913513766478005 -0.04126593470573425 0.04125422389850812 -0.9974736120976853 0.05783149815912067 0.11588602513074875
0.9923290182103902 0.03526037267981914 -0.11848977059680392 -1.5109150409698486 0.11606188143944998 0.06437746168060843 0.991153460420886 -0.04258938506245613 0.04257651106347264 -0.9973024859820826 0.05979123815091918 0.11643009632825851
0.9922693830905098 0.03569345108379715 -0.11885894552328671 -1.5086565017700195 0.11630380082485603 0.06670858185245701 0.990970933489437 -0.04331362619996071 0.04330008423630692 -0.997133863960583 0.0620415993359786 0.11667753756046295
0.9922624822662939 0.03579218933449427 -0.11888685995254704 -1.5064046382904053 0.11622639141076888 0.06897955630964325 0.9908245287390475 -0.04367842897772789 0.043664541980462435 -0.9969757970953801 0.06428582876239493 0.1166013851761818
0.9922686825215679 0.03545709253680932 -0.11893551309742663 -1.5045989751815796 0.11621923355140279 0.07075409617485864 0.990700230961517 -0.043556295335292816 0.04354252449774237 -0.9968634071242233 0.06608627767584214 0.11659354716539383
0.9922377034586308 0.03578777904632706 -0.11909481393441726 -1.5026031732559204 0.11626609360387036 0.07279996174571626 0.9905464961564996 -0.044133882969617844 0.04411955703810104 -0.9967042692999531 0.06807396158597079 0.1166437417268753
0.9921788306906764 0.0365210355825734 -0.11936239730023275 -1.4993122816085815 0.11632977239189456 0.07619439903149487 0.9902836955193595 -0.045276399701833725 0.045260932210154564 -0.9964239195825269 0.07134998597941035 0.11671391129493713
0.9921228850907463 0.037530962201313356 -0.11951404836025509 -1.494601845741272 0.11618275696495468 0.081036016622569 0.9899165272859973 -0.04685460403561592 0.0468374621775783 -0.9960043126845336 0.07603723594774874 0.1165742576122284
0.9920193047515785 0.038987072720253396 -0.11990707719271804 -1.4884511232376099 0.11615402386671415 0.087379019109846 0.9893801846403494 -0.0490700900554657 0.04905039999597933 -0.9954119324079387 0.08215316841198268 0.11655774712562561
0.9918907877269494 0.040444156683361404 -0.1204862457402655 -1.4808752536773682 0.11621345693748894 0.09515277743936695 0.9886558457684922 -0.051472678780555725 0.05144995285761045 -0.9946407487810591 0.08968100810764591 0.11663182079792023
0.9917802237236658 0.041595963151252156 -0.1210031556619706 -1.4714372158050537 0.11611207518721775 0.10474302658825682 0.9876977697539109 -0.05378440394997597 0.05375847678602238 -0.9936290425660129 0.0990522687422923 0.11654386669397354
0.9916633084494864 0.042840597709748685 -0.12152598842589353 -1.4607102870941162 0.11589950953427886 0.11561856302797663 0.9865088198151395 -0.056343093514442444 0.05631328763917567 -0.9923694025267089 0.10968948246778354 0.11634602397680283
0.9915869664264342 0.04366292665151829 -0.12185580351155179 -1.449552297592163 0.11548241373655646 0.1268497462774115 0.9851766105561659 -0.05850644409656525 0.05847307184337571 -0.9909604889729865 0.12074025494266176 0.1159399151802063
0.9915384380731657 0.04319268848673087 -0.12241698201113832 -1.4371860027313232 0.11536724027002829 0.13913736565257842 0.9835299656602936 -0.05954926833510399 0.05951407981229904 -0.9893306753257723 0.13297702494621536 0.1158309355378151
0.9915854237470223 0.04172243582826114 -0.12254625967770194 -1.4246574640274048 0.11496024822002764 0.15143174665239587 0.9817599337083349 -0.05955400690436363 0.05951880998161639 -0.9875867883150125 0.14536109109390663 0.11542051285505295
0.9916814692563248 0.04009949988264028 -0.1223106440289602 -1.411225438117981 0.11418308986460468 0.1645614522097428 0.9797355512767679 -0.059449534863233566 0.05941452282555585 -0.985551398231357 0.158613857911687 0.11463607847690582
0.9917186072914487 0.039471395495734404 -0.12221379991444828 -1.3979650735855103 0.11339839191040618 0.17760608116565524 0.9775463593329539 -0.060327619314193726 0.06029103303181497 -0.9833097624200616 0.17165926268441967 0.11385085433721542
